#F ./vortex/20151023_115_mca
#E 1445724854
#D Sat Oct 24 17:14:14 2015
#C surf  User = epics

#C Saving MCA data for Scan:115 in Datafile:20151023

#S 1 mca_save_point Point:0 Scan:115 Datafile:20151023
#D Sat Oct 24 17:14:14 2015
#U Epics mca: dp_vortex_xrd45:mca1
#T 300  (Seconds)
#Q 0 1.39474e-08 0.0159825
#Energy 10
#Monc 5736191 73743200
#@MCA %32C
#@CHANN 1000 0 999 1
#@CTIME 300 300 296.233
#@CALIB -17.487 5.2147 0
#N 1
#L Epics MCA
@A 0 0 0 0 0 0 0 0 0 0 0 0 0 0 0 0 0 0 0 0 0 0 0 0 0 0 0 0 0 0 0 0\
 0 0 0 0 0 0 0 0 0 0 0 0 0 0 0 0 0 0 0 0 0 0 0 0 0 0 0 0 0 0 0 0\
 0 0 0 0 0 0 0 0 0 0 0 0 0 0 0 0 0 0 0 0 0 0 0 0 0 0 0 0 0 0 0 0\
 0 0 0 0 0 0 0 0 0 0 0 0 0 0 0 0 0 0 0 0 0 0 0 0 0 0 0 0 0 0 0 0\
 0 0 0 0 0 0 0 0 0 0 0 0 0 0 0 0 0 0 0 0 0 0 0 0 0 0 0 0 0 0 0 0\
 0 0 0 0 0 1 0 0 0 0 0 0 0 0 0 0 0 1 0 1 0 1 2 0 2 1 1 0 3 0 0 2\
 0 1 0 1 1 0 3 0 0 0 1 0 1 0 4 0 1 0 1 0 1 1 2 1 1 1 2 1 0 0 1 1\
 2 0 0 1 0 0 0 1 0 1 1 0 0 0 0 1 0 2 0 0 0 0 1 0 1 2 0 1 1 2 0 2\
 2 2 0 1 0 1 1 3 1 0 1 0 0 1 1 0 1 1 1 1 0 0 1 1 0 0 0 0 1 0 0 2\
 1 1 0 1 0 0 0 0 0 0 0 1 0 0 0 1 1 0 0 0 0 0 2 1 1 0 1 0 0 0 1 1\
 0 0 1 1 1 1 0 2 1 0 2 1 2 0 1 2 0 2 0 1 2 0 2 1 0 1 1 1 0 0 0 1\
 0 0 0 1 2 1 0 1 2 1 0 0 0 4 1 1 1 1 1 0 0 1 0 4 0 0 0 0 1 0 4 3\
 0 1 0 1 1 2 2 1 1 0 1 0 1 0 2 0 0 3 0 1 1 1 1 2 0 1 0 3 1 0 0 0\
 0 0 0 1 0 0 0 0 2 1 1 0 2 0 1 0 0 0 2 3 0 0 1 0 0 0 0 1 1 0 0 1\
 0 1 3 0 1 2 1 0 0 0 1 2 1 0 1 0 0 1 0 0 0 1 1 1 0 0 1 1 0 1 0 0\
 0 0 1 1 0 1 1 2 0 1 2 1 0 1 0 3 1 1 0 2 1 1 0 1 0 0 2 1 1 3 0 1\
 0 1 0 3 0 0 0 0 1 2 0 0 0 0 1 2 0 0 0 1 0 0 1 0 0 0 1 1 0 0 0 0\
 0 2 1 0 0 0 0 1 0 0 2 2 1 0 1 0 0 1 0 1 0 2 3 2 4 1 1 3 1 4 1 3\
 2 3 0 1 0 1 4 2 0 3 1 0 1 3 0 2 3 0 0 0 1 0 0 1 1 1 0 1 0 1 0 0\
 0 0 2 2 1 0 0 1 1 0 2 2 0 2 0 2 1 1 2 1 2 2 1 0 0 1 0 0 1 0 1 1\
 1 1 0 0 0 1 1 2 0 1 2 1 1 1 0 1 0 0 2 0 0 2 0 0 0 3 1 0 1 0 0 2\
 0 3 1 1 0 0 0 2 2 0 2 2 1 3 1 0 1 0 4 7 9 6 5 3 6 3 15 13 20 16 26 22\
 32 27 24 24 35 45 49 49 34 46 47 51 47 51 23 45 39 25 23 32 26 23 21 19 11 8 6 10 5 4 6 6\
 5 2 2 1 3 3 0 2 2 1 0 0 0 1 2 2 3 4 5 2 0 2 2 2 6 6 6 2 4 8 5 10\
 4 9 5 8 8 7 10 6 9 7 5 8 9 7 3 4 6 6 2 5 4 1 2 2 1 3 6 5 2 0 2 1\
 1 0 0 1 1 0 1 0 4 0 2 1 0 0 0 0 1 1 1 0 0 0 2 1 0 0 1 1 1 0 0 0\
 2 0 0 0 0 2 1 0 1 0 1 1 0 0 1 0 1 0 0 0 0 0 1 0 1 5 1 0 0 1 1 2\
 0 0 2 0 1 2 2 0 1 1 0 1 0 0 0 0 0 1 0 1 0 1 0 0 1 0 1 0 0 0 1 0\
 0 0 0 0 0 0 0 1 0 1 0 1 0 0 1 0 2 0 1 0 1 0 0 2 1 0 1 0 1 0 0 1\
 1 1 0 0 1 1 0 0 0 1 0 1 3 0 0 1 0 0 0 0 0 0 1 0 0 0 1 0 1 0 0 1\
 0 0 0 0 0 1 1 0 0 0 1 0 1 0 0 0 2 0 0 0 1 0 0 1 0 0 0 1 0 0 0 0\
 0 0 0 0 0 0 1 0 0 0 0 0 1 0 1 1 2 1 0 0 0 0 1 3 0 0 0 0 0 0 1 0\
 0 1 1 2 0 1 0 0 0 1 0 2 0 0 0 0 1 2 0 0 1 0 0 1 0 0 0 0 0 0 1 0\
 0 2 1 0 0 1 2 2 0 2 1 1 0 1 0 0 1 0 1 0 1 1 0 1 0 1 0 2 0 0 0 1\
 0 1 1 0 3 1 0 0 2 0 2 0 0 0 0 0 0 0 0 1 1 2 0 1 0 0 0 0 0 0 1 0\
 1 0 1 1 2 2 1 1 0 1 0 0 0 0 0 0 0 0 1 1 0 0 0 3 0 0 1 0 0 0 0 2\
 1 2 0 0 0 0 0 0 1 0 1 1 0 0 0 1 0 0 0 1 0 1 1 0 0 0 0 1 1 0 0 2\
 0 2 1 0 0 0 1 0 1 2 1 1 0 0 0 1 0 0 0 1 0 1 2 0 1 1 0 1 1 2 1 1\
 1 2 2 2 0 2 0 1 0 0 2 1 2 0 0 2 0 3 1 3 1 0 0 0 3 1 1 2 0 1 1 2\
 1 2 2 0 0 0 0 2 1 0 0 0 1 1 3 1 0 0 1 0 0 0 2 0 0 1 0 2 0 0 1 0\
 1 0 0 1 0 0 1 1 1 1 0 0 2 0 1 0 0 2 0 0 1 0 1 0 0 0 1 0 0 1 1 1\
 0 1 1 1 0 0 0 2 1 1 0 0 1 0 3 0 1 0 0 1 0 0 0 1 1 1 0 0 0 1 2 0\
 0 0 1 1 0 0 1 0 1 0 1 1 2 1 0 0 1 0 0 3 1 1 1 0 1 0 2 0 1 0 1 0\
 0 1 0 1 1 2 0 0 1 0 1 0 2 1 0 0 1 2 0 0 0 0 0 1 1 0 0 1 0 1 0 0\
 0 3 1 0 0 1 0 3 0 0 0 0 2 0 2 1 0 0 0 0 1 1 2 1 1 1 0 1 0 1 1 0\
 3 0 1 1 1 1 0 1 0 1 1 0 1 0 0 1 0 1 1 0 0 1 0 1 1 2 0 4 0 0 0 1\
 1 0 1 0 0 1 1 0 1 0 0 1 0 1 0 0 0 0 0 1 2 0 1 1 2 1 0 1 1 1 2 0\
 1 1 1 1 1 0 2 3 0 0 0 0 2 2 1 2 1 6 0 2 2 2 4 3 4 4 0 6 2 3 6 6\
 3 5 7 6 6 8 6 6 0 5 2 4 11 7 2 5 0 3 6 3 7 9 6 2 5 1 1 1 1 4 1 1\
 3 1 1 3 3 3 4 3 4 1 2 1 4 0 1 3 1 2 2 2 1 4 3 3 3 1 3 0 1 3 0 2\
 1 0 2 2 2 2 1 0 1 2 2 0 2 1 1 2 2 2 3 1 2 1 3 3 4 0 5 7 6 3 2 3\
 5 6 5 5 7 9 14 11 14 21 16 16 18 16 23 21 25 24 33 32 22 21 39 22 34 32 31 32 31 27 25 32\
 28 30 29 21 24 24 35 22 16 17 23 6 13 10 10 12 8 11 11 14 7 5 7 4 1 3 4 3 4 4 0 4\
 5 3 3 2 5 4 2 3 4 3 5 4 5 5 8 1 3 3 7 6 4 6 3 3 4 7 3 4 6 0 6 5\
 5 6 4 8 2 2 9 6 2 4 6 4 3 5 5 2 6 2 5 5 10 7 4 6 6 6 6 4 6 9 5 3\
 5 6 6 3 5 9 7 10 3 5 7 7 11 11 14 8 13 4 9 7 14 8 12 8 9 13 16 14 10 15 7 10\
 14 16 17 18 20 16 15 14 13 12 17 16 18 22 15 18 25 20 13 27 24 27 27 23 18 21 26 27 22 33 35 23\
 31 31 25 30 22 54 35 51 61 51 49 43 56 62 68 67 71 86 102 87 83 91 102 92 127 129 129 174 126 162 187 164\
 183 242 186 230 229 275 269 285 309 291 335 334 351 359 379 360 378 345 416 410 440 418 431 454 464 491 445 446 468 477 493 448\
 428 486 443 452 455 473 399 467 449 423 444 423 461 435 434 437 408 439 424 397 399 431 419 406 441 403 427 443 439 411 412 422\
 378 381 384 403 340 368 326 298 282 277 255 253 231 213 198 187 167 160 130 128 103 105 74 87 73 58 49 37 33 31 24 20\
 19 17 11 16 8 4 6 9 2 3 5 0 2 2 0 2 0 1 0 1 0 0 0 0 0 0 0 1 0 0 0 0\
 0 0 0 0 0 0 0 0 0 0 0 0 0 0 0 0 0 0 0 0 0 0 0 0 0 0 0 0 0 0 0 0\
 0 0 0 0 0 0 0 0 0 0 0 0 0 0 0 0 0 0 0 0 0 0 1 0 0 0 0 0 0 0 0 0


#S 2 mca_save_point Point:1 Scan:115 Datafile:20151023
#D Sat Oct 24 17:19:23 2015
#U Epics mca: dp_vortex_xrd45:mca1
#T 300  (Seconds)
#Q 0 3.70779e-08 0.0169953
#Energy 10
#Monc 5832771 73585029
#@MCA %32C
#@CHANN 1000 0 999 1
#@CTIME 300 300 296.31
#@CALIB -17.487 5.2147 0
#N 1
#L Epics MCA
@A 0 0 0 0 0 0 0 0 0 0 0 0 0 0 0 0 0 0 0 0 0 0 0 0 0 0 0 0 0 0 0 0\
 0 0 0 0 0 0 0 0 0 0 0 0 0 0 0 0 0 0 0 0 0 0 0 0 0 0 0 0 0 0 0 0\
 0 0 0 0 0 0 0 0 0 0 0 0 0 0 0 0 0 0 0 0 0 0 0 0 0 0 0 0 0 0 0 0\
 0 0 0 0 0 0 0 0 0 0 0 0 0 0 0 0 0 0 0 0 0 0 0 0 0 0 0 0 0 0 0 0\
 0 0 0 0 0 0 0 0 0 0 0 0 0 0 0 0 0 0 0 0 0 0 0 0 0 0 0 0 0 0 0 0\
 0 0 0 0 0 0 0 0 0 0 1 0 0 0 1 0 0 0 0 1 1 0 0 1 2 1 0 0 0 2 1 0\
 0 0 0 0 1 0 0 0 2 1 1 0 1 0 1 0 1 0 1 1 1 1 3 1 2 0 0 1 0 1 0 1\
 0 0 1 1 0 0 0 2 1 0 0 2 1 1 1 0 3 0 3 2 2 1 1 2 1 4 2 0 0 2 0 0\
 0 0 0 1 1 1 2 0 1 2 0 3 1 2 1 0 2 2 2 2 2 1 3 1 0 3 2 1 1 0 2 1\
 0 1 0 0 0 3 0 2 2 1 1 2 0 0 1 1 2 2 0 1 0 2 0 2 1 1 0 1 3 2 1 0\
 1 2 0 2 0 1 0 1 2 1 1 1 1 2 1 1 1 0 0 0 1 0 1 0 2 0 1 2 0 1 0 0\
 1 2 1 2 2 0 0 1 1 1 0 0 0 1 1 0 1 1 1 0 1 1 2 0 0 2 5 3 0 2 3 1\
 0 0 1 2 0 0 1 1 1 0 1 0 1 1 2 1 1 0 0 0 0 0 0 0 0 0 0 1 0 0 0 1\
 0 0 0 1 0 1 1 0 0 1 1 0 0 0 2 0 0 1 0 0 2 1 1 2 0 0 0 0 0 1 2 0\
 1 0 0 0 1 1 3 0 0 2 0 0 0 0 1 2 0 1 1 0 0 0 0 2 1 1 1 0 1 0 1 1\
 0 0 1 0 0 0 1 0 2 1 1 1 0 0 2 0 2 0 1 0 1 0 1 1 2 1 1 2 0 3 0 2\
 1 0 4 0 0 0 0 2 0 0 0 0 1 0 0 0 0 1 1 1 0 1 0 0 2 0 2 0 0 1 0 2\
 0 0 0 1 2 2 0 1 0 1 0 0 0 0 1 3 1 3 2 0 1 3 0 1 2 1 2 2 1 1 1 3\
 2 3 0 1 0 2 2 0 0 1 2 1 0 0 2 1 2 1 2 0 2 0 3 0 0 1 0 0 0 2 0 2\
 0 1 1 0 1 0 1 0 0 1 0 0 1 1 0 0 1 1 0 1 2 1 0 3 0 0 0 0 1 0 1 1\
 1 1 0 1 3 1 0 0 1 1 2 1 0 2 0 0 0 0 1 0 1 0 1 1 1 1 1 1 0 0 1 1\
 1 0 2 1 0 1 1 2 0 1 2 2 2 1 2 1 2 4 6 5 3 5 6 9 9 10 13 13 14 25 20 25\
 27 28 36 35 35 43 50 49 47 43 42 41 45 38 51 39 37 46 36 26 21 18 19 20 15 14 11 10 7 1 4 5\
 0 2 5 6 2 0 2 0 2 0 1 1 0 0 2 0 3 3 6 0 3 2 3 3 2 0 5 7 6 3 1 12\
 10 9 8 10 7 9 14 11 8 7 5 1 9 8 6 7 3 3 4 3 5 6 2 0 1 1 0 2 1 3 0 1\
 1 0 1 0 3 0 1 0 0 0 0 1 0 0 0 0 1 2 1 0 0 1 0 0 0 1 0 0 1 0 0 0\
 2 0 0 0 1 1 1 0 2 1 0 1 0 0 1 1 0 2 0 0 0 0 1 0 0 1 0 3 1 1 0 1\
 1 1 0 0 1 0 0 0 0 1 0 1 0 2 0 2 1 2 1 0 1 0 0 1 0 1 0 1 0 0 1 0\
 0 1 0 1 0 1 0 0 0 0 0 1 1 0 2 0 1 1 0 1 0 0 0 0 0 0 1 1 1 1 0 0\
 1 0 0 0 0 0 1 1 0 1 0 0 0 1 2 0 1 0 1 0 2 0 1 0 0 0 0 1 1 1 1 1\
 0 1 0 0 1 0 0 0 1 1 0 0 0 1 0 1 0 0 0 0 0 0 1 0 0 0 0 0 0 0 0 0\
 1 0 1 2 0 2 1 0 2 0 0 0 0 0 1 1 1 0 0 2 0 0 0 0 2 1 0 2 0 1 1 0\
 0 0 1 0 0 0 0 1 1 0 1 0 1 1 1 2 0 0 0 0 0 0 1 0 1 1 2 0 0 0 1 1\
 0 0 1 0 0 1 0 2 0 1 0 0 1 1 0 0 0 0 0 0 1 0 1 0 1 1 0 0 0 1 0 0\
 0 1 0 0 2 0 0 0 0 0 1 0 1 1 0 1 0 1 0 1 0 2 1 0 0 1 1 1 0 1 0 1\
 0 1 0 0 0 0 0 1 1 2 0 1 0 0 1 0 1 1 0 1 3 0 0 1 0 0 1 1 2 1 1 0\
 0 0 1 0 1 0 0 0 0 0 0 2 1 0 0 0 1 0 1 2 1 0 0 0 2 0 0 0 0 0 0 0\
 1 0 0 1 0 0 0 0 0 0 1 0 0 0 1 0 0 1 0 0 0 2 0 1 1 1 0 0 0 1 0 0\
 0 2 3 3 3 2 2 0 0 1 3 3 2 0 2 3 1 2 1 2 0 4 0 2 0 1 0 1 1 2 1 0\
 0 1 0 1 1 3 0 1 0 0 1 1 1 1 0 1 0 0 0 0 0 0 2 1 2 0 0 0 0 0 1 1\
 0 0 0 0 0 0 1 0 0 0 1 1 0 0 0 0 0 0 1 0 1 0 2 1 0 1 0 1 1 0 0 0\
 3 0 1 0 1 0 0 0 1 0 2 2 2 0 2 1 1 0 0 3 0 2 1 0 1 2 1 0 1 0 1 1\
 2 1 2 0 0 0 0 0 4 0 0 1 2 0 0 2 1 0 1 1 2 0 2 0 0 0 1 0 0 0 0 1\
 0 1 2 0 3 0 1 2 1 0 1 2 1 1 1 0 1 1 0 0 1 0 0 2 0 2 1 1 0 0 1 0\
 1 1 1 0 1 1 0 0 1 0 0 1 0 0 1 0 1 2 3 1 0 1 1 1 0 0 4 1 1 0 1 0\
 2 2 2 0 0 0 2 3 1 2 2 1 1 0 0 0 0 0 0 1 2 1 1 1 0 1 0 1 1 2 0 0\
 1 1 0 1 0 0 2 0 1 0 1 0 0 2 0 0 0 1 0 0 0 0 0 2 0 1 1 0 0 1 0 2\
 2 1 1 0 1 1 3 0 1 3 1 2 0 1 0 2 1 2 1 3 1 3 1 4 2 1 5 4 6 3 6 1\
 5 3 3 1 3 7 6 8 8 8 8 3 0 2 6 3 1 1 6 2 7 4 7 6 4 2 4 3 2 4 5 4\
 3 0 0 0 1 3 0 2 2 2 2 4 1 1 2 5 3 2 2 4 2 4 2 3 1 3 1 2 2 1 3 1\
 0 4 0 0 0 1 2 3 3 1 2 2 3 0 3 0 2 1 2 4 3 3 2 2 3 3 7 6 6 2 7 8\
 8 11 6 6 12 14 16 16 10 21 26 25 20 15 26 27 25 32 28 37 27 38 32 33 36 31 30 30 43 42 42 29\
 24 26 37 35 24 31 22 18 15 12 12 19 17 22 11 8 2 9 9 12 11 8 6 5 4 5 6 3 4 5 3 7\
 1 2 3 5 1 3 4 4 4 4 3 5 2 2 3 1 4 3 5 3 7 11 6 4 4 2 1 1 3 6 2 2\
 5 4 2 3 2 7 2 8 5 5 7 4 1 6 6 7 4 4 9 8 2 6 5 7 7 8 7 11 1 7 3 8\
 4 9 11 2 6 5 9 9 10 10 9 14 10 9 11 8 12 7 12 6 12 19 9 13 5 13 10 8 10 12 13 12\
 5 19 12 17 17 14 16 11 11 14 13 18 12 20 18 23 23 32 26 21 23 30 19 18 26 27 29 24 28 24 44 27\
 46 44 33 35 37 45 36 41 59 60 52 58 70 72 71 83 88 87 65 95 106 100 108 114 114 125 131 156 141 184 187 196\
 196 223 233 227 246 260 284 313 297 317 350 363 366 394 363 430 393 422 442 409 485 503 476 476 490 476 480 466 518 502 475 507\
 500 499 534 515 470 489 456 434 442 466 439 416 514 475 483 459 464 433 519 463 467 480 441 502 479 464 451 497 453 485 472 460\
 419 391 398 440 416 355 363 301 322 324 309 296 242 224 222 196 178 169 150 114 96 89 89 94 72 84 64 50 41 30 28 23\
 20 9 24 15 7 8 7 1 2 3 2 1 2 0 1 0 1 1 1 0 0 0 0 0 0 0 0 0 0 0 0 0\
 0 0 0 0 0 0 0 0 0 0 0 0 0 0 0 0 0 0 0 0 0 0 0 0 0 0 0 0 0 0 0 0\
 0 0 0 0 0 0 0 0 0 0 0 0 0 0 0 0 0 0 0 0 0 0 0 0 0 0 0 0 0 0 0 0


#S 3 mca_save_point Point:2 Scan:115 Datafile:20151023
#D Sat Oct 24 17:24:32 2015
#U Epics mca: dp_vortex_xrd45:mca1
#T 300  (Seconds)
#Q 0 5.50158e-08 0.0180124
#Energy 10
#Monc 5840831 73683819
#@MCA %32C
#@CHANN 1000 0 999 1
#@CTIME 300 300 295.632
#@CALIB -17.487 5.2147 0
#N 1
#L Epics MCA
@A 0 0 0 0 0 0 0 0 0 0 0 0 0 0 0 0 0 0 0 0 0 0 0 0 0 0 0 0 0 0 0 0\
 0 0 0 0 0 0 0 0 0 0 0 0 0 0 0 0 0 0 0 0 0 0 0 0 0 0 0 0 0 0 0 0\
 0 0 0 0 0 0 0 0 0 0 0 0 0 0 0 0 0 0 0 0 0 0 0 0 0 0 0 0 0 0 0 0\
 0 0 0 0 0 0 0 0 0 0 0 0 0 0 0 0 0 0 0 0 0 0 0 0 0 0 0 0 0 0 0 0\
 0 0 0 0 0 0 0 0 0 0 0 0 0 0 0 0 0 0 0 0 0 0 0 0 0 0 0 0 0 0 0 0\
 0 0 0 0 0 0 0 0 0 0 1 0 0 1 0 0 0 1 0 1 1 0 1 2 1 1 0 4 1 2 2 1\
 1 0 2 0 3 1 0 1 1 0 2 2 1 1 1 3 1 0 0 1 0 2 3 1 0 0 1 0 1 0 2 1\
 1 1 0 0 2 0 0 2 1 1 0 1 4 2 0 0 1 2 0 1 0 0 0 2 0 3 1 1 2 0 1 0\
 2 1 2 1 0 4 0 2 0 0 0 0 2 2 0 0 0 0 2 1 0 0 2 1 1 0 2 0 2 1 2 1\
 0 0 0 0 1 1 0 2 0 1 2 3 2 0 2 1 1 1 0 2 0 1 0 0 1 0 1 2 0 1 0 2\
 2 1 2 1 1 1 1 0 1 0 1 0 0 0 0 0 2 1 2 2 0 0 0 0 1 1 1 3 0 0 0 0\
 2 1 3 1 0 1 1 0 0 0 2 1 0 1 1 1 0 1 1 1 0 1 2 1 2 0 1 1 2 1 0 1\
 0 0 0 3 2 2 1 0 1 1 0 1 0 0 0 0 2 1 0 1 2 1 0 1 1 1 2 0 1 1 0 1\
 1 0 1 0 3 1 0 2 3 0 1 2 0 0 1 0 2 2 0 0 2 0 0 1 1 2 0 1 3 1 1 1\
 1 0 0 0 0 0 0 1 1 0 0 1 0 1 0 2 2 1 2 1 0 2 1 1 0 2 0 0 1 0 1 1\
 0 2 1 1 1 0 1 0 1 0 0 1 0 1 2 0 0 0 3 1 1 2 0 0 2 1 0 2 1 1 1 2\
 1 2 0 2 0 1 3 1 0 2 0 2 1 0 0 0 0 1 1 0 0 2 2 0 1 2 0 1 0 1 0 0\
 1 0 2 0 1 1 2 1 1 0 2 1 0 0 0 0 3 4 0 1 2 0 0 2 1 3 0 2 3 2 2 6\
 1 2 1 1 3 2 0 2 1 1 0 0 0 1 3 2 0 0 0 0 0 1 0 0 0 0 1 0 1 0 2 0\
 0 1 0 1 2 1 0 1 0 1 2 0 1 1 0 5 0 1 0 1 3 2 0 1 1 2 1 0 1 1 1 1\
 0 0 1 0 1 0 0 0 0 1 2 0 1 0 1 2 1 2 2 0 0 1 0 2 1 0 1 1 0 2 0 1\
 2 1 1 0 0 0 1 0 0 0 0 2 0 0 1 2 5 3 5 1 3 4 9 7 9 18 11 21 25 33 28 36\
 31 46 36 35 50 41 54 45 38 46 37 61 50 51 51 34 45 35 42 32 22 31 17 13 19 13 11 10 6 5 6 1\
 1 2 2 2 2 0 2 1 0 2 1 1 0 2 1 0 2 1 1 0 2 3 2 5 7 7 1 4 5 5 8 8\
 5 4 7 10 7 12 10 12 8 10 11 9 6 9 5 13 6 5 6 4 5 2 3 2 3 4 0 1 1 1 2 2\
 0 2 0 0 2 2 1 1 0 2 2 0 0 0 1 0 2 1 2 1 0 1 0 1 1 1 1 0 0 2 1 1\
 0 0 0 0 1 0 1 0 0 0 0 1 0 0 0 0 1 2 1 0 0 0 1 1 0 0 0 0 0 0 1 0\
 2 0 1 0 1 1 0 0 2 1 0 0 0 1 0 0 0 2 0 0 0 0 1 2 0 1 1 0 0 0 0 0\
 0 0 1 0 0 0 2 0 0 1 1 1 0 0 0 2 0 0 0 2 1 1 0 0 0 0 0 0 1 0 0 0\
 0 1 0 0 2 0 0 0 1 1 1 0 0 0 0 1 2 1 1 2 1 1 0 2 2 0 1 0 0 0 1 0\
 0 0 2 1 3 2 0 3 1 0 0 0 0 0 0 0 1 2 2 0 2 1 0 0 0 0 1 0 0 1 0 0\
 1 1 0 1 0 0 1 1 1 0 1 1 0 0 0 0 0 0 0 0 0 0 0 2 2 0 0 2 1 1 2 2\
 0 0 0 1 1 0 0 0 1 0 0 0 1 0 0 2 0 2 0 2 0 0 0 1 1 2 1 0 0 0 0 0\
 0 1 0 2 0 1 1 0 0 1 1 1 0 2 0 1 2 1 0 0 2 1 0 0 1 0 0 1 0 1 4 1\
 0 0 3 1 1 1 0 0 0 2 0 1 1 0 2 1 1 1 1 0 1 0 3 0 1 1 1 0 0 0 0 0\
 0 2 2 0 1 2 3 1 0 0 0 2 0 0 2 0 1 3 0 0 1 0 0 0 2 1 1 0 1 0 1 0\
 1 3 0 2 0 1 0 0 2 0 2 0 1 0 1 1 0 1 3 1 1 0 1 0 1 0 1 1 1 0 3 0\
 2 0 2 0 1 1 1 0 0 1 0 0 0 0 0 2 1 0 0 0 1 0 0 0 1 1 0 0 0 0 0 0\
 0 0 1 0 0 0 2 1 2 3 1 3 0 1 0 2 3 3 2 2 3 4 2 2 0 2 3 2 0 0 0 1\
 0 1 1 0 2 0 1 1 0 1 0 0 1 0 0 2 0 1 1 0 1 1 1 1 1 0 1 0 0 0 1 1\
 1 1 0 0 0 0 0 1 0 1 0 1 1 0 2 0 0 0 0 1 0 0 1 0 1 2 0 0 0 0 0 1\
 0 1 1 1 0 2 1 1 0 1 1 0 1 2 1 0 1 2 1 2 1 0 0 0 1 2 1 0 0 0 0 2\
 2 1 3 1 0 0 2 1 0 0 1 1 1 0 1 0 1 0 0 0 1 1 1 0 1 1 2 0 3 0 0 1\
 0 0 1 0 1 2 0 0 2 1 0 1 3 0 2 1 0 1 2 1 0 0 1 1 2 0 0 1 1 1 0 0\
 2 0 1 2 0 1 0 0 1 2 1 2 2 1 1 1 1 4 1 3 1 3 1 0 1 0 1 3 4 2 2 1\
 2 2 2 2 0 1 1 2 0 0 1 1 1 2 0 0 2 0 1 0 1 1 2 1 1 2 1 0 2 3 1 0\
 0 0 2 2 1 0 0 1 3 4 0 1 0 0 4 2 0 1 1 0 1 1 1 2 2 1 1 1 1 1 0 1\
 1 1 0 0 0 0 1 1 0 1 2 3 1 0 1 2 3 4 3 2 1 1 2 4 7 5 4 2 5 4 6 7\
 6 11 2 9 2 2 4 3 15 9 3 2 6 9 8 5 6 5 6 7 8 7 7 4 6 9 3 6 5 2 2 5\
 4 4 4 1 0 0 3 1 0 3 2 4 2 0 0 3 4 2 3 3 0 0 2 0 1 1 0 2 3 0 3 2\
 2 1 3 1 1 0 2 1 0 2 2 1 2 0 2 2 4 3 2 2 0 1 2 7 3 6 5 8 4 11 8 8\
 9 4 12 13 10 8 11 20 16 19 18 15 19 23 32 33 34 30 34 42 55 45 45 36 35 36 32 45 44 43 44 39\
 30 36 32 24 29 36 33 18 23 29 22 19 14 24 19 16 12 9 8 6 11 12 9 7 7 9 2 6 4 4 6 5\
 6 2 4 6 1 3 4 4 3 4 3 8 4 3 10 6 5 4 1 2 5 2 5 6 5 4 6 3 5 8 6 7\
 4 7 1 6 10 5 3 6 4 7 7 7 8 4 7 8 5 10 7 3 7 6 6 5 7 9 6 8 6 15 10 4\
 7 12 13 5 4 10 8 12 11 13 6 5 7 10 8 8 5 16 7 14 13 15 20 6 14 16 17 12 12 24 21 16\
 24 20 18 15 19 13 21 14 13 24 18 24 24 25 15 24 21 25 25 18 28 33 29 39 26 29 30 31 26 31 28 31\
 24 43 29 31 53 38 50 45 40 76 69 68 71 67 68 86 72 82 100 88 116 123 118 139 139 145 166 172 177 177 230 192\
 250 222 268 235 289 314 329 359 374 356 367 440 382 402 453 461 468 512 537 539 534 476 538 490 495 515 544 512 571 572 544 574\
 517 544 530 536 551 552 517 573 539 539 537 549 549 525 530 535 575 525 518 562 531 553 580 546 521 558 552 562 541 519 520 542\
 527 493 483 447 466 473 388 438 389 381 354 306 332 269 250 234 219 161 164 170 145 125 108 85 83 71 64 66 45 36 39 24\
 28 17 14 14 9 8 10 4 2 4 3 1 0 2 0 0 0 1 0 0 1 0 0 0 0 0 0 0 0 0 0 0\
 0 0 0 0 0 0 0 0 0 0 0 0 0 0 0 0 0 0 0 0 0 0 0 0 0 0 0 0 0 0 0 0\
 0 0 0 0 0 0 0 0 0 0 0 0 0 0 0 0 0 0 0 0 0 0 0 0 0 0 0 0 0 0 0 0


#S 4 mca_save_point Point:3 Scan:115 Datafile:20151023
#D Sat Oct 24 17:29:41 2015
#U Epics mca: dp_vortex_xrd45:mca1
#T 300  (Seconds)
#Q 0 1.65717e-08 0.0189898
#Energy 10
#Monc 5818625 73522010
#@MCA %32C
#@CHANN 1000 0 999 1
#@CTIME 300 300 295.349
#@CALIB -17.487 5.2147 0
#N 1
#L Epics MCA
@A 0 0 0 0 0 0 0 0 0 0 0 0 0 0 0 0 0 0 0 0 0 0 0 0 0 0 0 0 0 0 0 0\
 0 0 0 0 0 0 0 0 0 0 0 0 0 0 0 0 0 0 0 0 0 0 0 0 0 0 0 0 0 0 0 0\
 0 0 0 0 0 0 0 0 0 0 0 0 0 0 0 0 0 0 0 0 0 0 0 0 0 0 0 0 0 0 0 0\
 0 0 0 0 0 0 0 0 0 0 0 0 0 0 0 0 0 0 0 0 0 0 0 0 0 0 0 0 0 0 0 0\
 0 0 0 0 0 0 0 0 0 0 0 0 0 0 0 0 0 0 0 0 0 0 0 0 0 0 0 0 0 0 0 0\
 0 0 0 0 1 0 0 1 1 0 0 0 1 0 0 2 0 1 2 1 1 1 1 0 3 0 1 0 0 1 0 2\
 2 1 2 0 0 1 1 0 1 1 1 2 0 2 2 1 2 2 4 2 2 2 2 1 2 2 0 0 1 2 1 2\
 0 3 1 1 2 4 1 1 0 0 1 2 3 2 2 2 1 3 1 0 0 2 0 1 0 1 0 2 0 2 0 1\
 2 0 1 1 0 0 0 1 2 5 1 0 2 0 2 0 1 2 0 1 1 1 1 0 0 0 0 1 3 3 1 2\
 1 1 0 0 0 0 1 2 1 2 0 1 0 0 0 2 0 0 1 0 1 0 1 3 0 0 0 1 3 1 1 0\
 2 1 1 2 0 0 0 2 2 1 1 1 0 2 0 1 0 0 0 1 0 0 0 4 0 1 0 0 1 2 1 0\
 0 1 0 1 2 0 0 2 0 1 0 2 0 1 2 1 5 2 1 0 1 2 0 4 1 0 0 3 2 1 0 1\
 0 1 2 0 2 2 0 0 1 1 1 1 1 0 0 0 3 0 0 1 0 0 2 0 0 1 0 1 0 0 0 0\
 0 3 2 1 2 0 1 1 0 1 0 0 1 0 1 0 1 0 1 0 1 0 2 2 2 1 1 0 1 0 1 0\
 0 2 1 1 1 0 1 0 0 0 0 0 2 1 1 0 1 0 0 0 0 0 0 0 0 0 0 1 0 0 0 0\
 0 2 0 0 2 0 2 1 0 1 0 2 2 2 0 1 1 2 1 0 0 2 2 2 0 2 1 0 2 1 0 2\
 6 0 1 0 1 1 0 0 2 0 0 0 0 2 0 0 0 1 0 1 1 0 1 2 0 1 1 1 3 2 1 0\
 1 0 0 0 1 2 0 0 2 0 0 3 1 4 0 2 3 1 2 0 0 2 2 2 1 3 1 0 1 0 2 3\
 2 6 1 3 1 0 1 2 3 1 1 1 2 2 1 1 0 2 1 0 0 0 0 1 0 2 1 2 2 2 1 1\
 0 0 1 0 0 0 0 1 1 0 0 0 1 0 0 1 2 1 0 3 0 0 0 1 1 2 0 0 1 0 1 0\
 0 1 1 0 0 0 0 1 1 1 0 2 1 3 1 1 2 3 1 1 1 0 2 0 1 0 3 2 1 1 0 1\
 0 1 1 1 1 0 0 3 2 2 2 1 1 4 1 2 1 6 1 4 3 12 4 7 11 18 13 20 17 27 32 31\
 36 55 56 45 56 53 51 58 59 50 58 62 67 55 50 56 42 43 28 24 27 16 22 15 25 14 10 15 15 1 6 3\
 1 4 1 3 2 1 0 1 1 1 2 2 0 0 1 1 3 1 4 1 5 6 8 4 7 5 3 4 6 7 8 3\
 2 5 12 14 10 9 8 6 9 4 6 10 4 6 8 5 8 6 7 4 5 3 1 2 2 0 0 2 0 1 1 2\
 2 1 1 1 0 2 2 1 0 1 1 1 0 1 0 1 1 0 0 0 1 0 0 0 0 0 1 1 1 1 0 0\
 0 0 0 0 0 0 1 0 0 0 0 1 0 0 2 0 0 0 2 0 0 1 1 0 2 1 0 0 0 1 0 0\
 0 2 0 1 0 0 1 0 0 0 0 0 1 3 1 1 0 0 0 2 0 2 0 0 2 0 0 0 0 0 0 0\
 1 1 0 0 0 0 0 0 0 0 1 0 1 1 2 0 0 2 3 0 0 2 0 0 0 0 0 0 0 2 1 0\
 1 1 0 0 0 1 1 0 1 2 1 1 0 0 2 0 1 0 0 0 0 0 2 0 0 1 0 1 1 0 1 1\
 0 1 0 0 0 0 1 1 0 1 1 0 1 0 0 1 0 0 1 0 4 0 0 3 1 0 0 0 0 0 0 0\
 1 0 0 0 2 0 0 2 0 0 0 1 2 2 0 0 0 0 2 1 0 0 0 0 0 0 1 0 0 1 0 1\
 2 0 0 0 0 0 1 0 0 0 0 0 1 0 0 1 2 0 1 1 2 1 1 0 0 0 1 2 2 0 1 0\
 0 0 1 1 1 0 1 0 0 1 2 0 1 0 1 1 0 0 0 4 0 0 3 0 1 0 0 0 0 0 0 0\
 1 2 0 1 0 0 0 0 0 0 1 0 0 0 0 0 0 0 0 1 0 1 2 0 2 1 0 1 0 1 0 1\
 0 0 1 1 1 0 1 1 0 1 0 0 0 0 0 1 0 0 0 0 1 2 0 0 0 1 1 1 1 0 1 2\
 2 1 0 0 2 1 0 1 1 0 0 2 1 2 0 0 1 1 0 1 1 1 0 0 2 1 0 0 0 0 2 1\
 1 0 1 0 2 1 0 1 0 1 1 2 3 0 2 1 1 2 2 0 0 1 1 1 0 1 2 0 0 1 2 3\
 4 0 1 1 2 2 2 1 2 0 4 1 0 1 1 1 3 1 1 0 4 2 0 3 5 1 1 1 2 2 3 0\
 0 2 1 0 1 0 0 0 1 1 3 1 0 0 0 0 0 1 0 2 0 0 1 1 0 1 1 1 0 2 2 1\
 1 1 1 4 0 0 0 0 0 2 1 0 1 2 0 0 0 0 1 0 2 0 0 3 0 1 1 1 0 0 1 0\
 0 1 0 2 2 1 2 4 2 0 1 0 1 0 1 2 2 2 0 1 1 0 0 1 3 1 0 3 0 2 1 2\
 1 0 0 1 2 0 0 2 2 0 3 2 0 4 0 0 1 1 0 0 1 0 0 1 1 0 0 0 0 2 3 0\
 0 1 0 0 0 1 0 1 0 3 4 1 0 0 0 0 0 0 0 1 2 0 0 0 0 2 1 1 2 0 1 0\
 0 0 1 1 1 1 2 0 2 1 0 1 0 2 2 3 2 0 3 0 0 1 3 0 1 3 1 3 0 3 1 1\
 1 0 1 2 3 0 1 2 2 3 0 3 1 2 0 6 0 2 2 1 2 1 2 1 1 0 0 1 0 0 1 0\
 2 1 1 2 0 0 1 0 1 1 0 0 0 0 0 0 1 0 1 0 0 1 3 1 1 1 0 0 4 1 1 6\
 1 1 0 1 2 2 3 3 2 2 4 2 0 3 3 4 1 1 0 2 4 3 2 3 4 5 5 2 2 3 5 11\
 6 7 2 6 9 7 10 8 4 8 7 6 10 8 2 8 6 1 9 5 5 8 4 5 6 6 6 4 2 3 2 0\
 3 2 1 1 3 2 3 2 2 3 1 6 1 4 4 4 1 1 4 4 1 4 1 4 2 6 1 3 2 3 3 2\
 1 3 2 3 2 2 0 4 3 3 1 1 2 5 0 3 0 1 1 2 2 1 0 2 5 5 3 7 9 4 7 12\
 6 8 9 11 7 14 16 22 23 18 32 24 26 21 33 33 32 32 32 38 47 40 42 56 41 58 47 48 48 44 49 55\
 46 53 37 42 40 32 42 22 22 28 35 23 21 21 18 11 10 11 11 10 9 10 9 11 4 7 5 3 8 0 7 2\
 5 12 2 7 3 8 5 9 3 8 7 4 8 5 8 6 8 1 4 8 9 3 4 6 11 10 6 6 6 10 8 5\
 1 5 5 5 6 6 11 13 5 8 4 5 10 2 5 10 8 8 6 5 8 9 10 8 9 7 7 9 6 7 10 12\
 10 5 6 15 12 13 10 10 7 5 15 14 14 17 11 12 19 21 8 13 9 15 12 13 13 22 17 20 24 20 18 25\
 15 26 11 24 14 21 28 23 19 27 26 18 27 25 19 15 28 33 36 29 28 33 24 27 35 29 23 38 33 36 44 50\
 48 52 50 43 50 47 50 57 55 63 62 58 72 78 92 93 91 82 113 125 119 122 124 141 155 159 181 221 210 209 207 229\
 252 266 303 273 328 342 319 322 366 417 427 433 476 420 497 507 531 570 539 552 561 586 607 623 612 639 628 623 647 626 658 610\
 648 631 644 621 618 612 613 606 586 664 574 574 587 562 621 596 585 604 620 593 643 634 616 582 604 644 591 644 601 627 578 576\
 554 596 541 536 515 513 470 462 418 436 433 353 347 290 291 274 234 227 170 185 168 150 116 110 98 71 81 77 42 44 32 36\
 27 18 20 17 10 9 8 10 4 6 6 5 1 1 0 1 2 0 0 0 0 0 0 0 0 0 0 0 0 0 0 0\
 0 0 0 0 0 0 0 0 0 1 0 0 0 0 0 0 0 0 0 0 0 0 0 0 0 0 0 0 0 0 0 0\
 0 0 0 0 0 0 0 0 0 0 0 0 0 0 0 0 0 0 0 0 0 0 0 0 0 0 0 0 0 0 0 0


#S 5 mca_save_point Point:4 Scan:115 Datafile:20151023
#D Sat Oct 24 17:34:50 2015
#U Epics mca: dp_vortex_xrd45:mca1
#T 300  (Seconds)
#Q 0 8.72002e-09 0.0199848
#Energy 10
#Monc 5843561 73616737
#@MCA %32C
#@CHANN 1000 0 999 1
#@CTIME 300 300 295.246
#@CALIB -17.487 5.2147 0
#N 1
#L Epics MCA
@A 0 0 0 0 0 0 0 0 0 0 0 0 0 0 0 0 0 0 0 0 0 0 0 0 0 0 0 0 0 0 0 0\
 0 0 0 0 0 0 0 0 0 0 0 0 0 0 0 0 0 0 0 0 0 0 0 0 0 0 0 0 0 0 0 0\
 0 0 0 0 0 0 0 0 0 0 0 0 0 0 0 0 0 0 0 0 0 0 0 0 0 0 0 0 0 0 0 0\
 0 0 0 0 0 0 0 0 0 0 0 0 0 0 0 0 0 0 0 0 0 0 0 0 0 0 0 0 0 0 0 0\
 0 0 0 0 0 0 0 0 0 0 0 0 0 0 0 0 0 0 0 0 0 0 0 0 0 0 0 0 0 0 0 0\
 0 0 0 0 0 0 1 0 0 0 0 0 1 0 0 0 1 1 4 1 0 1 2 3 2 1 2 0 2 1 3 3\
 0 2 1 4 2 1 2 0 3 2 0 0 0 3 3 2 1 2 3 1 0 1 0 0 1 0 2 1 1 2 0 1\
 0 2 1 1 2 1 1 1 2 1 1 2 4 4 0 1 2 0 2 1 2 1 2 2 2 1 1 0 2 5 1 2\
 3 1 1 0 0 3 2 1 0 0 0 0 2 1 3 1 2 2 4 1 1 1 2 4 1 2 1 2 4 0 1 2\
 1 1 1 0 0 0 1 1 2 2 3 3 2 3 0 1 0 2 0 1 2 0 1 1 2 3 1 2 1 2 1 1\
 2 1 2 3 0 0 0 2 1 0 1 1 0 2 0 1 0 0 1 1 4 2 1 0 2 0 0 0 1 1 0 0\
 2 0 2 0 0 1 2 1 1 2 0 0 1 3 2 4 1 1 3 2 0 1 0 0 1 0 0 3 4 0 1 1\
 2 3 3 4 1 1 2 1 4 1 2 2 1 0 0 0 1 0 1 1 2 3 0 0 2 2 1 0 0 0 1 1\
 2 0 0 2 4 1 0 0 1 1 0 1 0 0 1 1 0 2 1 1 2 2 0 1 0 0 1 1 1 0 2 0\
 3 0 0 2 0 0 0 1 1 1 0 1 1 1 0 1 1 1 1 1 0 0 3 2 0 0 2 1 1 3 1 0\
 4 1 0 0 0 0 2 2 2 0 1 3 1 2 0 0 0 2 1 2 2 0 1 1 1 4 1 1 3 0 0 1\
 2 1 1 1 2 1 0 2 1 2 0 1 0 4 0 0 0 0 1 0 0 0 1 0 0 0 1 0 0 0 1 1\
 1 1 0 1 0 1 3 2 1 0 2 0 2 1 1 0 0 4 3 1 3 1 0 1 2 3 4 2 3 2 4 1\
 1 2 0 1 3 0 1 1 0 0 0 1 1 3 0 1 0 1 2 3 1 0 1 1 0 0 2 1 1 0 2 0\
 0 2 0 0 2 1 1 4 1 0 0 0 0 2 0 0 1 1 1 1 0 1 1 0 2 3 1 1 1 2 0 0\
 2 0 1 1 1 0 0 0 1 0 2 2 1 1 0 0 0 2 1 3 2 0 0 2 1 1 0 1 0 1 0 1\
 0 0 1 2 0 1 0 4 0 0 1 5 5 4 0 2 2 4 5 7 3 11 8 7 12 8 11 17 18 28 25 36\
 37 55 46 58 50 48 66 69 54 64 62 54 60 59 51 43 48 27 32 28 22 29 33 23 20 15 14 7 8 8 4 6\
 5 2 3 1 2 1 0 3 1 1 1 1 1 0 0 1 2 2 1 2 1 0 2 1 5 5 6 6 9 9 11 6\
 6 12 10 14 11 12 10 6 14 9 8 12 7 10 18 7 7 7 6 8 6 6 3 4 1 2 1 2 2 1 1 3\
 0 0 0 0 0 2 0 0 2 1 0 0 2 1 1 2 0 0 3 1 0 0 3 2 1 1 0 2 2 1 0 0\
 2 0 3 0 0 1 0 0 2 0 2 0 1 0 4 1 3 0 0 1 0 0 1 0 1 0 1 1 3 1 3 2\
 0 1 0 1 1 2 1 1 1 0 1 1 1 1 1 0 1 1 0 2 1 1 2 0 0 1 2 0 1 2 1 1\
 0 0 0 1 1 1 0 0 1 2 3 1 0 1 0 1 0 2 0 2 0 0 1 0 2 0 1 0 1 0 0 1\
 0 1 0 1 0 0 0 0 0 0 0 1 2 0 1 0 1 1 0 1 0 0 1 0 0 1 2 0 0 2 0 1\
 1 0 1 2 1 2 0 2 1 1 1 0 0 1 0 1 1 5 1 0 1 0 2 0 1 0 1 0 0 0 0 1\
 3 0 1 1 1 1 1 0 1 2 1 0 1 0 0 1 0 0 0 0 0 0 1 0 3 0 2 0 0 2 0 1\
 2 1 0 2 1 0 0 0 1 0 1 0 1 0 1 1 1 1 1 0 0 1 2 0 1 1 2 0 1 2 0 0\
 2 1 0 0 2 0 0 0 0 0 0 1 1 2 1 2 3 1 1 1 0 2 2 1 0 0 0 2 3 0 0 0\
 1 1 0 0 0 0 0 0 1 0 0 1 0 1 1 0 0 0 0 0 2 0 1 0 0 2 1 0 1 1 0 1\
 1 1 0 2 0 1 2 3 0 1 1 0 0 0 0 0 0 2 2 1 0 0 3 1 1 0 1 2 0 3 1 0\
 1 1 1 1 0 1 1 1 2 1 0 1 1 2 0 3 1 0 0 2 1 1 1 0 0 0 0 0 0 0 0 0\
 0 1 4 1 1 0 1 2 0 2 0 1 0 0 2 1 3 2 1 0 1 1 2 1 0 0 0 2 1 1 0 1\
 1 0 1 1 0 3 3 2 1 0 2 1 1 2 2 4 3 2 3 0 1 5 1 2 0 1 2 1 2 1 1 4\
 1 2 1 2 0 0 0 1 0 2 1 1 1 0 0 4 0 2 2 1 0 0 1 0 0 1 2 2 0 1 1 0\
 1 0 0 0 2 0 2 2 1 0 1 2 1 0 0 0 0 0 2 1 2 1 1 0 1 2 1 1 1 0 0 1\
 0 1 2 0 2 2 1 1 1 0 2 0 0 1 1 0 1 1 1 0 1 1 1 2 0 1 0 1 0 0 1 1\
 2 1 1 1 1 3 1 0 0 0 1 1 2 1 1 2 2 2 1 0 0 1 0 1 3 0 0 1 0 1 0 2\
 2 1 2 0 0 0 2 1 2 1 1 0 2 2 1 2 1 1 0 2 1 0 2 0 0 1 0 1 1 0 0 4\
 0 0 3 1 1 1 1 0 0 4 1 1 0 0 1 1 1 2 3 0 2 1 1 1 1 2 0 3 3 2 2 1\
 0 0 0 2 2 0 5 1 1 0 1 2 1 1 2 1 1 2 1 1 2 1 2 0 1 1 0 2 3 1 0 3\
 0 0 2 2 2 1 0 0 4 4 1 0 1 2 1 1 0 1 0 0 0 2 1 1 0 1 3 2 1 0 2 1\
 0 0 1 2 2 5 2 0 3 1 1 1 0 2 2 0 2 5 4 3 3 1 6 6 7 3 2 2 7 7 3 6\
 12 6 7 8 8 3 5 7 13 10 10 7 7 10 5 7 8 12 9 5 7 5 8 6 3 2 5 4 5 4 4 1\
 1 3 3 4 1 3 4 1 2 2 3 5 2 4 9 1 4 3 1 1 1 2 2 4 4 3 7 1 2 2 2 2\
 1 2 0 3 2 3 1 2 2 1 1 4 4 4 1 2 2 2 4 4 1 3 5 3 5 3 10 6 7 6 8 6\
 5 10 12 9 15 14 18 24 21 27 25 27 27 34 38 35 42 35 41 36 47 47 36 56 56 59 56 57 59 59 38 48\
 37 36 42 46 35 30 28 21 23 20 15 15 14 21 11 10 9 15 15 7 11 12 7 4 5 7 9 3 6 8 1 5\
 12 10 8 1 3 7 10 9 3 2 5 7 4 6 5 7 3 7 3 5 2 3 16 9 4 9 5 11 5 10 7 6\
 3 6 12 10 3 12 8 7 8 8 7 7 7 11 4 9 15 10 8 7 8 5 11 8 12 8 12 18 8 10 3 11\
 15 11 12 17 20 10 12 18 7 9 6 13 12 18 7 16 19 17 19 18 21 11 15 16 13 16 18 21 19 15 20 25\
 19 24 20 32 23 9 25 25 28 16 31 30 27 37 35 39 35 19 36 29 24 29 35 35 57 40 43 38 51 40 40 44\
 48 60 46 48 46 57 52 65 59 65 64 85 77 76 81 93 107 106 109 118 137 138 129 180 189 180 212 204 226 247 253 281\
 292 289 305 333 328 368 399 435 409 451 416 477 485 495 532 524 560 586 646 619 647 647 651 625 652 642 694 649 677 671 677 683\
 715 666 675 663 649 646 659 652 667 664 642 665 662 659 645 689 638 707 611 667 638 673 658 724 714 735 703 680 699 707 661 717\
 657 608 634 556 611 561 556 532 492 423 451 381 407 380 327 283 257 228 199 183 203 173 135 114 121 117 79 58 61 56 46 42\
 31 22 29 18 15 13 8 6 6 3 6 1 3 0 6 4 3 1 1 0 1 0 0 0 0 0 0 0 0 0 0 0\
 0 0 0 0 0 0 0 0 0 0 0 0 0 0 0 0 0 0 0 0 0 0 0 0 0 0 0 0 0 0 0 0\
 0 0 0 0 0 0 0 0 0 0 0 0 0 0 0 0 0 0 0 0 0 0 0 0 0 0 0 0 0 0 0 0


#S 6 mca_save_point Point:5 Scan:115 Datafile:20151023
#D Sat Oct 24 17:39:59 2015
#U Epics mca: dp_vortex_xrd45:mca1
#T 300  (Seconds)
#Q 0 7.3357e-08 0.0210152
#Energy 10
#Monc 5785241 73669948
#@MCA %32C
#@CHANN 1000 0 999 1
#@CTIME 300 300 295.035
#@CALIB -17.487 5.2147 0
#N 1
#L Epics MCA
@A 0 0 0 0 0 0 0 0 0 0 0 0 0 0 0 0 0 0 0 0 0 0 0 0 0 0 0 0 0 0 0 0\
 0 0 0 0 0 0 0 0 0 0 0 0 0 0 0 0 0 0 0 0 0 0 0 0 0 0 0 0 0 0 0 0\
 0 0 0 0 0 0 0 0 0 0 0 0 0 0 0 0 0 0 0 0 0 0 0 0 0 0 0 0 0 0 0 0\
 0 0 0 0 0 0 0 0 0 0 0 0 0 0 0 0 0 0 0 0 0 0 0 0 0 0 0 0 0 0 0 0\
 0 0 0 0 0 0 0 0 0 0 0 0 0 0 0 0 0 0 0 0 0 0 0 0 0 0 0 0 0 0 0 0\
 0 0 0 0 0 0 0 0 0 0 1 0 0 1 0 1 0 0 0 2 3 0 1 2 0 0 0 3 2 1 2 2\
 2 2 4 0 1 1 0 2 1 1 2 0 1 2 2 4 0 1 2 0 1 1 2 1 1 4 2 0 1 3 3 2\
 4 1 1 3 4 1 3 0 3 3 2 1 1 5 1 4 3 2 2 0 0 1 0 0 1 0 0 3 2 5 1 4\
 2 3 4 0 0 4 1 2 0 1 1 0 1 2 1 1 0 3 1 2 3 0 1 1 1 2 2 5 2 1 0 1\
 2 0 3 1 5 0 0 6 1 0 0 1 1 0 3 1 0 1 4 1 0 0 3 2 1 1 1 1 0 0 1 1\
 2 0 2 0 1 0 0 1 3 1 4 0 0 0 2 2 0 3 0 1 1 2 4 1 0 1 2 3 1 1 1 0\
 2 0 4 0 2 1 1 1 1 3 2 2 0 5 3 2 1 3 0 2 4 1 2 3 3 1 2 3 1 2 1 2\
 5 0 0 4 0 0 1 2 0 1 0 0 2 1 2 1 1 1 5 0 3 2 1 0 4 3 0 0 2 1 0 2\
 0 2 1 1 3 1 0 0 1 1 0 1 1 2 1 0 1 0 0 0 1 0 3 1 1 1 1 1 1 2 1 1\
 4 1 1 1 1 3 3 1 2 1 1 0 1 2 0 0 3 4 0 1 1 1 1 0 1 1 1 1 1 2 1 0\
 3 1 0 2 0 1 3 2 2 1 1 1 0 4 0 3 0 2 2 2 1 0 1 2 2 0 2 2 2 1 2 0\
 0 1 1 1 2 2 1 0 2 1 1 1 2 1 3 1 1 0 0 3 2 0 3 0 2 1 0 1 1 0 1 3\
 2 2 3 0 5 0 0 1 3 2 0 1 1 0 2 0 1 1 3 2 1 3 2 2 2 4 6 3 0 1 2 2\
 3 1 2 1 1 1 0 1 1 2 1 3 4 2 1 0 4 0 2 0 1 0 2 2 3 0 3 0 1 2 0 3\
 2 3 2 0 3 1 2 1 0 0 1 1 1 0 2 5 1 2 2 2 2 1 0 1 1 2 2 0 2 1 1 3\
 0 2 1 0 2 2 0 1 2 2 0 0 1 0 2 2 1 2 2 0 2 2 1 5 3 2 2 4 4 2 1 2\
 1 1 2 2 2 2 0 4 1 1 3 0 1 3 2 9 1 5 0 4 7 6 11 8 12 14 22 20 27 36 32 23\
 48 34 46 53 65 68 63 60 65 67 74 66 54 59 59 55 55 49 43 35 31 30 26 14 22 24 16 10 9 10 8 6\
 5 3 5 1 3 2 2 2 1 3 4 0 3 3 2 3 4 1 3 1 0 1 2 4 4 10 7 8 5 9 11 15\
 9 10 12 12 18 8 11 13 19 15 10 12 7 8 8 9 12 8 6 8 6 5 4 4 3 4 2 5 1 2 3 4\
 0 1 1 2 0 0 1 1 1 3 0 3 0 1 0 3 1 2 0 2 3 2 0 1 0 1 0 0 0 1 0 0\
 1 0 1 1 2 0 1 0 1 0 1 1 1 0 2 3 2 0 1 1 0 3 0 2 1 1 0 1 1 0 0 2\
 2 0 1 1 1 1 2 1 0 2 0 0 3 3 0 0 0 2 2 0 1 0 0 3 0 2 3 1 0 1 1 2\
 0 1 0 1 1 0 0 1 1 1 3 1 2 1 2 2 4 1 0 0 1 1 1 1 1 0 1 0 0 0 1 1\
 0 1 2 2 0 0 2 1 0 0 0 0 3 0 1 1 2 0 1 1 0 1 1 1 0 0 1 1 0 1 1 1\
 0 0 1 1 1 1 1 0 1 0 1 2 1 1 1 1 1 1 2 0 2 1 1 0 0 1 1 0 0 0 0 1\
 0 1 3 0 0 1 2 0 1 1 1 0 1 1 2 1 0 0 0 2 0 2 3 2 0 1 1 0 0 0 0 0\
 0 1 1 0 2 1 1 0 1 2 0 0 1 2 2 0 1 3 1 2 0 1 3 0 4 0 1 1 2 0 1 1\
 0 0 1 2 0 3 1 1 1 0 0 0 0 1 1 1 1 0 0 1 2 1 0 0 0 2 1 0 1 4 0 0\
 0 2 1 1 1 0 1 1 0 0 0 3 1 1 0 3 0 1 1 0 0 1 0 2 0 0 0 1 1 1 1 2\
 0 0 1 3 1 2 0 2 2 0 0 0 1 1 2 0 0 2 0 0 2 0 2 3 2 2 2 1 2 3 1 0\
 2 1 0 1 3 2 2 0 2 4 1 0 1 1 1 2 1 0 1 0 1 0 0 1 1 1 3 0 0 2 0 0\
 0 1 1 2 0 0 2 0 3 3 0 2 2 1 1 1 0 0 1 1 1 2 0 2 2 2 0 1 2 4 2 1\
 0 2 3 0 4 4 3 0 1 0 2 2 2 2 5 3 2 1 5 4 1 4 3 1 1 1 2 2 3 2 2 2\
 1 1 0 2 3 0 0 2 1 2 1 3 2 3 1 0 1 2 0 0 1 0 0 0 0 0 1 1 0 2 0 0\
 0 0 2 0 0 2 0 2 1 0 1 2 1 1 0 0 1 0 2 1 0 2 2 3 2 3 1 1 2 2 0 0\
 0 2 0 1 4 1 2 3 0 1 1 0 0 2 1 1 1 1 3 0 1 2 0 1 0 2 2 1 1 0 1 1\
 2 0 3 3 1 0 0 2 1 3 4 0 1 0 2 0 0 1 1 2 2 1 0 0 2 0 1 1 1 1 0 0\
 4 2 3 0 1 0 2 2 2 0 2 1 4 2 0 0 0 1 1 1 0 0 0 2 4 4 2 1 2 2 0 0\
 0 0 0 3 0 2 0 1 1 0 2 5 1 2 0 2 3 4 1 2 1 3 3 0 4 1 3 0 2 1 3 3\
 2 3 0 0 2 1 1 3 0 1 0 3 0 1 3 0 2 1 1 0 1 2 0 1 1 0 1 1 0 1 2 4\
 0 2 0 1 1 3 2 2 2 3 1 3 2 0 0 1 1 2 2 1 2 1 2 0 1 0 3 2 2 2 0 2\
 4 2 3 2 0 2 1 2 1 3 2 1 2 2 1 1 1 5 1 5 1 6 3 6 7 9 6 8 9 8 9 8\
 7 8 9 8 11 6 11 10 7 9 9 5 11 6 6 8 7 6 6 9 6 8 2 7 11 5 7 5 6 7 5 9\
 5 6 3 6 5 4 3 3 5 3 1 1 7 5 4 4 2 5 4 6 2 2 4 4 6 6 7 3 6 3 1 5\
 1 4 4 4 3 4 4 3 4 7 2 1 1 8 6 0 2 0 0 5 3 3 5 4 5 6 7 11 9 7 7 11\
 12 11 16 16 17 18 18 24 20 25 40 34 36 34 49 63 41 51 43 58 57 61 68 56 63 61 61 73 71 62 43 57\
 49 52 41 36 51 34 41 36 36 32 31 33 25 24 28 17 22 22 14 12 12 23 10 10 6 5 14 5 7 10 6 8\
 4 5 6 12 8 3 7 8 9 7 4 14 6 7 7 9 5 16 15 7 10 8 11 4 9 6 13 5 11 7 12 5\
 12 8 12 11 6 8 10 10 2 5 8 10 7 8 15 10 10 13 12 12 20 12 7 13 7 13 17 13 14 8 15 23\
 15 6 12 13 14 19 9 20 14 17 11 13 19 24 19 22 22 18 28 26 17 21 21 21 10 24 23 31 23 26 23 25\
 26 26 40 28 31 31 27 22 27 30 28 28 25 29 40 35 40 42 44 27 46 52 39 37 51 41 44 46 55 45 42 50\
 57 70 66 69 94 64 84 79 94 83 75 88 100 98 122 113 123 121 149 145 162 175 183 182 215 227 232 289 267 264 305 318\
 352 345 390 398 407 465 469 484 526 550 587 553 601 600 604 685 682 703 706 788 776 789 854 786 867 854 843 894 879 831 855 836\
 818 771 884 872 839 831 853 792 811 864 784 789 835 848 857 804 881 862 867 902 867 845 851 895 921 878 840 880 856 866 894 814\
 831 819 825 780 760 759 742 657 628 592 609 570 514 444 438 390 382 334 306 269 227 241 190 178 141 123 116 94 76 63 52 46\
 44 30 25 17 17 9 7 14 5 10 2 4 1 4 1 0 0 0 1 1 0 0 0 0 0 0 0 0 0 0 0 0\
 0 0 0 0 0 0 0 0 0 0 0 0 0 0 0 0 0 0 0 0 0 0 0 0 0 0 0 0 0 0 0 0\
 0 0 0 0 0 0 0 0 0 0 0 0 0 0 0 1 0 0 0 0 0 0 0 0 0 0 0 0 0 0 0 0


#S 7 mca_save_point Point:6 Scan:115 Datafile:20151023
#D Sat Oct 24 17:45:08 2015
#U Epics mca: dp_vortex_xrd45:mca1
#T 300  (Seconds)
#Q 0 6.72265e-08 0.0220103
#Energy 10
#Monc 5826203 73531215
#@MCA %32C
#@CHANN 1000 0 999 1
#@CTIME 300 300 295.054
#@CALIB -17.487 5.2147 0
#N 1
#L Epics MCA
@A 0 0 0 0 0 0 0 0 0 0 0 0 0 0 0 0 0 0 0 0 0 0 0 0 0 0 0 0 0 0 0 0\
 0 0 0 0 0 0 0 0 0 0 0 0 0 0 0 0 0 0 0 0 0 0 0 0 0 0 0 0 0 0 0 0\
 0 0 0 0 0 0 0 0 0 0 0 0 0 0 0 0 0 0 0 0 0 0 0 0 0 0 0 0 0 0 0 0\
 0 0 0 0 0 0 0 0 0 0 0 0 0 0 0 0 0 0 0 0 0 0 0 0 0 0 0 0 0 0 0 0\
 0 0 0 0 0 0 0 0 0 0 0 0 0 0 0 0 0 0 0 0 0 0 0 0 0 0 0 0 0 0 0 0\
 0 0 0 0 0 0 0 0 1 0 0 0 0 2 0 1 0 0 2 1 0 2 3 2 1 4 4 4 0 1 2 0\
 4 2 6 2 3 3 2 3 1 3 1 2 1 1 1 4 2 0 2 1 2 2 1 0 1 3 3 1 1 4 3 2\
 2 0 5 3 2 4 2 4 2 4 4 3 2 2 4 3 3 4 3 3 0 1 2 2 3 2 1 0 0 1 3 1\
 3 3 3 3 2 5 1 1 2 2 0 1 2 2 1 3 5 0 1 1 1 4 2 3 1 0 1 2 1 2 2 2\
 1 3 3 2 1 1 1 4 2 1 4 2 1 1 1 2 2 3 2 5 2 0 2 1 1 1 1 1 1 1 0 1\
 1 2 4 0 1 0 4 2 2 0 2 1 0 2 2 2 0 2 3 1 0 2 0 2 3 0 1 0 0 2 4 0\
 2 0 2 1 1 0 0 3 3 1 2 3 0 1 1 2 1 3 1 1 1 3 4 4 2 3 1 5 3 1 3 1\
 7 1 1 5 4 2 2 0 1 1 0 1 3 3 2 1 5 2 3 1 2 2 1 3 4 1 2 1 3 3 4 3\
 0 0 1 0 1 3 3 4 1 2 0 1 2 2 1 3 1 2 0 0 2 3 4 3 0 0 3 0 2 2 2 0\
 1 1 1 2 1 4 3 0 1 2 0 3 1 1 1 1 1 5 3 3 0 1 0 0 4 2 0 0 4 3 1 0\
 0 0 0 1 0 1 3 2 1 2 0 4 6 0 1 2 3 2 2 2 3 2 1 4 4 1 3 2 1 5 4 0\
 0 2 1 1 2 2 4 2 2 1 0 2 2 2 2 0 2 1 1 1 1 2 0 4 2 1 1 2 1 0 4 1\
 1 5 2 3 4 1 1 0 2 6 2 2 4 3 1 2 0 3 2 3 3 3 1 4 4 3 2 2 4 2 0 5\
 3 3 5 5 1 4 2 2 1 4 0 1 2 3 0 2 2 3 3 1 3 0 1 2 1 2 3 1 0 2 4 2\
 0 0 2 2 1 3 2 3 1 1 0 2 5 1 2 1 2 1 0 2 1 2 2 1 4 2 2 2 1 2 0 2\
 1 2 0 2 2 2 2 3 2 2 2 0 1 0 3 0 2 2 2 0 0 2 1 1 0 1 1 1 2 3 2 2\
 1 2 3 2 2 1 1 2 2 3 0 3 5 1 4 4 2 2 4 9 9 2 9 16 17 15 21 22 28 26 25 36\
 34 56 57 54 63 76 69 78 79 88 75 56 65 67 58 67 52 50 45 37 42 34 34 20 19 16 8 10 11 12 6 9\
 5 5 3 3 6 3 1 2 2 2 0 2 1 1 6 5 2 1 3 2 3 5 5 6 6 8 7 7 6 13 13 8\
 16 4 15 10 21 11 5 9 14 19 12 10 13 13 9 11 12 5 13 11 8 7 7 9 6 2 5 4 1 3 2 4\
 1 0 0 2 0 2 2 0 8 2 1 1 1 0 3 0 2 1 0 1 0 1 1 0 1 3 1 1 1 0 0 2\
 2 2 1 4 1 1 0 2 1 0 0 0 0 2 3 0 4 2 1 1 2 0 2 1 1 1 1 0 1 1 0 3\
 0 0 0 0 1 1 1 1 1 3 2 1 0 1 1 0 2 3 0 1 2 0 0 0 1 0 1 3 0 0 1 1\
 1 1 2 0 0 2 2 2 4 1 3 1 1 0 2 1 2 4 0 2 0 2 0 1 0 0 2 1 1 0 4 0\
 0 1 2 0 2 2 1 1 1 1 2 0 1 1 0 1 1 2 0 3 2 1 1 0 1 0 2 2 0 3 1 2\
 0 1 2 1 1 2 2 0 4 0 0 1 0 1 3 3 2 0 2 2 1 0 1 2 2 5 2 3 2 2 1 0\
 1 1 1 1 2 1 1 0 3 1 2 5 3 2 3 3 1 1 0 1 0 2 1 0 0 1 3 0 2 0 1 2\
 1 4 3 4 1 2 1 0 0 1 0 0 0 2 0 2 2 0 1 2 3 0 0 3 3 4 0 3 2 1 1 1\
 2 0 0 2 0 1 4 1 1 1 0 0 0 2 0 1 1 1 0 0 1 1 0 4 0 3 0 0 1 1 1 0\
 0 0 1 1 0 0 2 1 2 2 6 2 4 0 1 1 2 0 1 1 5 5 1 2 1 3 2 1 0 1 1 1\
 0 3 0 2 1 2 1 1 1 1 2 0 2 0 2 3 1 6 1 1 1 1 1 1 2 2 2 0 0 1 2 1\
 1 0 1 0 0 0 1 4 0 3 1 3 1 0 3 0 1 1 0 1 0 1 1 2 1 1 1 3 2 1 1 3\
 1 1 3 2 1 1 1 1 2 0 0 2 1 0 1 2 0 2 1 2 1 1 1 0 1 0 3 4 0 1 0 2\
 1 2 4 1 2 3 2 4 5 6 5 4 1 3 3 3 2 2 1 2 3 2 4 2 2 6 6 1 4 3 1 2\
 2 1 2 3 0 1 1 0 2 2 2 3 1 2 3 1 0 4 1 0 2 0 0 3 4 3 3 0 0 1 5 1\
 1 0 2 0 4 4 3 0 1 2 2 0 3 0 0 1 2 3 3 1 0 1 1 1 0 0 0 3 0 0 0 2\
 1 2 1 3 0 1 1 0 2 2 1 1 2 2 2 6 1 1 3 3 0 2 5 3 1 3 2 4 0 2 1 0\
 5 3 3 2 3 2 4 3 1 0 1 2 0 0 4 2 1 4 3 0 2 3 1 2 3 2 2 1 0 2 2 1\
 1 1 2 1 0 0 2 1 0 2 2 2 2 0 3 5 5 2 2 1 2 6 1 0 0 1 1 2 0 1 4 1\
 1 1 5 1 1 3 2 2 0 2 1 3 2 3 1 3 1 6 1 1 3 2 1 2 3 2 2 2 1 1 2 2\
 1 0 2 0 1 3 3 2 3 3 1 1 2 2 2 3 2 1 7 2 3 2 0 2 2 3 2 4 0 4 1 3\
 1 2 5 2 2 2 0 1 1 3 3 3 3 5 1 3 2 0 1 1 0 1 0 0 3 2 3 2 0 5 1 1\
 4 0 4 3 6 2 5 4 1 2 1 5 4 3 2 2 6 6 3 4 1 8 4 8 8 5 8 9 6 7 9 6\
 14 8 9 11 19 11 12 11 14 12 11 10 10 11 18 18 13 12 6 13 9 11 12 7 4 6 11 7 5 2 6 5\
 2 4 4 10 7 5 4 4 5 4 4 3 6 4 6 3 7 3 2 5 11 4 4 6 3 3 8 6 5 6 3 0\
 3 7 5 4 5 4 3 4 9 5 8 3 2 6 7 3 3 3 2 3 5 3 3 4 3 10 4 9 16 10 17 14\
 17 20 10 23 16 16 31 29 29 32 25 40 39 42 39 60 57 51 63 71 67 73 67 77 70 71 65 65 79 57 54 59\
 70 59 56 55 49 45 29 35 41 35 26 23 28 30 21 22 27 17 25 20 21 12 11 13 11 12 14 10 11 12 9 9\
 11 9 7 12 12 13 9 9 7 12 13 13 12 9 12 13 12 7 16 14 14 19 14 9 15 11 6 7 13 12 17 11\
 10 11 9 15 10 9 23 15 11 14 18 21 16 8 17 13 15 16 18 16 21 15 20 14 13 18 17 9 15 14 15 18\
 16 28 22 19 24 34 19 16 34 17 26 31 31 31 23 24 31 29 31 29 29 39 44 33 30 38 38 32 42 27 33 30\
 36 21 46 49 35 38 43 39 38 45 44 41 40 49 47 48 52 60 48 55 48 61 59 59 56 65 65 66 72 64 59 68\
 62 70 64 75 93 97 86 103 105 110 111 131 123 152 166 160 176 203 217 200 232 254 240 278 281 321 320 325 345 352 372 418\
 468 531 484 569 603 605 623 675 721 751 780 813 782 861 792 897 882 908 939 995 1055 1065 1049 1093 1047 1160 1164 1136 1141 1144 1177 1144\
 1127 1148 1207 1105 1108 1104 1118 1096 1123 1146 1143 1144 1152 1186 1153 1130 1097 1215 1171 1187 1184 1217 1190 1240 1288 1188 1236 1326 1212 1218 1195 1210\
 1240 1209 1188 1056 1102 1055 1011 951 898 884 808 753 764 606 630 570 525 466 417 435 324 290 262 233 199 172 149 150 111 79 74 55\
 55 44 37 45 24 23 15 14 6 8 8 7 8 5 3 1 2 2 1 0 0 0 1 1 0 1 0 1 0 0 0 0\
 0 0 0 0 0 0 0 0 0 0 0 0 0 1 0 0 0 0 0 0 0 0 0 0 0 0 0 0 0 0 0 0\
 0 0 0 0 0 0 0 0 0 0 0 0 0 0 0 0 0 1 0 0 0 0 0 0 0 0 0 0 0 0 0 0


#S 8 mca_save_point Point:7 Scan:115 Datafile:20151023
#D Sat Oct 24 17:50:17 2015
#U Epics mca: dp_vortex_xrd45:mca1
#T 300  (Seconds)
#Q 0 6.02278e-08 0.0230053
#Energy 10
#Monc 5798294 73700378
#@MCA %32C
#@CHANN 1000 0 999 1
#@CTIME 300 300 238.693
#@CALIB -17.487 5.2147 0
#N 1
#L Epics MCA
@A 0 0 0 0 0 0 0 0 0 0 0 0 0 0 0 0 0 0 0 0 0 0 0 0 0 0 0 0 0 0 0 0\
 0 0 0 0 0 0 0 0 0 0 0 0 0 0 0 0 0 0 0 0 0 0 0 0 0 0 0 0 0 0 0 0\
 0 0 0 0 0 0 0 0 0 0 0 0 0 0 0 0 0 0 0 0 0 0 0 0 0 0 0 0 0 0 0 0\
 0 0 0 0 0 0 0 0 0 0 0 0 0 0 0 0 0 0 0 0 0 0 0 0 0 0 0 0 0 0 0 0\
 0 0 0 0 0 0 0 0 0 0 0 0 0 0 0 0 0 0 0 0 0 0 0 0 0 0 0 0 0 1 0 1\
 1 6 1 2 2 6 5 7 6 9 13 15 14 9 18 29 39 17 40 34 32 43 43 36 42 54 38 38 42 48 44 40\
 67 48 49 46 55 48 48 35 53 46 53 42 53 50 40 37 43 38 47 49 53 44 32 41 34 41 35 39 42 41 42 56\
 56 43 43 41 47 32 31 36 50 46 27 44 37 39 46 43 53 37 40 45 46 38 35 50 42 37 34 42 41 37 32 40\
 40 29 39 38 35 40 41 39 35 43 34 41 30 38 39 33 33 38 45 26 47 37 34 53 36 35 46 40 41 34 38 40\
 30 37 43 29 34 38 25 38 36 31 41 28 25 21 25 37 41 35 34 31 36 39 31 34 26 35 26 32 31 27 42 29\
 38 35 30 27 21 41 31 39 35 32 36 36 41 32 35 44 45 34 28 30 40 30 31 28 36 25 34 42 43 33 36 29\
 33 25 39 30 36 32 41 34 38 38 46 45 28 29 39 29 46 32 22 36 37 45 45 36 36 31 37 44 39 37 35 39\
 33 35 40 32 35 37 48 26 37 36 40 42 35 28 26 38 34 31 39 28 37 36 31 30 30 34 32 30 36 32 38 34\
 39 40 23 34 36 40 28 37 32 19 32 33 40 33 22 26 38 27 40 31 31 26 36 26 39 33 36 41 37 34 34 25\
 29 27 33 27 39 40 39 38 32 29 31 31 28 44 31 39 25 30 30 26 43 27 34 37 36 37 33 31 27 24 33 25\
 30 34 29 22 30 28 29 25 32 20 37 27 25 30 36 37 22 30 24 45 38 28 24 36 30 34 36 23 25 31 26 35\
 34 38 30 34 33 23 31 33 29 28 30 35 33 44 30 26 30 33 25 34 29 28 18 31 24 37 34 28 33 35 30 36\
 33 24 24 33 34 26 26 22 18 36 31 33 33 34 31 33 25 33 42 30 35 29 26 34 37 40 32 26 36 27 44 26\
 39 36 26 31 30 17 36 31 24 30 31 32 21 33 24 29 24 32 27 35 28 37 31 32 25 38 29 19 29 24 32 29\
 30 32 28 31 29 31 26 27 20 24 37 22 34 27 24 39 29 21 38 30 24 32 25 28 33 38 30 31 27 26 26 27\
 32 23 28 26 23 24 19 26 30 19 36 19 22 27 30 31 29 28 31 28 38 28 32 29 22 24 28 32 27 34 16 26\
 33 37 18 30 23 32 35 32 30 25 30 31 45 31 27 36 31 42 25 36 36 34 46 55 62 46 41 55 68 59 58 63\
 79 93 81 87 103 84 109 102 90 78 91 99 91 83 78 83 58 53 59 61 56 68 53 40 39 29 37 41 37 35 30 22\
 36 26 27 34 27 25 28 23 32 27 24 22 30 24 32 21 31 30 33 32 28 39 31 30 41 35 29 32 28 25 42 31\
 29 35 33 39 42 39 36 46 44 44 30 38 30 35 40 34 35 29 32 34 32 30 35 30 31 28 21 32 33 25 32 24\
 26 33 32 23 27 31 29 31 29 32 32 27 43 23 22 32 32 22 24 33 32 23 31 26 21 24 31 27 33 31 26 32\
 30 32 31 30 20 23 24 22 31 28 32 21 27 26 24 30 25 26 25 31 27 30 20 26 14 20 25 29 27 25 24 25\
 26 31 31 23 27 32 17 24 29 27 33 23 28 23 19 25 37 20 27 35 33 26 30 27 27 27 23 27 25 34 32 26\
 22 26 28 23 29 38 24 33 30 30 27 28 19 23 30 27 29 26 29 33 12 25 33 32 39 33 23 24 19 26 24 36\
 38 31 25 21 27 20 24 25 25 19 21 26 30 31 33 20 21 26 23 12 35 20 39 29 36 28 24 30 32 25 25 24\
 25 27 25 25 26 26 30 27 30 30 32 24 31 18 24 20 28 40 25 32 30 21 33 27 32 36 24 24 37 35 19 20\
 20 21 25 30 24 29 24 41 28 21 33 31 33 28 21 25 28 18 31 28 25 27 25 28 29 30 21 35 37 19 17 34\
 31 23 37 28 25 31 17 35 32 33 30 25 35 35 32 28 32 22 29 25 29 23 32 32 31 31 38 24 33 19 27 37\
 20 28 34 27 25 20 30 28 18 31 25 29 29 37 28 22 25 31 24 26 30 28 29 16 32 19 32 26 30 24 27 28\
 28 33 27 28 27 31 28 32 42 24 27 23 30 26 29 31 33 23 41 17 32 24 32 25 27 35 15 25 33 27 31 29\
 26 28 31 31 31 31 25 32 30 26 40 34 32 33 42 36 25 28 39 35 38 30 22 36 39 41 25 34 23 28 31 39\
 34 27 29 37 37 37 27 28 22 38 25 24 26 26 20 27 21 29 20 21 20 27 23 38 33 37 34 21 27 20 23 32\
 28 32 39 25 21 21 28 30 21 35 32 25 23 34 32 43 24 28 29 36 28 22 21 27 36 39 29 35 34 29 42 43\
 39 28 39 41 34 42 29 45 35 45 45 46 37 41 38 48 37 36 48 38 32 39 38 47 41 37 39 39 36 33 34 36\
 38 39 32 29 39 28 22 34 24 34 26 28 29 33 23 25 29 32 31 34 29 34 24 27 24 25 22 30 26 44 41 20\
 36 39 33 38 26 21 34 25 39 34 29 31 34 32 37 27 33 33 24 17 30 32 34 42 33 26 27 34 35 35 30 23\
 26 25 39 23 29 26 30 35 45 30 29 35 28 30 28 33 32 27 31 25 33 31 37 27 36 25 42 30 36 29 37 37\
 33 40 29 39 30 35 32 43 26 40 38 30 33 31 35 35 30 35 40 30 29 29 37 43 35 49 25 30 34 33 28 31\
 31 32 46 33 39 38 30 24 33 26 42 38 31 36 32 35 45 39 38 41 41 27 40 33 38 32 48 45 35 30 26 29\
 35 39 36 41 41 25 39 32 38 43 36 32 27 38 47 43 40 37 32 44 45 35 35 41 35 34 46 45 31 36 43 46\
 41 35 36 46 34 35 39 26 46 44 38 36 36 35 41 39 42 35 31 39 36 33 39 44 28 47 44 51 43 39 47 46\
 41 41 41 50 38 41 34 46 50 48 35 45 62 43 48 48 47 48 43 50 45 63 47 43 33 43 37 45 51 50 67 61\
 47 65 57 54 67 65 71 70 56 84 71 68 71 72 79 112 89 96 106 100 125 105 97 136 146 153 171 180 169 181 206 168\
 206 198 209 214 213 213 238 226 215 259 242 259 220 218 216 183 199 197 189 164 184 189 175 152 164 136 112 139 103 138 117 122\
 95 107 113 119 82 102 102 97 113 83 106 82 105 91 97 109 103 108 98 93 93 107 96 107 102 113 81 110 92 98 95 83\
 78 99 103 76 97 85 85 83 76 95 79 72 76 88 60 92 91 76 88 91 97 99 102 86 106 96 77 93 99 93 107 112\
 108 118 113 123 125 121 125 119 139 128 145 144 131 143 159 189 145 167 157 169 162 166 154 175 154 173 171 168 187 189 164 181\
 179 169 180 162 201 169 166 178 178 169 165 179 179 161 160 170 169 171 187 183 182 168 182 174 184 194 179 201 190 171 212 205\
 213 225 210 209 218 236 206 251 229 239 206 255 234 245 232 274 274 264 239 294 274 289 258 275 282 319 298 292 292 310 295 328\
 277 311 317 327 358 351 335 312 340 361 391 346 369 387 380 365 394 393 415 422 441 395 410 428 476 430 437 445 457 486 485 507\
 503 530 534 544 499 527 535 615 540 566 599 615 621 662 679 706 685 658 731 739 732 709 706 781 767 845 853 854 826 879 812 967\
 917 924 928 929 894 1021 956 1014 1060 1075 1087 1061 1115 1136 1094 1082 1101 1187 1136 1133 1168 1187 1211 1307 1301 1268 1317 1325 1351 1341 1527 1536\
 1467 1568 1684 1741 1871 2026 2002 2190 2227 2373 2575 2693 2989 3158 3269 3567 3780 3999 4370 4572 5054 5446 5731 6141 6416 6962 7494 8101 8383 8971 9427 10300\
 10899 11521 12051 12822 13408 13990 14741 15342 15940 16431 17445 18060 18759 19195 19923 20466 21023 21488 21953 22400 22632 23335 23453 23750 23697 24190 24436 24557 24438 24322 24453 24652\
 24753 24640 24413 24422 24684 24678 24829 25098 24971 25214 25137 25521 25503 25872 26028 26824 26941 27130 27300 27887 28364 28562 28992 29453 29323 29253 29565 29403 29627 29077 28742 28148\
 27819 27191 26328 25706 24323 23696 22582 21546 20304 19122 17676 16526 15292 14436 13293 11721 10906 9641 8920 7910 7076 6085 5465 4691 4081 3598 3087 2698 2275 1893 1642 1354\
 1126 957 746 654 525 428 386 281 243 153 157 115 110 86 62 57 55 51 23 23 35 16 17 15 12 15 16 13 12 11 8 10\
 14 8 14 8 11 10 13 8 9 11 11 2 6 14 7 7 9 3 6 9 8 11 6 9 5 8 9 8 8 7 5 2\
 5 6 4 10 7 7 4 6 7 6 5 9 4 6 2 5 6 3 2 5 2 3 8 8 7 6 3 5 3 5 4 5


#S 9 mca_save_point Point:8 Scan:115 Datafile:20151023
#D Sat Oct 24 17:55:25 2015
#U Epics mca: dp_vortex_xrd45:mca1
#T 300  (Seconds)
#Q 0 4.18962e-08 0.0240048
#Energy 10
#Monc 5786133 73613310
#@MCA %32C
#@CHANN 1000 0 999 1
#@CTIME 300 300 187.761
#@CALIB -17.487 5.2147 0
#N 1
#L Epics MCA
@A 0 0 0 0 0 0 0 0 0 0 0 0 0 0 0 0 0 0 0 0 0 0 0 0 0 0 0 0 0 0 0 0\
 0 0 0 0 0 0 0 0 0 0 0 0 0 0 0 0 0 0 0 0 0 0 0 0 0 0 0 0 0 0 0 0\
 0 0 0 0 0 0 0 0 0 0 0 0 0 0 0 0 0 0 0 0 0 0 0 0 0 0 0 0 0 0 0 0\
 0 0 0 0 0 0 0 0 0 0 0 0 0 0 0 0 0 0 0 0 0 0 0 0 0 0 0 0 0 0 0 0\
 0 0 0 0 0 0 0 0 0 0 0 0 0 0 1 0 0 0 0 0 0 0 0 0 0 0 0 0 1 0 1 1\
 2 3 3 2 4 4 10 12 14 24 18 32 22 40 27 52 50 47 61 42 62 62 65 73 67 76 69 85 77 77 62 65\
 71 72 65 72 80 76 69 67 61 61 70 66 67 51 67 74 68 64 67 71 63 58 59 65 65 66 57 73 58 61 65 60\
 64 61 51 69 79 48 65 66 66 57 74 56 77 65 68 65 58 65 57 62 67 45 52 66 53 51 60 53 67 55 63 52\
 55 63 51 58 63 45 50 69 54 56 57 68 61 48 54 64 55 62 62 49 55 54 54 77 53 66 60 63 83 57 61 66\
 45 63 69 62 49 55 57 42 62 50 50 56 48 53 36 51 56 50 55 51 57 56 41 64 53 47 43 47 46 56 48 49\
 54 55 46 51 53 41 55 40 43 55 54 61 62 44 46 66 48 56 44 43 58 52 48 62 56 45 51 63 61 66 48 58\
 49 51 47 74 47 44 50 50 49 39 66 55 56 33 60 38 51 49 50 55 41 40 50 60 56 62 45 58 40 62 51 43\
 51 55 58 67 58 47 52 46 47 44 50 51 61 45 57 57 48 53 43 66 56 55 58 57 40 45 52 44 48 48 54 44\
 43 53 50 44 53 60 44 58 52 60 53 54 68 57 59 64 59 49 54 58 54 40 48 61 40 55 53 57 58 56 48 47\
 63 51 62 61 50 52 48 55 56 57 58 52 43 44 53 48 45 48 57 42 61 58 40 48 40 54 50 47 51 49 48 44\
 50 39 35 61 52 45 45 53 54 48 43 40 46 39 49 53 55 45 48 41 54 57 60 58 58 51 53 49 46 52 43 34\
 42 55 64 40 52 61 42 51 64 43 52 52 48 45 49 54 45 57 41 58 42 52 51 69 53 45 48 55 44 54 59 55\
 35 55 40 44 46 56 38 48 59 52 41 44 38 49 51 56 53 55 61 41 49 45 63 38 54 57 47 55 53 56 48 47\
 61 51 51 49 50 56 57 52 49 56 58 53 41 53 51 46 54 47 61 63 58 40 47 59 37 48 46 41 60 56 57 41\
 41 54 44 38 47 48 44 33 51 43 56 43 43 42 59 45 37 65 41 31 48 41 37 57 36 55 39 55 49 52 58 52\
 45 52 41 46 51 48 54 29 53 44 46 45 43 54 43 55 47 57 44 50 48 43 47 53 44 53 58 39 36 40 39 48\
 43 46 46 38 51 34 46 40 53 57 52 42 50 36 46 43 46 45 47 46 58 55 71 53 53 50 55 70 84 74 85 77\
 79 75 78 96 93 80 72 74 91 80 84 69 101 74 73 96 69 66 54 65 65 55 63 48 49 51 48 47 58 47 54 48\
 42 47 49 53 47 48 43 42 50 55 42 47 44 39 40 35 34 57 35 40 41 46 38 40 44 56 41 47 51 48 46 58\
 47 53 61 52 42 56 57 52 61 52 50 61 47 52 43 48 39 56 49 51 57 41 47 48 49 42 38 48 51 45 59 48\
 41 37 41 64 56 47 37 39 42 61 37 36 57 45 42 63 43 53 47 36 47 41 36 39 57 35 43 36 55 44 48 51\
 41 47 32 49 55 38 46 43 46 45 46 46 49 47 39 45 46 53 48 42 38 45 48 54 43 56 46 57 44 44 43 52\
 53 51 44 43 53 48 36 40 42 59 42 47 47 44 39 40 61 39 51 40 39 47 41 53 53 47 41 45 35 48 55 42\
 43 47 38 48 51 35 41 50 41 46 51 39 35 41 40 51 34 46 47 46 36 52 50 57 54 49 44 41 48 45 40 36\
 50 45 55 43 47 42 38 50 49 45 48 46 48 48 46 37 47 47 48 41 48 46 39 48 44 54 35 52 48 56 45 30\
 39 46 47 54 41 35 37 31 44 32 41 46 33 43 42 40 46 36 45 40 43 49 41 42 49 59 44 49 46 32 40 34\
 37 42 52 53 41 43 47 45 57 38 47 49 45 54 29 47 35 49 47 48 47 49 42 49 43 49 49 48 47 61 36 42\
 39 44 48 37 36 48 42 45 44 38 49 46 45 43 48 38 42 59 36 54 48 36 49 51 42 60 47 53 44 53 57 46\
 44 62 52 49 44 49 48 46 41 41 44 50 36 47 43 34 35 51 42 47 41 52 39 44 35 52 47 34 38 44 42 50\
 40 59 42 39 46 46 45 55 40 36 44 34 50 38 56 39 42 39 44 52 49 55 44 57 44 44 48 36 61 47 55 47\
 52 47 49 58 53 58 66 49 51 48 64 54 67 61 61 34 65 55 52 50 57 59 46 46 51 59 39 64 52 54 44 48\
 62 53 47 43 48 59 41 52 51 49 41 34 45 38 63 53 45 44 56 50 52 41 42 45 44 32 49 46 40 37 54 43\
 51 40 43 50 49 55 48 55 43 51 41 46 38 46 44 55 47 46 43 49 55 55 55 44 51 75 68 53 57 57 47 64\
 58 65 63 60 65 71 74 72 76 58 69 60 66 70 63 58 67 67 55 65 53 64 60 57 57 48 58 79 45 59 56 62\
 60 54 53 56 53 52 60 42 56 48 56 51 45 47 46 52 51 41 48 37 45 54 53 57 50 46 49 37 46 41 45 52\
 47 43 53 54 51 45 48 56 58 47 51 66 62 47 54 52 51 49 42 58 62 44 42 51 50 58 59 51 51 49 39 54\
 52 48 44 56 38 37 48 35 54 58 54 45 52 58 41 53 51 66 56 64 65 56 60 50 43 58 53 51 50 44 61 48\
 58 47 54 52 64 60 60 43 48 63 55 46 64 49 48 55 58 48 52 58 84 56 52 55 51 57 64 47 65 53 52 50\
 55 74 52 66 58 57 47 49 69 68 42 63 54 55 49 62 52 58 56 48 65 46 47 58 65 54 56 61 63 63 63 53\
 54 62 59 61 67 66 69 50 67 62 50 85 60 67 69 61 60 49 56 64 65 47 61 64 76 65 67 67 67 53 70 76\
 62 70 68 62 78 74 75 74 73 63 64 58 71 67 69 75 77 60 70 73 73 68 62 58 73 73 88 70 59 63 77 74\
 68 59 69 56 58 65 73 61 69 84 76 81 78 82 70 85 62 76 83 77 82 77 76 64 79 100 75 95 86 76 70 77\
 94 83 101 105 94 97 101 100 115 112 123 126 135 130 127 141 160 141 185 184 172 202 211 221 224 247 246 265 269 268 348 312\
 375 323 388 378 374 358 368 369 419 349 308 362 328 335 352 325 307 315 302 252 252 255 237 246 227 204 207 221 183 187 149 172\
 172 187 162 175 175 175 143 163 176 167 153 175 155 176 161 188 180 188 175 167 155 145 178 136 155 155 149 158 170 155 164 153\
 139 136 126 121 145 133 135 130 140 140 136 121 143 122 150 138 130 162 131 142 124 160 158 159 159 146 157 157 132 149 154 192\
 156 173 164 201 188 190 191 151 180 189 185 210 199 205 178 200 230 213 220 221 238 226 255 221 235 202 222 244 231 223 250 259\
 233 254 256 237 256 275 243 249 266 227 283 261 263 297 270 284 258 282 303 284 292 304 284 290 299 288 290 338 317 356 306 339\
 348 324 366 395 369 341 372 377 381 386 409 419 370 375 392 432 433 461 451 452 431 449 453 469 456 459 460 486 440 446 516 484\
 557 518 539 542 499 566 550 573 565 583 599 592 627 623 652 671 624 667 657 728 716 699 760 751 762 790 771 785 788 827 747 800\
 814 805 874 916 943 915 951 964 980 990 954 990 1040 1109 1070 1116 1144 1168 1172 1159 1206 1232 1267 1303 1337 1335 1356 1441 1504 1476 1467 1502\
 1572 1530 1608 1567 1682 1742 1676 1715 1733 1779 1837 1829 1881 1871 1882 1865 1894 1868 1944 1984 2097 1943 2035 2120 2126 2144 2252 2264 2392 2374 2394 2611\
 2636 2737 2893 3068 3195 3207 3614 3788 4100 4306 4539 4791 5204 5615 5981 6434 6925 7255 7803 8252 8875 9505 10163 11004 11445 12294 13166 14043 15168 15755 16843 17887\
 18746 20137 20842 21700 23147 24190 25410 26381 27477 28519 29340 30752 31641 32440 33277 33945 35221 35697 36557 37012 37744 38446 38725 39040 39059 39894 40133 40174 40295 40120 40430 40194\
 40181 40525 40344 40374 40250 40036 40919 40667 40757 41245 41635 41917 42234 42971 43463 44131 44706 45017 46269 46522 46917 47332 48189 48148 48613 48335 48610 48122 47864 47402 46471 46240\
 44524 43218 41782 40674 38761 37324 35131 32985 31400 29212 27361 25293 23452 21511 19487 17684 16010 14655 12926 11345 10196 8792 7951 6783 5896 5036 4404 3691 3185 2723 2262 1942\
 1585 1353 1097 916 724 647 534 457 350 274 243 202 159 144 131 106 85 69 67 57 51 51 52 62 55 47 45 46 44 35 43 47\
 36 36 40 40 36 36 43 33 43 29 21 37 28 32 18 23 34 29 25 25 27 17 28 22 24 17 22 29 29 28 27 27\
 28 21 26 12 21 30 17 13 21 17 17 16 17 15 18 18 23 14 10 13 17 11 17 16 7 14 19 16 6 21 9 14


#S 10 mca_save_point Point:9 Scan:115 Datafile:20151023
#D Sat Oct 24 18:00:34 2015
#U Epics mca: dp_vortex_xrd45:mca1
#T 300  (Seconds)
#Q 0 -1.09005e-08 0.0249821
#Energy 10
#Monc 5781042 73750385
#@MCA %32C
#@CHANN 1000 0 999 1
#@CTIME 300 300 174.947
#@CALIB -17.487 5.2147 0
#N 1
#L Epics MCA
@A 0 0 0 0 0 0 0 0 0 0 0 0 0 0 0 0 0 0 0 0 0 0 0 0 0 0 0 0 0 0 0 0\
 0 0 0 0 0 0 0 0 0 0 0 0 0 0 0 0 0 0 0 0 0 0 0 0 0 0 0 0 0 0 0 0\
 0 0 0 0 0 0 0 0 0 0 0 0 0 0 0 0 0 0 0 0 0 0 0 0 0 0 0 0 0 0 0 0\
 0 0 0 0 0 0 0 0 0 0 0 0 0 0 0 0 0 0 0 0 0 0 0 0 0 0 0 0 0 0 0 0\
 0 0 0 0 1 0 0 0 0 0 0 0 0 0 0 1 0 0 0 0 0 0 0 2 0 0 1 2 1 0 0 1\
 2 2 4 1 4 11 9 10 15 15 22 33 31 46 46 44 76 59 51 77 71 53 71 54 70 73 79 65 61 72 79 73\
 74 74 79 70 80 71 72 73 77 76 80 75 81 66 61 65 60 77 59 58 69 64 64 65 65 64 72 67 68 59 75 63\
 68 69 72 53 65 67 53 68 61 62 70 57 78 64 60 84 74 65 81 59 61 55 73 51 71 58 62 68 49 61 53 67\
 68 56 51 55 46 70 59 44 75 52 57 52 60 56 56 59 55 57 52 43 60 44 63 66 79 66 65 67 60 63 65 58\
 64 65 65 67 57 62 56 61 47 63 62 64 52 67 43 57 55 45 58 62 59 65 74 56 50 58 52 67 61 57 73 52\
 62 61 53 50 62 44 65 68 73 65 53 64 48 52 78 48 63 50 50 53 56 64 66 43 46 50 45 54 67 52 48 60\
 49 57 54 34 63 50 65 56 51 60 69 52 51 52 42 76 57 54 53 46 50 63 48 48 69 50 68 56 51 53 54 59\
 54 54 66 54 52 67 57 59 55 56 59 60 57 61 53 55 62 53 59 46 53 53 61 54 66 65 58 56 72 43 64 56\
 68 56 57 79 57 72 57 55 47 61 52 52 59 55 41 62 65 50 51 55 63 75 63 51 54 65 55 49 63 48 65 58\
 57 73 68 56 52 61 63 53 41 71 42 60 58 68 50 56 58 65 59 62 53 55 51 43 62 49 48 40 46 52 62 56\
 59 57 64 48 59 54 48 55 56 46 57 51 48 50 50 43 52 57 60 64 46 54 67 41 48 61 48 56 64 45 56 50\
 65 50 59 50 48 79 45 57 65 51 57 52 41 55 56 47 50 51 57 59 50 58 52 54 50 47 56 56 63 54 60 56\
 65 50 46 63 42 56 54 56 45 61 57 54 41 63 61 54 57 56 57 59 44 52 55 61 43 64 52 48 52 68 55 44\
 61 46 57 57 59 45 55 49 53 43 42 44 43 48 50 66 40 44 50 48 51 60 47 44 53 41 53 62 58 46 49 57\
 46 56 53 43 39 56 51 59 55 45 58 48 60 40 52 55 51 49 55 57 50 58 48 54 44 48 44 43 41 56 51 42\
 58 47 52 44 58 51 53 48 50 55 35 51 44 64 46 66 46 48 40 48 38 63 57 58 41 38 44 38 40 51 58 51\
 51 43 59 51 39 47 54 54 58 55 58 50 57 48 49 52 37 47 43 44 52 58 60 60 64 54 62 76 63 65 69 89\
 78 81 76 73 84 81 87 77 80 102 87 73 73 72 76 72 59 66 55 68 61 61 41 67 49 66 57 58 39 56 65 50\
 56 54 57 55 42 47 50 51 67 67 41 50 60 52 55 52 41 57 62 54 70 54 59 48 48 53 67 61 54 49 54 53\
 42 52 55 55 59 58 47 67 52 53 55 58 42 62 44 54 50 43 51 45 48 49 41 48 45 57 48 50 50 52 48 41\
 53 40 49 49 44 48 43 53 45 49 31 55 52 46 47 51 45 48 56 44 48 55 43 60 43 61 52 53 32 41 56 52\
 35 50 44 33 46 45 50 39 52 49 43 40 52 49 40 58 48 49 54 43 53 65 50 44 41 43 57 50 52 62 51 48\
 56 56 55 64 50 39 46 54 61 60 46 43 46 53 54 51 49 52 55 56 44 47 46 54 50 49 50 41 58 46 40 48\
 40 48 58 44 54 49 49 46 55 45 49 57 46 57 33 45 38 40 54 46 45 59 54 52 45 43 59 52 46 47 54 52\
 36 55 42 44 47 48 35 53 43 54 48 54 47 38 44 42 54 45 49 41 61 45 50 52 51 47 37 49 60 46 54 45\
 39 45 53 54 55 54 59 54 54 42 39 50 56 40 51 55 40 58 45 56 51 53 41 50 48 55 52 43 52 55 50 43\
 53 50 48 52 51 53 54 38 60 45 49 43 39 54 39 52 43 50 49 47 43 43 44 52 43 31 45 53 51 45 55 56\
 55 41 49 49 43 51 54 47 47 43 55 62 49 52 56 47 45 46 37 47 65 42 33 58 48 35 44 61 41 52 54 51\
 53 49 56 48 53 57 65 52 51 52 45 60 52 45 40 38 54 66 52 43 39 54 41 59 54 50 58 47 41 50 45 47\
 48 60 46 37 52 45 51 57 50 44 49 50 41 42 42 47 52 47 49 55 55 54 48 43 59 65 61 52 54 38 63 60\
 54 48 57 60 52 52 54 73 58 56 57 60 71 55 64 65 60 51 57 60 54 51 59 54 49 57 52 60 38 46 45 51\
 56 51 45 52 42 49 42 47 46 47 49 36 65 47 54 49 61 43 56 48 68 53 35 58 44 40 52 55 56 48 50 54\
 56 42 51 66 42 43 45 52 46 54 53 59 49 55 45 65 46 55 53 53 40 62 34 62 52 50 57 65 46 53 73 53\
 77 64 78 63 74 71 62 49 78 84 68 75 80 56 68 64 75 75 81 72 67 75 68 72 77 65 59 56 70 50 74 51\
 48 48 77 55 63 70 45 50 47 48 46 54 46 65 45 47 51 59 43 54 50 44 39 51 63 53 60 43 46 44 50 66\
 53 49 51 50 59 43 62 50 63 54 60 46 51 46 55 43 57 50 39 46 53 54 43 56 51 41 54 50 57 48 52 60\
 49 59 49 58 58 56 75 65 67 50 52 65 53 57 54 67 48 58 49 56 72 54 54 63 61 55 57 69 51 59 56 54\
 61 64 51 72 57 50 60 58 49 69 65 53 69 60 52 53 62 56 55 59 48 56 60 62 67 63 57 78 71 63 74 57\
 57 70 58 59 61 64 60 56 63 63 58 51 57 60 55 71 51 65 67 54 70 71 58 56 60 67 60 47 77 67 67 64\
 67 65 58 65 72 59 55 71 65 69 68 64 59 67 80 82 70 67 69 71 55 53 78 78 64 65 70 70 80 57 66 57\
 65 83 64 77 59 64 55 63 64 76 70 65 60 57 79 99 69 83 82 79 74 71 82 68 89 81 78 85 71 82 75 82\
 93 76 82 82 72 92 96 71 78 62 78 86 86 80 87 78 81 73 88 71 72 89 92 68 80 87 86 87 89 91 88 82\
 98 88 111 93 107 107 113 98 134 109 125 129 115 150 156 129 170 189 186 175 193 231 222 245 266 282 313 299 300 323 360 354\
 371 397 351 372 390 392 389 346 388 382 402 381 362 334 378 336 324 297 339 276 281 267 263 267 286 239 233 219 206 187 214 193\
 203 192 198 197 176 184 151 187 168 171 205 172 188 168 188 172 156 195 165 196 183 180 167 170 151 169 148 170 155 156 151 154\
 159 151 169 171 140 157 150 137 167 147 152 145 147 130 156 149 150 167 157 148 173 170 150 165 172 167 182 166 157 164 168 165\
 200 185 168 187 169 199 161 202 200 183 193 207 196 235 219 242 223 239 219 219 253 244 229 253 272 246 247 233 265 248 285 279\
 270 252 234 276 301 273 261 253 268 273 280 288 249 293 297 291 273 299 319 308 311 284 337 317 323 341 368 346 344 359 332 403\
 370 379 428 404 428 423 404 404 407 403 439 452 454 447 450 416 444 450 460 469 504 495 476 497 504 516 513 539 490 512 513 612\
 563 548 560 586 573 625 611 614 569 623 651 674 634 672 703 674 679 675 758 698 792 761 838 761 831 812 787 802 870 888 833 845\
 944 888 937 982 1020 1023 954 1012 1045 1107 1087 1129 1199 1187 1151 1215 1177 1224 1248 1257 1402 1362 1361 1376 1431 1509 1467 1471 1593 1604 1582 1685\
 1637 1674 1567 1785 1804 1779 1793 1870 1940 1857 1881 1932 1970 1951 2022 2052 2049 2020 2105 2173 2222 2207 2144 2196 2344 2339 2454 2498 2548 2558 2653 2743\
 2923 3074 3183 3371 3517 3732 3870 4152 4393 4748 4930 5280 5732 6030 6532 6756 7471 7856 8278 9193 9750 10391 11167 11898 12511 13454 14321 15258 16289 17410 18394 19505\
 20307 21460 22416 24132 25104 25858 27329 28619 29695 30869 32252 33086 34732 35264 36346 37204 37943 38722 39588 40148 40723 41230 41796 41497 42324 42809 42849 42895 42995 43436 43054 43110\
 43408 43038 43184 43344 43273 43351 43579 43774 43782 44325 44220 44976 45711 46557 46798 47370 48139 48947 49915 50135 50468 50801 51596 51810 52012 52014 52395 51661 51115 50715 49876 48804\
 47676 46560 44922 43096 41022 39639 37480 35434 33625 31085 29075 26783 24746 22680 20870 18871 17073 15331 13574 12233 10714 9417 8293 7215 6266 5456 4711 3822 3281 2792 2264 1997\
 1695 1358 1092 954 758 654 531 446 335 322 312 234 179 161 136 99 99 102 79 104 81 72 68 66 68 59 43 49 48 56 46 59\
 54 40 52 43 43 43 48 43 32 34 44 31 34 32 32 43 36 47 38 32 32 27 30 31 30 29 34 28 25 35 33 24\
 23 36 22 32 24 23 26 26 21 25 19 26 28 19 25 25 23 23 20 12 24 23 17 22 16 25 20 18 23 15 14 20


#S 11 mca_save_point Point:10 Scan:115 Datafile:20151023
#D Sat Oct 24 18:05:43 2015
#U Epics mca: dp_vortex_xrd45:mca1
#T 300  (Seconds)
#Q 0 -2.26693e-08 0.0259772
#Energy 10
#Monc 5774361 73704983
#@MCA %32C
#@CHANN 1000 0 999 1
#@CTIME 300 300 163.477
#@CALIB -17.487 5.2147 0
#N 1
#L Epics MCA
@A 0 0 0 0 0 0 0 0 0 0 0 0 0 0 0 0 0 0 0 0 0 0 0 0 0 0 0 0 0 0 0 0\
 0 0 0 0 0 0 0 0 0 0 0 0 0 0 0 0 0 0 0 0 0 0 0 0 0 0 0 0 0 0 0 0\
 0 0 0 0 0 0 0 0 0 0 0 0 0 0 0 0 0 0 0 0 0 0 0 0 0 0 0 0 0 0 0 0\
 0 0 0 0 0 0 0 0 0 0 0 0 0 0 0 0 0 0 0 0 0 0 0 0 0 0 0 0 0 0 0 0\
 0 0 0 0 0 0 0 0 0 0 0 0 0 0 0 1 0 0 0 0 1 0 0 1 0 1 0 0 1 0 0 2\
 2 3 7 6 7 8 11 11 7 23 25 23 30 29 40 40 51 46 52 71 50 59 68 78 66 64 60 56 69 82 80 83\
 78 75 78 78 82 92 71 76 79 63 87 73 77 74 66 62 78 78 80 80 54 55 66 72 70 63 66 67 60 76 77 62\
 78 76 62 66 50 72 64 76 67 75 74 63 47 57 63 70 78 66 67 63 79 55 64 68 73 74 61 57 70 47 59 67\
 58 53 54 69 69 70 65 72 75 59 58 56 76 70 68 59 57 67 61 76 68 73 51 69 60 76 52 49 54 68 67 66\
 70 58 52 72 70 67 56 56 54 69 62 58 54 58 51 62 52 58 59 54 49 47 50 57 49 54 50 50 57 62 59 47\
 63 61 58 66 46 58 59 49 58 53 51 61 56 60 54 64 69 61 60 60 65 65 46 51 60 54 64 60 48 47 48 53\
 53 60 65 59 79 50 49 49 62 63 60 57 59 59 62 55 59 53 64 55 48 62 48 77 47 61 69 71 34 53 63 76\
 54 80 49 59 59 47 49 57 64 48 65 60 57 53 71 66 54 52 51 41 57 52 56 50 74 63 59 74 64 62 71 64\
 71 67 38 54 70 62 48 52 49 65 49 60 66 58 57 54 60 66 54 67 65 61 54 55 59 62 52 63 67 56 58 70\
 62 69 57 60 58 56 71 65 59 57 63 64 62 53 57 53 57 51 62 68 49 48 60 59 74 61 53 62 59 49 49 44\
 59 58 59 55 70 53 43 61 57 69 60 55 59 58 67 48 59 62 53 41 52 47 62 58 59 53 47 49 62 67 51 53\
 55 74 52 64 61 59 64 67 68 56 54 49 56 54 45 56 53 50 54 55 66 62 52 52 64 54 72 65 53 51 42 68\
 61 64 56 48 50 45 50 42 56 49 60 59 58 70 54 66 57 54 53 50 57 59 59 66 61 53 60 61 58 66 68 60\
 45 64 73 54 46 45 45 56 48 52 51 47 45 50 62 60 61 54 64 59 58 52 69 63 52 47 60 62 45 44 48 51\
 54 54 46 53 50 52 43 51 49 64 55 53 59 61 45 59 75 54 68 47 58 54 64 53 57 54 52 45 46 44 42 65\
 58 46 55 56 70 53 60 57 62 54 48 54 51 61 39 53 37 48 67 64 62 52 58 52 46 47 52 50 56 56 57 65\
 42 66 47 42 63 47 48 44 37 42 52 54 40 52 44 49 55 52 56 43 60 58 49 61 42 63 61 66 64 72 66 70\
 79 77 99 92 103 90 76 89 102 89 79 82 75 64 66 76 57 72 66 55 47 55 61 56 49 54 51 61 57 55 57 54\
 64 50 58 47 56 42 42 40 48 50 59 53 41 44 49 45 59 59 46 53 56 56 55 58 69 49 45 50 48 62 60 55\
 55 65 62 69 66 67 68 51 60 54 71 60 57 46 48 53 58 53 56 62 53 59 53 49 58 58 56 57 46 51 62 45\
 43 57 53 45 57 52 54 46 54 44 41 64 45 63 43 46 60 59 47 43 50 55 52 40 57 45 50 50 45 60 47 39\
 52 53 58 36 47 55 68 59 46 58 55 40 43 48 46 51 53 56 59 46 48 38 47 65 66 43 51 61 61 41 44 52\
 50 57 61 51 60 44 57 44 61 54 62 47 52 55 57 51 62 61 60 48 49 52 57 52 55 46 47 38 56 47 46 50\
 31 54 54 49 47 49 49 44 41 61 54 58 46 57 46 48 55 60 43 70 62 47 45 37 44 58 54 52 57 49 55 47\
 48 59 45 54 51 47 61 45 42 50 55 52 48 62 49 45 56 60 52 54 46 59 62 46 65 65 44 58 50 43 67 59\
 47 53 46 51 56 54 44 55 51 34 52 55 55 51 55 56 64 49 56 49 63 57 52 46 48 58 54 51 47 43 63 50\
 57 43 44 38 41 38 69 56 42 38 48 52 57 57 59 55 62 60 53 56 49 43 37 38 58 41 35 46 68 52 38 41\
 54 43 49 47 58 46 47 46 52 40 55 51 40 36 56 59 45 56 48 52 55 61 36 45 52 39 52 54 50 55 54 44\
 56 69 43 42 43 48 52 64 57 44 46 39 57 53 54 49 52 54 54 59 59 45 44 43 60 51 62 41 50 51 52 56\
 54 51 62 49 55 54 61 60 51 55 54 38 49 46 46 52 44 54 49 62 53 46 57 54 65 43 60 59 62 59 45 44\
 59 66 61 52 63 53 58 72 70 66 74 60 70 61 74 59 62 80 78 53 53 52 59 66 47 59 68 68 55 54 57 59\
 55 53 71 65 53 52 58 65 46 61 59 53 66 66 45 45 60 51 61 45 42 57 56 49 56 49 54 55 53 48 55 58\
 43 46 58 44 55 61 51 48 49 47 62 58 54 53 60 58 68 52 55 51 62 57 54 63 42 65 68 65 60 60 74 66\
 66 70 81 76 71 84 68 74 88 79 62 64 77 91 76 69 86 72 69 73 74 66 60 67 74 69 55 68 68 65 62 62\
 66 61 49 56 58 66 55 55 55 58 55 73 67 58 66 47 58 64 65 53 65 45 67 59 48 57 64 52 49 50 47 58\
 40 56 56 58 60 61 64 45 67 56 43 56 52 39 44 42 62 63 64 46 48 55 62 57 65 67 60 51 75 58 64 66\
 65 54 63 73 55 69 71 40 51 52 48 62 47 64 54 51 47 58 76 66 63 53 55 44 71 65 58 43 70 52 68 54\
 59 73 61 62 50 63 57 54 77 64 55 71 63 60 49 77 63 57 70 69 70 63 73 63 66 62 72 58 73 51 63 57\
 53 75 55 70 58 73 74 66 55 66 63 71 66 56 63 66 52 66 56 64 58 65 75 60 73 76 56 73 73 67 67 63\
 79 67 66 78 66 68 74 58 76 59 80 80 76 78 66 67 63 91 76 80 76 68 78 83 77 86 75 72 79 45 70 50\
 80 81 65 74 77 96 71 67 81 87 77 67 83 64 89 73 82 80 70 79 70 90 87 71 89 68 75 76 89 90 78 63\
 88 82 83 70 87 74 74 87 89 83 87 65 77 96 83 93 63 95 76 79 82 106 101 99 101 86 89 92 102 97 84 90\
 93 113 110 95 113 105 114 113 130 120 141 141 139 141 135 187 189 164 172 203 219 220 252 236 225 276 322 309 361 351 324 391\
 372 376 391 373 385 425 400 388 438 417 399 403 369 367 350 372 342 356 313 322 303 268 281 277 266 246 227 224 243 190 191 190\
 214 226 188 220 214 181 180 166 204 161 183 179 200 220 195 194 186 210 173 192 195 173 168 159 174 180 154 170 190 185 155 191\
 174 152 158 154 163 171 171 142 139 147 137 154 175 158 161 148 156 145 181 161 180 162 167 166 163 159 177 178 177 201 164 167\
 206 199 190 188 204 202 175 222 179 206 200 201 217 211 228 247 216 247 229 239 229 239 247 250 271 272 303 278 258 274 273 259\
 253 266 251 270 295 284 255 312 289 286 295 285 303 286 325 306 285 284 297 331 305 333 347 370 336 351 398 395 366 400 375 416\
 372 430 399 418 429 389 448 432 458 479 474 455 451 481 455 508 483 488 504 552 485 518 519 500 586 507 522 504 550 551 567 594\
 582 579 604 622 661 553 625 638 625 657 668 679 648 710 723 709 718 759 736 770 789 816 832 793 860 869 859 892 882 921 908 923\
 928 1019 999 1079 1028 1087 1077 1078 1047 1118 1154 1135 1213 1257 1256 1321 1270 1307 1332 1337 1368 1474 1485 1476 1492 1572 1480 1577 1611 1713 1730 1726\
 1778 1752 1855 1810 1891 1996 1969 1980 2011 1931 1997 2017 2039 2106 2079 2138 2160 2251 2171 2169 2235 2302 2380 2389 2502 2429 2584 2642 2778 2680 2947 2895\
 3020 3298 3316 3609 3693 3994 4145 4286 4539 4892 5214 5643 6022 6338 6822 7257 7783 8424 9081 9521 10239 11009 11816 12601 13546 14359 15125 16383 17287 18234 19212 20392\
 21563 22823 24110 25625 26705 27517 29097 30125 31278 32700 33933 35342 36266 36820 38093 38657 39627 40959 41871 42053 42900 43716 43825 44321 44658 45231 45296 45128 45392 45461 45613 45296\
 45580 45481 45480 45021 45872 45512 45784 45967 46080 46598 46758 47623 47680 48649 49371 49988 50883 51412 51959 52670 53096 53618 53972 54446 54783 54820 54621 54209 53778 53108 52411 51583\
 50059 48450 46856 44957 43104 41444 39146 37165 34695 32327 30242 27803 26036 23877 21759 19262 17534 15855 14027 12599 10995 9799 8345 7385 6517 5568 4728 4012 3467 2915 2480 2050\
 1745 1564 1138 953 826 708 594 466 417 359 251 228 186 193 138 125 109 105 86 91 87 86 69 71 81 74 78 82 61 63 60 69\
 54 60 46 43 51 61 56 49 45 58 46 47 40 41 40 41 40 35 28 40 38 48 32 51 38 32 32 30 40 32 43 30\
 27 26 40 32 31 21 29 31 35 36 32 25 22 32 26 22 27 33 16 23 20 20 26 26 28 15 27 27 19 16 27 20


#S 12 mca_save_point Point:11 Scan:115 Datafile:20151023
#D Sat Oct 24 18:10:52 2015
#U Epics mca: dp_vortex_xrd45:mca1
#T 300  (Seconds)
#Q 0 5.89214e-08 0.0270076
#Energy 10
#Monc 5776901 73803950
#@MCA %32C
#@CHANN 1000 0 999 1
#@CTIME 300 300 157.197
#@CALIB -17.487 5.2147 0
#N 1
#L Epics MCA
@A 0 0 0 0 0 0 0 0 0 0 0 0 0 0 0 0 0 0 0 0 0 0 0 0 0 0 0 0 0 0 0 0\
 0 0 0 0 0 0 0 0 0 0 0 0 0 0 0 0 0 0 0 0 0 0 0 0 0 0 0 0 0 0 0 0\
 0 0 0 0 0 0 0 0 0 0 0 0 0 0 0 0 0 0 0 0 0 0 0 0 0 0 0 0 0 0 0 0\
 0 0 0 0 0 0 0 0 0 0 0 0 0 0 0 0 0 0 0 0 0 0 0 0 0 0 0 0 0 0 0 0\
 0 0 0 0 0 0 0 0 0 1 0 0 0 0 0 1 0 0 0 0 0 0 0 0 0 0 1 3 0 1 0 2\
 1 5 2 6 8 5 9 21 15 13 22 36 39 39 26 55 67 74 73 63 78 88 83 84 76 67 79 60 88 86 75 82\
 67 93 75 73 92 89 67 73 77 66 71 77 73 82 77 68 76 79 73 63 74 78 64 74 77 77 77 66 68 82 62 72\
 64 80 71 79 64 61 80 75 76 59 64 66 66 70 74 72 65 64 63 62 64 74 67 67 69 69 70 52 67 52 74 67\
 56 59 59 44 70 65 72 48 50 54 74 65 80 53 65 82 54 76 58 60 57 58 60 77 64 62 58 70 72 68 62 61\
 68 70 61 59 69 51 52 58 57 48 71 58 59 62 55 69 57 42 67 45 54 55 61 63 59 61 47 58 46 61 47 59\
 63 51 68 61 67 56 49 55 50 59 70 43 54 55 62 65 66 68 58 51 79 56 52 62 58 50 78 66 70 47 62 56\
 67 63 57 77 64 66 62 64 60 56 63 79 73 67 50 62 71 62 59 56 77 78 73 63 66 63 71 70 65 80 63 76\
 58 70 69 48 69 61 62 58 80 67 67 64 69 53 54 76 55 66 67 65 64 71 52 60 69 58 56 68 55 70 56 56\
 66 74 56 73 52 78 68 53 60 60 72 52 70 76 63 73 66 71 50 58 58 69 78 68 53 55 67 63 73 48 65 57\
 57 52 58 61 60 81 60 54 59 52 58 50 56 66 69 55 62 69 69 63 68 57 54 84 56 69 69 56 70 45 57 58\
 71 60 62 54 48 61 48 69 75 60 54 52 49 60 51 71 59 67 75 58 71 51 53 54 78 60 72 53 58 64 48 61\
 51 73 61 54 48 42 40 62 52 56 62 58 62 60 60 49 63 61 50 51 53 47 68 53 54 56 64 57 61 45 52 44\
 49 62 57 64 61 51 70 51 44 54 49 54 53 53 61 57 63 56 51 66 70 79 65 56 51 55 55 52 68 61 60 57\
 49 59 59 51 61 45 71 46 61 71 58 51 46 59 48 77 60 62 55 49 62 62 66 60 50 43 51 48 48 46 54 62\
 57 50 58 50 44 51 59 42 57 57 70 48 57 59 60 52 69 52 50 53 54 52 52 58 53 50 55 48 55 71 47 51\
 48 58 49 62 43 57 70 55 60 62 56 52 51 57 51 42 47 49 54 55 48 58 54 59 51 37 51 49 52 68 53 49\
 56 58 66 47 61 63 46 51 44 63 58 49 64 50 57 51 51 56 68 59 56 47 66 65 67 71 68 65 74 75 74 70\
 83 87 74 81 98 98 72 94 77 86 82 64 74 77 58 78 81 53 82 62 59 65 63 60 61 61 66 44 55 44 54 69\
 59 47 46 66 52 64 48 61 56 53 57 49 61 53 43 50 57 53 50 50 58 52 55 42 60 53 63 60 45 59 50 51\
 52 66 48 55 52 67 56 71 56 55 56 51 54 60 60 49 70 60 43 62 55 42 40 54 63 51 51 65 57 56 63 45\
 47 57 56 55 42 55 54 39 55 53 44 51 64 45 48 60 49 56 63 50 58 63 56 62 42 59 52 52 59 47 56 50\
 55 65 46 47 68 46 55 49 54 54 38 51 59 46 54 51 55 56 49 39 43 53 83 49 49 55 41 61 59 60 53 45\
 49 48 56 56 51 71 66 59 56 46 50 66 41 55 45 54 49 50 55 54 53 55 56 40 56 60 47 58 43 58 67 53\
 60 67 39 40 59 42 66 54 35 55 54 50 59 50 54 60 51 49 48 62 51 50 51 41 45 52 56 47 45 54 50 39\
 48 51 40 50 56 51 59 55 58 45 59 45 52 56 49 48 58 51 41 57 42 62 57 57 56 49 50 64 46 42 42 45\
 53 60 45 54 57 55 45 55 46 46 43 43 56 62 54 56 53 52 63 55 50 56 54 43 52 57 51 60 56 49 49 61\
 51 50 61 65 50 58 57 59 46 62 63 53 52 53 48 43 50 44 55 55 58 58 43 49 65 52 43 52 54 42 42 46\
 61 51 51 55 53 56 56 49 54 54 55 42 52 70 41 63 46 40 44 53 44 56 43 46 44 55 58 47 54 55 59 50\
 51 48 48 50 65 44 37 55 50 49 52 53 56 52 45 47 53 54 41 69 45 67 59 42 49 61 44 56 52 49 46 59\
 61 50 51 50 56 42 47 45 57 68 47 49 48 40 58 54 51 52 52 56 54 53 54 53 55 69 54 70 66 62 59 55\
 56 58 54 67 70 65 51 59 65 67 65 80 59 62 61 70 73 63 68 73 62 63 60 59 62 59 57 52 63 54 56 51\
 81 56 52 60 54 48 51 47 61 59 62 49 54 55 67 57 46 50 42 57 63 57 44 55 66 51 61 45 45 56 58 49\
 52 60 56 60 39 59 58 50 50 55 64 59 46 52 65 61 63 59 56 59 50 65 61 69 51 65 64 64 43 70 56 39\
 78 63 63 74 85 73 58 76 80 74 76 86 87 65 73 91 66 66 70 78 83 70 72 73 72 70 72 77 61 57 59 65\
 57 58 72 55 58 68 65 59 65 60 67 67 57 64 62 60 60 58 57 56 38 60 59 45 56 57 55 57 47 52 48 64\
 71 49 54 45 62 54 60 61 60 57 68 61 59 53 67 64 50 46 59 51 63 59 60 56 50 57 52 66 46 54 67 53\
 55 60 73 68 60 59 60 55 56 46 50 44 54 53 58 62 57 65 62 53 58 64 51 68 79 62 78 53 73 61 62 82\
 68 70 65 76 56 67 66 78 61 59 63 60 66 69 62 62 51 46 62 80 53 76 69 55 62 63 71 52 55 70 66 63\
 70 69 71 56 63 61 67 54 82 62 75 70 66 79 66 48 82 57 51 62 69 62 61 70 62 60 54 68 64 62 72 80\
 70 76 62 66 64 69 65 73 76 70 71 60 66 70 68 66 52 69 65 75 64 54 73 66 73 86 88 63 83 57 63 87\
 73 71 85 68 69 62 80 72 69 80 76 85 83 62 69 76 67 78 80 85 72 87 89 86 83 73 85 80 87 70 80 74\
 82 72 76 75 81 99 86 82 94 84 71 81 75 93 89 76 87 89 95 81 78 92 96 86 93 85 93 80 96 102 92 99\
 100 107 109 105 108 120 130 120 130 144 163 126 141 154 149 141 154 189 193 202 250 252 255 274 280 283 317 326 342 352 349 358\
 394 385 398 445 425 366 418 430 411 460 410 406 410 400 379 375 401 342 320 320 299 245 291 241 250 262 268 230 237 215 228 181\
 193 177 172 181 204 203 232 194 206 200 184 191 214 203 201 216 193 189 193 198 193 183 160 175 174 169 167 157 202 164 178 185\
 161 180 161 180 172 177 135 172 181 162 171 162 168 177 192 135 149 172 183 163 177 191 165 183 163 160 175 196 194 174 187 193\
 194 187 196 200 178 193 205 200 217 239 237 218 206 222 228 232 228 231 228 225 240 236 293 268 240 279 270 257 248 258 277 265\
 295 274 261 286 259 257 268 298 251 308 273 289 292 267 337 298 326 304 320 304 303 372 326 354 343 358 409 371 388 386 416 410\
 430 429 400 436 419 465 452 481 462 490 457 486 446 488 514 482 493 529 518 541 548 583 514 542 579 559 588 592 571 551 603 593\
 629 624 623 638 675 679 637 656 675 672 721 714 703 663 758 817 764 746 741 772 812 812 863 865 881 845 911 930 891 958 978 962\
 1002 1019 1056 1054 1087 1127 1060 1144 1093 1094 1179 1184 1256 1235 1298 1401 1363 1440 1403 1351 1421 1510 1453 1473 1553 1612 1736 1567 1623 1656 1749 1823\
 1754 1860 1794 1883 1907 1973 1954 2043 2013 1979 2087 2098 2117 2193 2094 2129 2277 2222 2301 2317 2341 2295 2257 2456 2554 2533 2578 2688 2776 2833 2930 3041\
 3138 3284 3494 3760 3890 3876 4192 4560 4819 5079 5508 5777 6062 6600 7070 7604 8171 8740 9360 10083 10535 11300 12315 12972 13953 14832 15881 16747 17691 18766 20123 21217\
 22307 23476 25049 26289 27521 28602 30080 31087 32352 33348 35122 35881 37498 38211 39330 40259 41034 41893 42619 43730 44207 44343 45036 45504 46092 46290 46176 46673 46473 46349 46277 46524\
 46312 46475 46601 46519 46390 46648 46991 46957 47294 47681 48211 48674 49378 50026 50012 51079 51811 52545 53557 54404 54791 55562 55523 55655 55763 55774 55858 55616 54926 54085 53325 52263\
 50734 49627 47585 46339 43848 42042 39321 37434 35205 32881 30878 28390 26176 23841 21850 19665 17472 16227 14173 12798 11187 9666 8499 7434 6360 5734 4731 4011 3411 2835 2441 2088\
 1770 1433 1244 1047 852 711 604 465 368 315 293 214 229 172 175 131 124 123 113 105 90 93 92 82 82 76 77 71 59 78 50 57\
 61 65 65 62 64 50 58 66 69 55 48 59 68 52 46 44 41 44 45 57 49 31 45 49 51 51 40 33 37 38 34 27\
 38 35 24 48 25 42 29 42 33 33 30 16 26 23 20 25 25 27 27 28 25 24 24 25 28 24 27 29 25 29 31 22


#S 13 mca_save_point Point:12 Scan:115 Datafile:20151023
#D Sat Oct 24 18:16:01 2015
#U Epics mca: dp_vortex_xrd45:mca1
#T 300  (Seconds)
#Q 0 0 0.0279849
#Energy 10
#Monc 5753801 73710248
#@MCA %32C
#@CHANN 1000 0 999 1
#@CTIME 300 300 150.517
#@CALIB -17.487 5.2147 0
#N 1
#L Epics MCA
@A 0 0 0 0 0 0 0 0 0 0 0 0 0 0 0 0 0 0 0 0 0 0 0 0 0 0 0 0 0 0 0 0\
 0 0 0 0 0 0 0 0 0 0 0 0 0 0 0 0 0 0 0 0 0 0 0 0 0 0 0 0 0 0 0 0\
 0 0 0 0 0 0 0 0 0 0 0 0 0 0 0 0 0 0 0 0 0 0 0 0 0 0 0 0 0 0 0 0\
 0 0 0 0 0 0 0 0 0 0 0 0 0 0 0 0 0 0 0 0 0 0 0 0 0 0 0 0 0 0 0 0\
 0 0 0 0 0 0 0 0 0 0 0 0 0 0 0 0 1 0 0 0 0 0 0 1 0 0 2 0 1 0 0 1\
 0 4 3 1 15 7 8 11 20 24 22 31 39 41 49 48 45 44 68 76 63 68 85 88 57 77 82 59 71 87 95 75\
 76 80 62 80 80 78 88 67 66 77 75 92 66 78 69 59 66 83 70 76 65 74 70 88 63 74 96 63 76 77 61 67\
 69 65 67 67 73 65 71 70 65 54 72 60 61 62 75 58 78 78 78 70 64 67 61 64 79 66 60 66 64 58 64 63\
 82 72 52 54 59 60 65 53 73 54 56 57 56 67 57 56 58 64 68 60 64 67 66 69 76 71 55 72 76 62 75 77\
 70 59 68 63 59 56 63 64 62 54 57 61 50 57 69 58 37 54 58 55 59 48 54 47 68 54 55 67 58 48 67 59\
 54 55 62 74 58 67 59 49 66 62 57 46 60 61 74 54 61 60 56 54 56 77 62 53 74 71 69 47 70 57 62 76\
 71 59 56 59 63 54 59 60 60 70 60 77 55 57 68 63 57 75 78 89 68 64 77 55 67 64 69 64 59 57 58 61\
 64 67 68 64 64 49 60 66 61 67 71 74 68 64 74 74 56 66 60 62 69 52 61 61 75 55 56 62 64 68 74 68\
 71 57 65 63 59 59 63 69 55 58 74 70 81 60 63 56 60 54 63 75 79 62 65 74 72 66 66 63 70 66 65 79\
 50 53 68 57 66 65 72 50 60 53 58 67 61 62 77 58 69 57 55 73 52 59 71 59 55 52 66 70 53 61 70 70\
 55 54 59 67 63 61 67 54 57 59 60 67 69 60 57 61 71 61 64 49 64 62 60 74 64 55 48 48 49 66 71 47\
 59 72 59 58 51 62 67 64 59 42 65 54 62 65 71 53 56 59 55 51 61 59 67 61 59 57 48 56 61 53 51 47\
 61 53 69 69 61 55 57 59 50 52 49 51 60 59 49 62 68 66 67 66 53 56 59 55 63 70 55 62 70 62 53 62\
 61 56 63 46 55 46 54 58 68 72 55 59 58 50 56 50 54 65 48 66 63 59 49 65 53 57 62 47 48 62 67 60\
 43 69 49 46 45 50 51 62 70 64 51 65 60 67 55 61 53 63 61 53 55 62 71 55 60 52 64 47 58 66 59 63\
 45 62 49 64 52 54 47 61 60 60 60 57 52 54 55 57 56 53 53 48 59 49 59 66 55 65 61 53 57 68 58 62\
 46 61 71 49 45 48 55 42 60 69 56 48 59 50 65 57 56 54 61 66 49 62 64 53 62 61 58 73 75 77 79 83\
 69 83 100 94 83 90 89 81 87 84 70 97 84 79 64 76 66 71 66 75 63 59 47 61 58 65 59 53 66 55 47 50\
 64 48 61 46 51 41 63 56 62 44 55 53 71 55 62 42 55 42 57 48 49 41 42 40 60 61 51 41 64 71 54 59\
 56 66 43 63 48 55 65 61 68 68 73 52 68 70 58 68 48 64 53 47 53 51 52 48 54 58 57 54 52 68 50 62\
 48 62 45 48 59 52 57 47 57 49 58 46 35 63 52 49 49 46 52 60 47 50 51 59 45 53 46 54 49 65 53 68\
 47 54 49 58 52 56 58 49 51 54 48 41 56 54 68 61 55 53 45 55 54 51 45 49 53 52 50 57 47 46 65 53\
 62 42 61 55 46 48 56 59 58 53 51 61 58 64 48 59 39 52 49 56 49 54 53 60 54 42 57 48 65 58 47 58\
 63 47 59 50 61 63 53 63 57 47 53 48 55 63 63 52 47 44 58 43 39 47 60 57 70 39 56 53 61 53 51 42\
 51 46 47 56 50 52 53 56 54 52 48 58 58 55 62 57 48 49 60 55 52 60 46 54 47 52 57 55 46 49 52 43\
 40 49 58 64 53 54 50 64 62 55 50 39 60 56 50 49 55 50 44 53 48 58 57 63 62 46 51 45 47 44 46 48\
 44 57 54 51 49 52 54 49 53 46 54 62 49 50 61 55 53 44 51 59 61 50 58 56 54 52 59 59 57 45 53 48\
 55 61 54 50 52 56 60 49 50 66 51 66 56 55 51 42 62 53 53 52 41 45 56 51 45 53 56 49 41 62 47 48\
 54 75 60 59 59 53 72 53 43 49 54 56 45 46 58 41 50 53 52 55 56 50 63 46 54 44 43 53 50 64 48 51\
 59 50 41 61 48 57 44 57 63 53 52 57 55 46 59 49 52 53 52 52 63 60 56 53 51 46 45 53 67 58 58 50\
 68 71 65 58 60 71 74 58 82 58 53 70 62 72 76 51 63 69 70 46 66 69 65 71 60 57 67 64 51 60 47 65\
 65 57 54 59 58 51 57 47 49 54 56 55 52 56 46 38 63 64 52 52 61 52 66 46 51 64 42 60 55 46 56 53\
 45 54 62 47 68 53 66 61 51 48 48 68 49 53 51 63 47 59 67 56 62 51 62 67 74 59 58 50 62 56 63 74\
 68 62 66 71 64 79 66 77 60 80 80 73 85 96 78 87 86 86 73 73 81 76 64 74 69 72 67 82 80 60 59 60\
 56 55 57 63 59 50 71 49 57 49 59 59 58 54 43 51 67 54 67 61 46 48 59 55 57 60 50 74 54 53 57 61\
 53 55 53 64 56 72 78 65 74 55 71 58 68 62 62 65 52 64 61 53 54 73 61 69 66 57 74 57 54 57 60 53\
 55 62 54 63 68 58 65 60 53 63 58 60 61 48 81 67 65 57 50 76 67 55 55 67 61 74 68 55 67 68 58 67\
 62 56 65 71 60 59 53 61 65 80 58 65 55 70 61 64 52 68 68 70 63 84 79 70 69 68 84 54 57 56 72 65\
 79 77 54 62 72 63 61 65 81 56 71 68 68 63 83 67 55 76 71 78 72 77 79 66 78 80 65 66 76 69 54 76\
 68 72 60 93 70 75 75 75 77 80 80 60 62 89 90 83 80 71 87 76 60 63 67 62 86 57 69 83 64 72 69 90\
 86 85 75 64 75 81 70 72 94 88 108 85 79 80 74 86 84 82 85 76 78 67 75 100 72 79 89 91 83 67 96 93\
 81 85 90 83 86 95 98 79 81 99 75 105 76 83 87 76 90 82 78 76 91 96 103 90 100 107 91 115 88 96 111 78\
 72 114 118 123 111 114 115 129 110 154 142 137 129 143 196 167 176 162 199 229 209 215 243 289 265 303 292 316 323 379 380 381\
 381 414 391 422 441 448 394 425 411 402 433 425 387 363 384 382 376 307 325 286 291 298 317 279 266 221 242 261 232 237 237 194\
 204 194 216 184 181 187 193 202 201 199 180 207 223 218 216 179 208 187 191 228 159 196 196 183 175 167 208 193 193 160 162 162\
 173 156 158 196 154 171 187 161 164 152 171 167 166 180 165 173 164 141 180 149 176 168 156 163 168 191 180 172 193 216 203 192\
 200 211 183 218 207 220 203 195 192 236 220 232 238 223 236 250 228 225 240 234 246 263 236 238 266 257 267 274 280 267 289 250\
 312 253 292 303 285 269 287 281 297 288 334 286 312 325 311 352 332 320 386 318 341 347 343 335 362 382 379 375 409 389 419 432\
 431 394 436 441 489 412 461 479 442 487 503 490 522 526 508 522 499 516 525 527 506 539 512 530 547 525 596 572 542 620 606 643\
 640 606 635 632 652 670 630 651 681 697 738 672 715 763 777 768 772 797 815 779 825 930 827 841 916 889 932 971 931 994 962 997\
 1056 1066 1076 1100 1115 1158 1186 1100 1127 1183 1270 1267 1264 1268 1285 1327 1323 1374 1351 1436 1530 1527 1489 1619 1577 1584 1647 1685 1742 1644 1740 1784\
 1874 1943 1846 1918 1965 1944 2029 2027 2183 2005 2117 2233 2184 2212 2232 2221 2287 2325 2318 2307 2384 2336 2437 2491 2530 2645 2657 2731 2881 2966 3040 3091\
 3216 3445 3582 3745 3896 4149 4475 4562 4974 5311 5623 6088 6351 6797 7265 7905 8406 8936 9563 10281 11067 11717 12608 13623 14303 15414 16208 17413 18325 19747 20546 21894\
 22984 23919 25756 26950 28153 29652 30736 32042 33099 34846 35870 36979 38266 39394 40112 40797 42514 43418 43561 44551 45173 45836 45782 46437 46743 47586 47346 47640 47380 47742 47337 47746\
 47536 47553 47478 47320 47853 47744 47876 48157 48827 48874 49476 50137 50302 51075 51272 52679 53088 53948 54575 54926 55499 56453 56815 56868 57445 57211 56900 56963 56009 55388 54291 53046\
 51631 50347 48689 46739 44552 42768 40195 38092 36001 33175 30939 28735 26306 24015 21737 19872 18131 16322 14313 12777 11352 9870 8725 7448 6335 5582 4839 4124 3536 2922 2535 2069\
 1705 1458 1207 1002 825 646 580 439 419 352 283 248 216 195 170 143 118 117 123 119 109 110 92 92 97 90 88 97 74 73 73 92\
 51 58 84 71 65 74 67 54 58 64 43 51 49 45 57 59 56 43 42 45 39 49 56 45 35 46 36 36 42 47 37 30\
 44 42 35 31 41 32 36 27 41 22 26 37 22 27 34 28 27 45 32 31 29 22 32 23 19 23 29 25 19 25 36 32


#S 14 mca_save_point Point:13 Scan:115 Datafile:20151023
#D Sat Oct 24 18:21:10 2015
#U Epics mca: dp_vortex_xrd45:mca1
#T 300  (Seconds)
#Q 0 8.86223e-08 0.0290153
#Energy 10
#Monc 5756927 73780948
#@MCA %32C
#@CHANN 1000 0 999 1
#@CTIME 300 300 146.743
#@CALIB -17.487 5.2147 0
#N 1
#L Epics MCA
@A 0 0 0 0 0 0 0 0 0 0 0 0 0 0 0 0 0 0 0 0 0 0 0 0 0 0 0 0 0 0 0 0\
 0 0 0 0 0 0 0 0 0 0 0 0 0 0 0 0 0 0 0 0 0 0 0 0 0 0 0 0 0 0 0 0\
 0 0 0 0 0 0 0 0 0 0 0 0 0 0 0 0 0 0 0 0 0 0 0 0 0 0 0 0 0 0 0 0\
 0 0 0 0 0 0 0 0 0 0 0 0 0 0 0 0 0 0 0 0 0 0 0 0 0 0 0 0 0 0 0 0\
 0 0 0 0 0 0 0 0 0 0 0 0 0 0 0 0 0 1 1 1 0 0 0 0 0 2 0 0 0 2 1 0\
 3 4 5 6 2 11 10 18 14 22 21 35 44 45 51 54 64 57 74 67 58 72 64 81 80 92 76 76 78 79 76 73\
 80 69 87 95 67 69 63 87 78 61 87 57 79 66 90 71 76 69 86 69 72 72 81 85 64 67 79 72 60 73 81 80\
 74 75 79 68 66 55 71 71 65 68 72 75 73 67 67 68 82 64 74 62 73 73 69 61 71 62 54 57 53 60 71 66\
 84 60 79 63 60 47 64 77 62 71 63 62 48 56 73 63 53 53 65 61 60 65 64 55 52 56 62 62 84 65 58 57\
 71 69 83 58 65 69 71 54 69 60 64 62 68 54 61 53 49 42 57 53 63 50 63 55 56 50 60 55 62 58 52 70\
 70 47 62 47 56 63 53 65 66 55 58 59 47 57 67 41 68 62 71 62 57 68 70 55 56 66 52 63 60 51 64 56\
 64 66 69 44 58 66 70 60 67 61 62 57 68 59 60 64 69 70 68 58 60 65 65 75 64 56 61 68 75 76 67 70\
 69 58 72 59 67 56 57 72 56 69 66 54 57 65 70 62 56 70 74 48 64 68 62 79 57 60 67 72 61 63 49 61\
 69 67 52 90 68 46 62 59 71 72 64 58 50 59 49 59 57 54 64 45 63 71 60 77 59 73 66 54 63 56 58 60\
 54 67 57 66 52 62 49 71 55 68 60 64 64 59 52 70 65 52 59 63 57 59 66 81 75 63 61 65 56 69 41 63\
 71 59 59 60 57 70 53 63 65 59 49 63 62 52 57 63 60 63 74 56 49 55 69 58 47 58 60 51 80 53 53 59\
 54 55 57 66 64 50 66 65 56 56 60 63 69 78 66 56 55 70 50 60 74 53 52 63 60 47 51 47 57 66 46 45\
 53 50 70 58 90 59 55 58 51 64 56 61 64 60 56 70 68 70 74 70 59 60 69 63 68 55 76 58 74 61 63 62\
 62 64 51 60 55 60 52 52 51 65 33 49 58 59 51 54 77 75 53 65 61 67 58 52 51 52 61 48 54 53 81 51\
 62 57 59 73 60 42 56 52 52 66 62 70 69 48 34 63 60 67 59 61 56 54 66 54 59 47 59 54 61 50 60 63\
 48 58 63 64 39 54 53 50 46 80 58 50 58 56 58 66 58 59 49 64 50 55 59 52 43 51 47 63 68 63 53 51\
 50 52 54 69 63 50 47 49 55 59 63 46 71 56 68 49 56 68 58 53 58 59 72 66 65 68 78 66 66 74 79 78\
 86 80 88 95 82 89 70 70 82 81 83 61 89 93 65 55 61 86 59 72 70 60 78 45 60 68 54 51 67 54 57 58\
 50 54 53 58 52 52 69 51 46 46 63 60 64 53 61 77 46 41 57 52 48 70 60 52 48 60 37 55 63 52 60 55\
 57 49 52 56 66 59 75 56 59 51 67 53 57 47 60 65 53 60 49 56 49 50 50 62 56 56 42 50 55 51 61 48\
 50 60 48 52 41 56 49 54 50 57 53 56 61 55 51 62 59 64 33 46 58 59 49 62 49 47 51 56 47 45 51 62\
 57 57 64 56 56 51 46 55 58 58 56 62 62 51 43 57 62 60 65 51 76 44 60 47 45 51 32 61 49 53 54 63\
 51 57 55 50 54 60 60 48 58 58 65 52 51 53 58 56 55 77 56 53 39 50 47 45 60 60 66 57 55 60 55 52\
 54 54 60 60 48 47 45 41 55 54 40 57 64 50 34 51 44 59 63 54 52 59 67 44 37 59 48 49 64 49 60 52\
 67 53 46 53 52 54 46 52 59 45 58 64 53 62 47 40 68 57 63 52 53 56 48 49 49 60 52 54 53 51 64 67\
 63 45 60 48 39 60 44 55 58 44 57 62 54 55 40 59 55 53 59 56 45 66 60 51 57 61 46 52 53 52 40 53\
 49 65 51 67 45 59 60 65 54 55 53 65 65 43 49 40 60 51 55 71 63 54 60 49 62 55 57 64 49 47 59 62\
 57 44 50 66 61 58 54 41 55 44 46 63 39 43 71 58 47 61 52 42 56 46 62 55 53 60 70 52 45 56 64 55\
 46 48 58 65 60 51 49 45 50 53 44 59 47 45 55 40 50 44 46 57 51 53 66 53 59 51 68 48 47 53 58 62\
 50 71 56 44 70 53 49 55 57 49 62 50 48 53 63 55 46 61 59 57 51 61 58 53 56 56 54 69 50 66 66 75\
 65 71 59 54 74 66 64 59 66 55 50 56 69 79 69 61 54 49 59 69 66 87 68 59 61 64 61 60 62 64 59 57\
 63 71 44 57 61 47 49 56 42 60 72 48 53 68 51 49 47 55 55 61 47 58 61 44 50 70 69 59 69 49 56 51\
 57 70 55 54 51 66 63 51 61 60 58 50 54 55 41 56 49 66 58 61 55 58 69 57 55 65 65 70 60 58 67 74\
 64 68 76 78 65 83 74 79 77 78 76 99 81 74 86 75 71 80 71 81 81 78 73 66 77 75 55 64 89 73 62 65\
 58 66 53 74 41 69 54 61 47 47 72 61 64 60 59 63 63 51 62 56 48 64 53 58 55 55 65 52 59 55 57 60\
 53 60 68 55 45 53 73 65 56 46 60 50 63 68 62 60 77 65 64 56 55 52 61 50 60 56 52 68 62 59 60 53\
 47 78 61 64 68 61 67 68 68 53 74 54 76 64 73 59 60 64 62 77 75 60 67 59 54 60 67 54 77 57 66 58\
 78 77 75 79 68 83 61 75 78 72 70 69 72 63 68 68 49 47 68 58 53 68 60 71 77 59 70 70 75 70 53 59\
 62 76 72 66 66 65 67 57 84 56 77 73 53 63 71 75 68 53 76 67 86 71 71 61 78 75 66 63 62 55 71 56\
 70 76 74 49 62 77 60 79 69 85 85 62 78 72 72 91 59 78 73 73 78 74 67 90 68 77 66 69 66 69 70 73\
 73 75 78 77 81 84 84 86 63 77 89 74 83 82 73 82 79 67 82 91 69 87 80 70 71 81 84 92 103 86 101 83\
 73 84 76 80 86 86 83 99 102 108 90 94 72 92 84 96 71 93 97 91 109 80 92 100 106 80 96 92 96 103 99 97\
 105 106 99 115 102 105 127 120 119 153 143 133 144 151 148 171 214 203 235 196 211 266 253 311 298 321 328 322 343 376 412 383\
 420 478 377 406 423 455 445 432 449 401 444 433 369 410 381 399 403 359 312 357 318 292 312 252 265 258 239 247 233 219 216 199\
 210 223 196 191 195 193 158 203 205 203 194 195 197 208 207 241 213 191 204 185 188 190 183 178 180 175 186 185 172 188 190 167\
 168 174 185 186 185 182 156 150 177 157 167 191 143 161 164 172 184 159 177 171 196 181 167 190 195 162 204 184 175 174 185 192\
 205 196 209 204 241 212 227 219 222 222 217 216 220 254 253 232 238 260 263 234 261 249 267 241 285 242 245 273 268 251 277 278\
 297 293 285 291 303 298 287 309 289 329 339 302 307 295 320 338 331 331 331 341 343 319 334 386 351 344 406 382 382 420 408 406\
 423 409 434 441 411 449 475 454 466 441 468 512 489 508 521 481 514 565 554 547 584 542 539 544 550 561 562 591 572 606 588 643\
 610 657 653 673 660 617 667 707 721 707 686 706 753 760 775 814 802 769 842 812 792 882 897 911 905 836 979 896 933 965 976 977\
 1039 1016 1038 1100 1121 1121 1097 1086 1220 1240 1254 1263 1315 1333 1254 1352 1335 1390 1423 1450 1446 1527 1556 1537 1535 1622 1669 1661 1710 1737 1790 1842\
 1835 1936 1896 2030 1968 2025 2073 2106 2109 2057 2207 2106 2195 2334 2223 2255 2327 2276 2394 2339 2454 2464 2437 2578 2564 2713 2732 2795 2879 3045 3047 3280\
 3288 3520 3586 3808 3803 4089 4412 4626 5045 5278 5648 6061 6588 6793 7404 7826 8382 8947 9557 10323 10995 11852 12626 13787 14431 15341 16355 17488 18519 19671 21053 22045\
 23654 24507 25824 26688 28343 29509 31001 32252 33071 34947 35911 37179 38650 39804 41135 41956 42442 43878 44290 44614 45689 45975 46527 46859 47223 47735 48083 48044 48320 48560 48493 48063\
 47915 48086 48160 48380 48268 48366 47952 48465 48785 49653 49740 50412 50858 51354 52261 53078 53887 53995 54898 55556 56053 57005 57391 57536 58388 57585 57883 57377 56800 55973 54967 53956\
 52883 50760 48670 47402 45261 42932 40670 38169 36464 33715 31265 29198 26786 24423 22394 19989 17928 16479 14712 12620 11206 9883 8744 7610 6597 5730 4852 4107 3448 3025 2566 2127\
 1683 1539 1157 1027 838 725 595 492 430 323 285 230 204 188 171 148 117 126 104 142 100 95 93 94 80 78 77 74 86 89 86 74\
 72 67 73 77 59 75 59 67 72 57 55 58 55 56 66 62 52 52 49 50 49 37 52 45 50 47 54 40 40 56 32 44\
 37 48 42 49 46 43 29 44 41 41 28 40 37 41 33 33 30 39 36 37 37 26 40 29 29 34 33 36 38 30 27 31


#S 15 mca_save_point Point:14 Scan:115 Datafile:20151023
#D Sat Oct 24 18:26:19 2015
#U Epics mca: dp_vortex_xrd45:mca1
#T 300  (Seconds)
#Q 0 2.61735e-08 0.0299927
#Energy 10
#Monc 5727123 73768376
#@MCA %32C
#@CHANN 1000 0 999 1
#@CTIME 300 300 142.679
#@CALIB -17.487 5.2147 0
#N 1
#L Epics MCA
@A 0 0 0 0 0 0 0 0 0 0 0 0 0 0 0 0 0 0 0 0 0 0 0 0 0 0 0 0 0 0 0 0\
 0 0 0 0 0 0 0 0 0 0 0 0 0 0 0 0 0 0 0 0 0 0 0 0 0 0 0 0 0 0 0 0\
 0 0 0 0 0 0 0 0 0 0 0 0 0 0 0 0 0 0 0 0 0 0 0 0 0 0 0 0 0 0 0 0\
 0 0 0 0 0 0 0 0 0 0 0 0 0 0 0 0 0 0 0 0 0 0 0 0 0 0 0 0 0 0 0 0\
 0 0 0 0 0 0 0 0 0 1 0 0 0 0 0 2 0 0 0 0 0 1 0 0 0 0 0 0 1 0 0 4\
 6 5 7 5 7 9 11 8 13 14 29 35 28 32 42 57 46 57 60 55 70 77 71 75 72 78 70 73 69 97 76 92\
 79 83 89 78 64 81 74 75 71 80 59 71 77 75 56 66 79 74 69 84 71 70 81 59 65 75 73 73 77 68 78 60\
 67 71 64 67 63 68 55 81 60 71 73 55 62 52 74 71 69 62 68 70 59 63 52 55 66 70 48 58 65 68 69 60\
 48 66 57 58 52 70 75 59 50 63 60 54 66 43 53 63 53 55 70 56 57 70 50 45 64 72 64 53 61 50 68 67\
 60 48 56 53 61 55 64 64 58 66 63 67 58 61 35 59 58 63 59 52 61 68 56 57 72 54 57 69 47 69 50 47\
 55 55 73 55 56 69 73 68 57 70 61 66 54 58 63 58 49 63 65 50 54 58 70 58 58 58 56 64 70 65 68 67\
 82 65 49 60 59 67 68 58 63 72 63 70 70 67 59 57 71 65 61 66 64 67 65 73 61 61 74 68 55 75 60 62\
 64 65 56 57 48 48 66 43 70 71 57 62 62 80 60 59 60 71 67 57 46 59 73 61 52 73 63 63 60 65 64 66\
 68 72 75 62 81 70 71 79 72 68 71 56 59 77 64 56 47 70 72 58 81 60 60 68 62 58 62 69 61 70 56 66\
 81 66 61 67 53 68 62 50 49 77 64 61 53 57 50 56 69 58 61 58 54 55 62 56 52 63 71 79 69 63 62 50\
 53 60 68 61 63 61 70 58 54 61 53 53 61 57 56 55 50 48 71 61 46 62 60 73 63 58 67 62 63 57 60 65\
 60 71 60 64 71 59 65 67 69 70 52 50 71 60 68 76 57 58 56 71 82 63 56 64 57 54 54 70 62 70 56 62\
 74 77 48 68 61 46 49 62 53 67 61 77 51 60 46 59 49 62 67 63 47 64 70 66 57 60 52 67 56 50 72 61\
 52 58 62 62 61 67 54 39 57 51 51 49 56 48 54 49 58 59 50 47 57 54 66 54 62 50 66 57 54 64 64 59\
 54 66 53 45 77 59 50 53 52 54 58 58 70 70 58 66 47 58 57 49 58 50 67 63 58 52 60 54 50 58 77 54\
 60 61 43 57 26 57 54 56 55 64 47 52 51 56 63 48 48 62 54 61 50 50 56 49 53 58 53 64 71 54 48 55\
 45 62 62 68 66 56 65 62 49 57 66 53 53 51 58 49 57 57 60 62 59 55 50 67 65 74 56 69 70 76 76 89\
 71 90 91 84 95 108 88 98 81 91 78 84 73 78 66 66 62 76 55 76 52 72 66 56 58 62 67 61 56 53 58 59\
 57 59 56 53 49 60 51 44 60 47 61 60 61 57 55 47 55 59 67 49 55 64 52 54 54 59 55 52 48 53 53 55\
 59 58 64 51 47 59 78 46 62 58 55 53 61 50 51 54 43 41 44 68 50 55 54 63 46 64 61 49 57 52 55 40\
 47 55 56 50 62 51 36 48 55 63 62 52 42 51 51 52 60 63 56 47 53 51 58 67 50 43 60 73 64 60 61 39\
 60 68 49 45 53 53 65 58 52 54 48 48 60 61 48 62 44 49 56 61 57 53 58 43 53 58 38 62 42 41 57 55\
 57 58 48 52 49 56 58 50 66 61 58 50 47 65 46 59 40 55 59 53 57 56 55 59 61 60 43 64 41 50 70 51\
 56 52 40 53 67 52 51 58 57 52 49 53 58 59 63 64 55 53 51 54 45 72 63 49 68 54 69 47 52 67 52 49\
 57 53 54 61 52 54 43 56 57 69 50 61 59 57 64 62 47 66 56 49 63 58 48 51 59 54 53 55 48 48 52 60\
 59 52 60 62 48 53 52 47 48 57 59 65 55 44 48 57 63 51 70 64 55 49 45 61 57 60 46 52 76 60 55 62\
 49 62 52 52 51 57 59 46 48 54 67 54 66 51 44 48 53 55 64 70 57 59 50 49 64 43 39 41 74 36 37 56\
 47 55 55 47 60 62 50 52 54 46 43 51 69 45 49 51 71 57 68 56 60 62 48 51 50 62 40 49 61 72 52 65\
 56 48 50 50 52 47 63 49 52 52 63 54 48 53 50 44 72 47 54 64 45 43 44 50 56 59 64 40 60 60 41 43\
 42 50 52 61 65 62 56 51 45 49 59 63 57 47 54 46 58 61 50 50 61 38 56 61 54 57 70 67 60 56 61 65\
 57 49 51 59 67 56 50 85 74 71 58 89 59 74 67 68 52 59 84 64 69 77 70 66 54 54 53 55 51 70 69 51\
 58 51 58 74 56 53 51 54 45 64 57 50 55 62 53 52 53 52 58 60 58 48 52 61 61 54 61 57 65 65 65 71\
 53 48 51 51 70 61 55 55 52 61 58 49 64 69 55 58 70 44 69 65 47 60 51 67 59 60 71 73 64 68 61 65\
 68 67 68 60 77 66 75 74 87 78 69 76 95 73 97 85 79 102 84 82 70 86 83 74 88 70 68 57 63 63 49 67\
 61 58 56 68 61 58 59 60 79 78 60 61 58 66 69 51 52 57 71 62 70 64 65 60 61 74 44 75 62 63 69 67\
 55 79 66 65 66 69 57 62 55 62 51 69 74 62 52 60 61 51 64 52 67 65 56 63 60 50 63 61 54 69 66 60\
 68 53 60 56 62 75 74 59 68 64 57 71 60 54 68 64 67 51 66 70 56 61 57 67 67 54 72 52 74 83 78 59\
 61 71 69 70 53 64 81 69 75 64 69 81 61 77 75 69 61 66 78 65 65 72 58 60 65 67 68 66 49 58 72 56\
 76 62 68 73 68 67 81 76 56 70 55 65 78 66 56 61 79 61 59 82 79 66 75 71 68 62 68 65 74 86 72 75\
 62 76 70 75 69 84 67 68 68 68 78 68 54 76 83 80 76 79 74 74 80 62 68 84 78 68 85 68 82 81 88 72\
 74 63 73 70 70 83 88 74 83 76 97 100 71 85 87 84 73 65 75 92 65 90 86 89 73 74 72 88 76 73 105 87\
 93 74 88 105 90 78 78 74 84 88 80 109 88 87 101 83 88 97 113 98 78 87 84 106 110 101 99 86 98 104 106 100\
 88 114 118 124 121 115 110 133 123 126 146 137 153 149 177 177 199 204 202 224 259 265 251 271 320 317 315 355 356 375 379 410\
 397 412 415 438 414 427 432 423 467 407 387 394 419 379 413 380 337 360 326 341 331 323 280 278 257 258 224 218 228 225 238 220\
 201 196 221 229 211 221 211 194 209 223 209 192 197 212 217 207 187 158 237 198 184 194 199 194 173 190 201 177 191 182 200 183\
 160 169 180 157 156 149 174 152 152 153 150 180 189 141 182 179 157 166 172 158 173 171 197 164 191 201 185 190 194 213 170 202\
 183 215 219 195 212 220 215 245 215 234 222 254 234 227 230 230 239 279 240 214 220 246 275 254 269 251 259 274 277 262 278 261\
 247 288 289 260 292 306 280 301 294 313 289 309 294 327 333 328 314 344 347 322 345 348 348 366 368 411 371 402 439 393 398 407\
 414 454 440 433 452 465 447 476 495 499 472 537 527 509 518 549 496 541 487 565 549 589 563 558 550 571 594 575 570 593 638 628\
 630 621 668 666 674 658 690 701 672 700 711 716 723 766 740 785 820 823 786 796 842 871 867 894 900 937 950 928 949 1029 1031 992\
 1031 1107 1035 1065 1116 1123 1146 1145 1251 1231 1202 1247 1270 1327 1329 1345 1347 1399 1453 1469 1505 1522 1559 1671 1601 1621 1681 1751 1718 1801 1807 1872\
 1974 1873 1955 1976 2030 2020 2083 2097 2149 2144 2186 2224 2196 2177 2346 2269 2346 2358 2348 2395 2469 2433 2536 2549 2646 2707 2727 2831 2821 2985 3140 3149\
 3430 3489 3499 3924 4054 4315 4569 4886 5149 5345 5830 6267 6524 7044 7605 8047 8720 9195 10112 10642 11483 12161 12979 13799 14810 15953 16773 17877 19100 20174 21252 22596\
 23411 25054 25939 27657 29121 30022 31694 32718 34090 35703 36713 38003 39068 40130 41302 42158 42932 43817 44981 45505 45881 46593 47445 47696 47774 48647 48392 48420 48735 48464 48569 48209\
 48360 48342 48562 48118 48456 49072 48938 49535 49320 49833 50334 51024 51403 52004 52786 53682 54188 55093 55947 56564 56875 57779 57987 58005 58108 58327 58079 57572 57234 56478 55158 54251\
 53010 50969 49110 47189 45229 42954 40743 38705 35714 33433 31202 29029 26343 24045 21773 20039 17791 16060 14388 12533 11051 9946 8710 7354 6503 5550 4805 4086 3358 2904 2371 2045\
 1758 1356 1183 1026 873 679 586 523 420 355 260 273 207 200 196 160 145 139 125 101 114 92 93 89 96 90 89 106 78 83 88 91\
 80 84 96 73 78 82 67 49 65 71 74 76 53 66 67 69 61 61 58 56 43 68 41 31 37 47 39 56 45 45 44 46\
 58 55 43 35 44 41 43 43 45 36 33 28 33 27 36 34 30 30 34 37 20 29 30 28 41 26 28 34 30 31 30 23

