#F ./vortex/20151023_140_mca
#E 1445750475
#D Sun Oct 25 00:21:15 2015
#C surf  User = epics

#C Saving MCA data for Scan:140 in Datafile:20151023

#S 1 mca_save_point Point:0 Scan:140 Datafile:20151023
#D Sun Oct 25 00:21:15 2015
#U Epics mca: dp_vortex_xrd45:mca1
#T 300  (Seconds)
#Q 0 0 0.0159914
#Energy 10
#Monc 5521748 71200456
#@MCA %32C
#@CHANN 1000 0 999 1
#@CTIME 300 300 295.274
#@CALIB -17.487 5.2147 0
#N 1
#L Epics MCA
@A 0 0 0 0 0 0 0 0 0 0 0 0 0 0 0 0 0 0 0 0 0 0 0 0 0 0 0 0 0 0 0 0\
 0 0 0 0 0 0 0 0 0 0 0 0 0 0 0 0 0 0 0 0 0 0 0 0 0 0 0 0 0 0 0 0\
 0 0 0 0 0 0 0 0 0 0 0 0 0 0 0 0 0 0 0 0 0 0 0 0 0 0 0 0 0 0 0 0\
 0 0 0 0 0 0 0 0 0 0 0 0 0 0 0 0 0 0 0 0 0 0 0 0 0 0 0 0 0 0 0 0\
 0 0 0 0 0 0 0 0 0 0 0 0 0 0 0 0 0 0 0 0 0 0 0 0 0 0 0 0 0 0 0 0\
 0 0 0 0 0 0 0 0 0 0 1 0 0 1 1 1 0 0 0 0 1 1 1 2 0 1 1 0 1 1 2 0\
 0 0 1 3 2 0 2 0 0 1 1 2 2 1 1 1 0 0 0 1 0 1 3 0 1 0 1 1 2 1 2 0\
 0 0 1 0 1 0 0 1 0 2 0 2 1 2 1 1 2 1 0 0 1 0 0 1 1 2 0 0 0 0 1 0\
 0 1 2 1 1 1 1 3 1 1 0 1 0 0 2 0 0 2 1 0 1 2 2 1 1 1 0 0 0 1 1 1\
 0 1 0 1 1 0 1 1 0 0 0 1 1 3 1 0 1 0 1 1 0 2 0 0 1 0 2 1 0 1 0 0\
 0 0 1 0 1 0 0 0 0 2 1 1 0 1 0 1 0 2 3 2 2 0 1 0 0 2 0 1 0 0 1 0\
 1 2 0 0 0 1 2 0 0 0 0 1 0 0 0 1 0 2 1 1 2 0 3 1 1 1 0 2 1 2 2 3\
 0 3 2 1 1 1 0 1 1 1 1 2 0 0 1 1 1 1 0 0 1 1 1 2 1 0 1 1 0 1 1 0\
 1 0 0 2 1 1 1 2 0 0 2 3 2 2 1 0 1 0 0 0 0 4 0 0 1 1 0 1 0 3 1 3\
 0 1 1 1 0 0 0 0 0 3 1 1 0 0 1 0 1 0 1 1 1 0 1 1 1 0 0 1 1 0 0 0\
 3 0 1 1 2 1 0 2 0 0 1 0 0 0 0 1 1 1 0 0 1 0 1 0 0 0 0 1 2 0 1 2\
 0 1 0 1 2 0 1 0 0 0 1 0 1 2 1 1 1 1 1 3 0 1 0 1 0 1 0 0 0 1 1 1\
 1 0 0 1 0 2 1 1 1 2 2 2 1 2 2 0 0 0 3 5 2 2 3 4 4 4 4 7 4 4 2 4\
 6 5 2 7 3 3 3 0 3 0 1 4 1 0 0 1 3 0 2 0 2 2 0 0 0 0 0 2 1 1 1 1\
 0 0 0 1 0 1 0 1 2 2 1 2 3 2 0 3 1 1 1 0 0 0 0 1 1 1 0 4 1 0 1 1\
 0 1 1 2 1 0 1 1 0 0 0 2 0 0 0 2 0 0 0 0 2 0 2 3 1 1 1 0 1 0 1 1\
 0 0 2 1 2 0 2 0 1 2 0 1 1 2 0 5 1 0 3 3 5 2 5 2 16 12 22 14 15 19 18 23\
 21 24 39 32 60 47 38 43 54 49 42 53 42 54 46 46 42 33 35 33 31 30 24 28 11 17 18 11 9 5 4 4\
 6 2 1 2 3 1 2 2 1 1 0 1 0 1 1 0 2 3 2 1 5 0 2 3 1 0 4 2 2 5 6 6\
 6 5 4 5 7 8 19 6 11 9 12 8 12 9 4 6 9 3 3 3 7 5 4 4 1 2 2 2 7 0 1 0\
 0 3 0 2 0 0 0 0 1 0 0 1 0 1 0 2 0 0 1 1 0 1 0 0 0 0 1 0 1 0 0 1\
 1 0 1 0 1 1 0 0 2 1 0 0 0 0 0 1 1 0 0 2 0 0 0 0 0 0 2 0 0 1 2 0\
 1 0 0 1 0 0 0 0 0 1 0 1 1 0 0 0 0 2 0 0 1 1 1 0 1 0 0 0 1 0 2 0\
 0 1 0 0 0 0 0 0 2 0 0 0 0 1 0 0 1 2 0 0 0 0 0 1 0 1 0 0 1 1 1 2\
 1 1 0 1 2 1 0 0 1 0 1 1 1 1 0 0 0 0 0 0 2 0 1 0 0 0 1 1 0 0 0 0\
 0 1 2 0 0 0 0 1 0 1 0 2 0 0 0 0 0 1 1 0 0 1 1 0 1 0 2 0 0 0 1 0\
 0 1 1 0 1 1 1 2 1 0 0 0 2 0 0 0 0 2 0 0 0 1 0 2 1 0 1 1 0 0 0 1\
 0 0 0 0 0 0 1 0 2 0 1 1 0 2 2 0 0 0 0 0 0 0 3 0 1 0 0 0 0 0 1 0\
 0 1 0 0 0 0 1 0 0 0 0 1 1 0 0 1 0 0 0 0 1 0 1 0 2 0 1 0 0 0 1 0\
 0 1 1 1 0 0 0 1 1 0 0 0 0 0 0 0 0 0 2 1 1 0 0 0 0 0 0 0 0 1 1 0\
 1 2 0 0 0 1 1 2 0 0 1 1 1 1 0 1 1 0 0 1 0 1 1 0 1 0 0 1 0 0 1 1\
 0 1 0 0 1 0 0 1 0 0 0 0 1 1 0 1 1 1 1 1 0 1 0 0 0 2 2 0 0 0 0 0\
 0 0 0 0 0 1 0 0 0 0 0 1 0 0 0 0 0 1 0 2 1 2 0 1 0 3 0 1 3 3 1 1\
 0 0 1 0 1 4 1 0 0 3 3 5 5 0 3 3 1 2 0 3 1 4 0 1 3 5 3 5 2 0 4 1\
 3 0 2 3 0 0 0 0 0 0 0 1 1 0 0 2 0 0 0 0 1 0 1 0 0 1 1 0 0 1 0 0\
 0 0 0 0 0 0 1 0 2 0 0 1 0 0 1 0 1 3 0 1 0 2 2 0 0 0 0 0 1 0 1 2\
 0 2 0 2 0 0 0 1 1 2 1 0 1 0 2 1 0 2 2 0 0 0 0 0 1 2 1 1 0 1 0 0\
 0 2 1 2 1 0 0 0 1 2 0 2 2 0 0 0 0 2 1 1 1 1 0 0 2 1 1 3 1 0 2 1\
 2 2 0 1 1 1 0 1 0 2 1 3 1 1 1 2 1 2 0 1 0 0 1 0 1 1 1 0 0 0 0 1\
 2 2 1 0 1 0 1 0 1 0 2 0 0 2 1 1 2 0 0 1 3 1 1 3 4 2 4 1 1 4 1 3\
 3 3 3 4 0 3 5 5 4 2 1 1 4 1 0 3 2 1 0 1 1 0 1 0 3 0 2 1 4 0 0 0\
 1 0 0 1 0 1 1 0 0 1 0 1 0 0 3 0 0 3 1 1 1 2 0 0 0 2 1 2 0 1 2 0\
 3 1 0 0 1 1 2 0 1 2 1 1 2 0 0 1 2 3 0 0 1 2 3 2 2 3 5 2 5 2 9 6\
 13 7 6 6 8 4 5 9 10 10 7 6 5 5 9 2 9 5 7 9 8 7 6 4 3 6 2 4 3 4 5 6\
 3 4 1 4 3 4 2 0 1 3 3 4 0 2 1 2 2 3 2 2 2 1 2 2 3 1 2 3 1 4 1 3\
 1 3 2 3 1 2 2 1 0 0 3 2 2 2 1 2 1 3 0 2 0 2 4 1 1 0 4 1 4 5 1 8\
 6 4 3 6 3 2 8 25 8 9 9 17 13 21 19 27 18 27 25 38 31 22 36 36 39 37 38 50 29 34 30 43\
 36 34 24 25 25 23 29 26 21 18 30 22 20 17 12 14 13 16 8 10 9 16 4 2 4 4 5 3 6 3 5 5\
 6 4 2 5 4 4 4 3 4 7 3 5 1 3 2 3 6 6 4 3 3 3 5 5 4 7 7 8 6 6 10 4\
 6 6 6 2 8 4 6 3 5 4 6 3 6 7 7 6 8 4 4 11 4 10 2 11 5 6 9 9 7 6 8 13\
 8 6 8 11 10 9 4 11 8 15 6 16 5 5 7 12 8 14 14 14 10 10 7 17 10 7 15 15 14 15 14 6\
 16 8 24 17 10 13 12 18 23 14 20 15 26 28 23 21 15 27 25 20 19 23 21 19 19 25 22 33 22 28 26 34\
 20 31 28 43 45 36 33 40 53 37 45 45 44 61 56 64 71 60 77 64 92 79 94 95 104 114 122 110 137 133 156 140\
 187 183 177 182 196 257 217 266 228 253 304 305 323 313 388 367 355 417 369 396 434 418 401 473 549 459 464 479 508 523 461 504\
 480 479 521 532 434 497 532 466 509 505 480 487 484 466 463 448 476 492 480 458 454 473 456 497 483 501 468 512 504 494 499 495\
 514 502 436 470 462 441 402 472 391 363 387 371 277 281 296 235 235 233 207 217 188 187 156 125 115 106 102 84 57 59 57 43\
 32 23 31 22 21 19 17 16 11 8 8 6 6 4 4 3 1 2 1 0 0 1 0 1 0 0 0 0 0 0 0 0\
 0 0 0 0 0 0 0 0 0 0 0 0 0 0 0 0 0 0 0 0 0 0 0 0 0 0 0 0 0 0 0 0\
 0 0 0 0 0 0 0 0 0 0 0 0 0 0 0 0 0 0 0 0 0 0 0 0 0 0 0 0 0 0 0 0


#S 2 mca_save_point Point:1 Scan:140 Datafile:20151023
#D Sun Oct 25 00:26:24 2015
#U Epics mca: dp_vortex_xrd45:mca1
#T 300  (Seconds)
#Q 0 -1.48273e-08 0.0169909
#Energy 10
#Monc 5594447 71077570
#@MCA %32C
#@CHANN 1000 0 999 1
#@CTIME 300 300 295.045
#@CALIB -17.487 5.2147 0
#N 1
#L Epics MCA
@A 0 0 0 0 0 0 0 0 0 0 0 0 0 0 0 0 0 0 0 0 0 0 0 0 0 0 0 0 0 0 0 0\
 0 0 0 0 0 0 0 0 0 0 0 0 0 0 0 0 0 0 0 0 0 0 0 0 0 0 0 0 0 0 0 0\
 0 0 0 0 0 0 0 0 0 0 0 0 0 0 0 0 0 0 0 0 0 0 0 0 0 0 0 0 0 0 0 0\
 0 0 0 0 0 0 0 0 0 0 0 0 0 0 0 0 0 0 0 0 0 0 0 0 0 0 0 0 0 0 0 0\
 0 0 0 0 0 0 0 0 0 0 0 0 0 0 0 0 0 0 0 0 0 0 0 0 0 0 0 0 0 0 0 0\
 0 0 0 0 0 0 0 1 0 0 0 1 0 0 0 0 0 0 1 1 0 3 1 0 0 1 1 2 2 0 3 0\
 1 0 1 0 0 3 2 1 0 2 0 3 3 1 1 1 1 0 2 0 0 2 1 0 1 2 0 1 0 1 0 2\
 0 1 0 0 2 1 2 4 4 0 0 1 3 2 3 1 0 1 2 0 1 1 0 3 1 2 1 1 0 0 0 1\
 0 1 2 0 1 0 0 1 0 1 0 2 0 0 2 0 0 0 0 0 0 2 2 0 1 0 1 2 2 1 0 1\
 0 2 0 0 2 1 1 2 2 1 1 2 2 0 0 0 1 2 0 1 1 0 0 1 2 1 0 0 2 2 1 1\
 0 2 2 2 3 0 0 2 0 1 0 0 1 1 1 1 1 0 1 2 1 1 3 1 1 1 0 4 1 2 0 2\
 0 0 2 2 2 0 0 0 1 0 0 1 1 1 0 1 2 0 0 2 1 0 1 1 1 0 0 3 0 3 4 2\
 1 3 1 0 1 1 1 2 0 0 0 1 0 0 1 1 0 2 0 1 0 0 1 0 0 0 0 0 1 1 2 0\
 0 0 1 1 1 0 1 1 2 0 0 1 2 1 0 0 0 1 0 2 1 0 1 0 2 0 1 1 0 0 1 1\
 0 1 0 0 3 1 1 0 1 2 2 0 0 0 3 1 1 0 1 1 1 0 1 1 0 1 0 0 0 0 0 1\
 0 1 0 2 1 2 1 1 0 1 2 0 0 2 1 1 0 3 1 0 2 1 0 2 0 1 2 0 0 0 0 1\
 1 0 0 1 1 3 0 1 0 1 0 0 1 0 0 1 1 0 1 1 0 0 0 0 0 0 0 1 1 1 0 1\
 1 2 1 0 1 0 1 3 0 0 0 0 1 1 0 1 1 1 2 2 4 2 2 3 1 6 6 3 5 3 2 4\
 3 5 3 1 2 1 1 2 2 3 1 3 0 1 1 2 1 2 0 0 0 3 1 0 1 0 0 1 1 0 3 1\
 0 1 1 2 0 1 1 2 2 3 0 1 1 1 3 2 2 2 0 1 0 1 1 0 2 0 1 1 0 0 0 0\
 0 1 0 1 0 2 0 0 0 1 2 1 2 2 1 2 0 0 1 2 1 1 0 0 1 0 1 2 3 1 0 0\
 0 0 1 1 1 0 2 0 1 0 0 1 0 2 1 1 0 0 3 6 3 9 5 4 6 12 7 18 18 17 25 19\
 30 29 35 41 27 48 46 50 57 45 53 52 58 54 48 64 45 50 34 33 30 34 30 16 15 15 10 5 6 10 3 3\
 4 2 1 3 4 2 1 0 3 2 0 0 1 1 0 0 2 0 0 3 2 2 4 6 3 3 4 3 6 2 5 10\
 8 8 9 6 15 6 19 8 10 6 6 9 9 10 7 9 9 5 5 7 2 1 3 3 4 3 2 0 0 1 2 3\
 2 0 0 0 1 0 1 1 0 0 2 0 0 0 0 0 1 0 1 0 0 0 0 0 0 1 1 1 4 0 0 0\
 0 0 0 0 1 1 0 0 1 0 1 0 0 0 0 0 2 0 0 0 1 0 1 0 0 0 0 2 0 0 0 1\
 0 3 0 0 0 1 0 1 1 0 1 3 0 1 0 1 2 1 0 1 2 1 0 0 2 1 0 1 0 0 0 0\
 0 1 0 0 0 1 0 1 0 1 0 1 2 2 0 0 0 1 1 0 0 0 0 0 0 0 0 1 0 0 0 0\
 0 0 0 0 0 0 0 0 0 1 3 0 2 0 1 0 0 0 0 0 1 0 0 1 1 1 0 2 2 0 0 0\
 1 2 0 0 0 1 0 0 1 0 1 0 1 0 3 2 3 1 1 1 0 2 1 1 1 1 1 0 1 2 0 0\
 0 0 1 0 1 0 0 1 1 1 0 0 0 0 1 0 0 1 0 1 1 0 0 1 1 0 0 0 1 0 0 0\
 1 0 0 0 1 0 0 0 0 1 1 0 0 0 0 1 2 0 0 1 0 0 0 1 0 1 0 0 0 0 1 0\
 1 0 0 0 1 1 1 0 0 0 1 1 0 0 0 0 0 1 0 0 0 0 0 0 0 1 1 0 1 0 0 2\
 0 0 1 0 1 0 1 1 3 0 0 0 1 0 0 1 0 0 1 1 0 1 1 2 1 0 0 0 0 0 0 1\
 0 0 0 0 0 0 1 1 0 0 0 1 1 0 0 3 1 0 0 1 0 1 0 1 1 1 1 0 1 0 1 0\
 0 0 0 0 0 2 1 0 0 0 1 2 0 0 1 1 0 1 0 0 2 3 2 1 0 0 1 0 0 0 1 0\
 0 0 1 0 0 0 0 0 0 1 0 0 0 2 0 0 0 0 1 0 0 0 0 0 1 1 0 0 0 2 1 3\
 3 3 2 2 1 3 2 0 0 2 2 4 2 1 2 3 2 3 3 5 6 0 1 3 2 2 4 3 3 7 2 1\
 1 1 4 1 2 1 1 2 0 2 0 0 2 1 0 1 0 0 0 0 0 1 0 1 1 0 0 0 0 0 0 1\
 0 1 0 1 2 0 0 0 0 2 0 3 0 0 0 1 0 0 0 0 2 0 0 1 0 2 0 1 2 0 1 1\
 1 0 0 2 1 0 0 0 0 0 1 2 0 1 0 3 3 0 3 2 2 0 0 0 0 1 0 0 1 0 0 2\
 0 1 0 1 2 2 0 2 1 0 2 1 1 0 1 1 1 1 2 2 0 2 4 1 1 2 1 1 1 1 4 2\
 0 1 1 0 1 0 3 1 0 0 1 2 0 1 1 1 0 1 1 0 0 2 1 1 0 2 1 0 1 1 1 0\
 2 1 1 1 0 0 1 0 5 1 0 2 1 2 1 1 2 0 1 4 1 0 1 4 1 1 4 0 3 4 2 2\
 2 4 0 4 4 1 1 0 1 3 2 4 0 2 0 1 1 1 4 0 2 1 0 0 1 1 1 2 1 2 0 1\
 1 0 0 0 2 1 2 1 1 0 0 1 0 0 0 1 1 1 2 1 2 2 1 1 0 2 1 0 1 0 0 0\
 1 1 0 2 1 0 1 1 0 2 5 1 2 2 1 0 3 2 4 3 1 0 4 3 3 5 7 2 5 7 5 8\
 7 9 7 12 7 4 15 6 1 9 5 15 7 6 7 16 7 5 10 8 4 6 6 10 2 5 4 10 5 4 1 1\
 4 2 4 3 0 3 1 5 1 1 3 1 5 5 1 3 4 2 4 2 2 3 1 3 4 0 2 3 3 0 2 4\
 3 4 4 1 1 2 0 0 2 3 1 3 3 1 3 1 3 3 1 2 2 1 4 1 1 3 1 2 8 2 7 5\
 4 2 11 7 10 13 12 14 17 7 14 18 14 22 17 19 17 18 18 24 16 39 37 28 26 36 33 38 36 37 34 31\
 22 38 28 32 41 26 36 31 14 20 24 15 16 15 12 13 10 8 10 3 8 9 11 5 7 5 9 4 5 6 5 3\
 2 5 5 3 7 4 7 6 2 9 5 3 7 5 10 6 1 0 2 2 6 4 10 5 3 7 6 7 9 7 6 2\
 8 8 4 7 2 5 8 3 4 3 6 9 3 6 5 0 7 6 12 6 9 8 9 7 8 7 9 8 13 9 7 8\
 5 12 12 9 10 8 6 6 13 10 8 8 8 7 10 12 8 12 9 14 12 7 10 16 13 12 16 13 14 12 16 14\
 14 18 21 8 20 14 17 21 13 17 23 22 20 19 13 20 25 18 16 22 16 24 24 23 26 29 22 26 32 38 29 30\
 39 31 24 31 33 31 29 42 36 47 55 58 44 62 56 69 63 75 65 79 98 98 110 90 106 105 130 124 137 143 155 192\
 173 175 223 208 241 250 265 273 306 301 308 320 344 337 335 382 405 398 433 408 462 467 463 474 546 498 492 520 524 522 517 479\
 502 518 558 529 532 526 487 525 512 518 477 474 474 500 537 537 488 512 488 512 513 489 510 534 494 527 506 499 506 487 536 463\
 528 465 497 485 483 433 430 428 423 407 374 346 337 311 306 277 279 259 235 205 179 175 143 150 130 126 83 87 81 76 57 40\
 30 28 39 21 12 21 16 17 11 8 3 1 1 4 3 3 2 0 1 0 0 0 0 0 1 0 0 0 0 0 0 0\
 0 0 0 0 0 0 0 0 0 0 0 0 0 0 0 0 0 0 0 0 0 0 0 0 0 0 0 0 0 0 0 0\
 0 0 0 0 0 0 0 0 0 0 0 0 0 0 0 0 0 0 0 0 0 0 0 0 0 0 0 0 0 0 0 0


#S 3 mca_save_point Point:2 Scan:140 Datafile:20151023
#D Sun Oct 25 00:31:33 2015
#U Epics mca: dp_vortex_xrd45:mca1
#T 300  (Seconds)
#Q 0 7.85555e-09 0.0180036
#Energy 10
#Monc 5577601 71164682
#@MCA %32C
#@CHANN 1000 0 999 1
#@CTIME 300 300 295.357
#@CALIB -17.487 5.2147 0
#N 1
#L Epics MCA
@A 0 0 0 0 0 0 0 0 0 0 0 0 0 0 0 0 0 0 0 0 0 0 0 0 0 0 0 0 0 0 0 0\
 0 0 0 0 0 0 0 0 0 0 0 0 0 0 0 0 0 0 0 0 0 0 0 0 0 0 0 0 0 0 0 0\
 0 0 0 0 0 0 0 0 0 0 0 0 0 0 0 0 0 0 0 0 0 0 0 0 0 0 0 0 0 0 0 0\
 0 0 0 0 0 0 0 0 0 0 0 0 0 0 0 0 0 0 0 0 0 0 0 0 0 0 0 0 0 0 0 0\
 0 0 0 0 0 0 0 0 0 0 0 0 0 0 0 0 0 0 0 0 0 0 0 0 0 0 0 0 0 0 0 0\
 0 0 0 0 0 0 0 0 0 0 0 0 0 0 0 1 1 1 0 1 1 1 0 0 0 2 2 1 2 0 2 2\
 0 0 0 0 0 1 0 1 0 0 1 0 1 0 1 3 2 0 2 2 1 3 0 0 0 1 0 0 1 1 0 0\
 1 0 0 0 0 1 0 0 1 1 0 3 4 0 1 1 2 1 2 0 2 0 3 0 1 0 3 0 1 1 2 0\
 1 0 1 1 1 1 1 0 1 1 1 0 3 0 2 1 0 0 1 0 0 1 1 0 0 3 2 0 0 2 1 1\
 1 0 1 0 1 1 1 0 0 1 1 0 2 2 1 0 1 0 0 1 0 0 0 0 0 0 0 1 0 0 2 0\
 3 1 3 3 2 1 2 1 0 2 0 2 1 0 0 0 0 0 1 1 0 1 1 0 0 1 2 0 0 0 1 0\
 0 1 2 0 1 2 1 2 1 1 0 0 0 2 3 1 1 2 4 0 1 4 2 2 0 2 1 4 1 0 0 0\
 2 2 1 0 2 2 0 1 0 1 1 2 0 2 3 0 1 1 1 1 1 0 2 1 2 1 0 0 0 0 4 2\
 2 2 0 1 1 0 1 0 2 1 2 2 1 0 2 1 0 0 1 0 1 0 1 1 0 0 1 2 2 1 0 0\
 0 0 2 0 0 0 1 0 1 2 0 1 1 0 1 2 2 3 1 1 0 1 0 0 1 1 0 2 1 1 1 1\
 1 5 0 0 0 0 0 0 1 0 0 2 0 0 2 1 1 1 1 1 1 1 1 0 0 0 1 1 0 0 1 0\
 0 0 1 1 0 1 0 1 1 0 1 1 2 1 1 0 0 0 0 0 2 1 0 3 1 1 0 3 5 1 0 1\
 0 1 1 1 1 1 0 0 3 1 0 1 1 1 1 2 1 1 2 2 1 2 2 1 0 3 3 2 3 1 3 2\
 2 3 2 2 3 4 0 1 1 1 1 0 1 2 3 1 1 0 1 0 2 3 1 2 1 1 1 0 0 0 4 2\
 2 2 1 2 1 0 5 3 2 1 0 0 0 2 1 0 0 0 0 0 2 0 1 0 1 1 0 2 0 3 1 1\
 2 1 3 0 0 1 2 1 1 3 0 1 4 0 2 1 0 2 0 0 0 1 1 3 0 2 1 0 0 0 1 0\
 2 1 2 0 1 1 0 0 1 0 1 1 0 2 1 1 5 2 3 5 4 6 9 3 10 13 15 13 12 21 26 28\
 34 28 46 44 50 61 55 52 61 53 51 48 53 54 59 59 49 36 42 42 26 31 29 22 20 16 11 15 10 13 7 10\
 2 4 4 3 1 2 2 0 1 2 1 1 2 0 2 1 0 0 0 0 2 3 1 2 5 5 2 2 4 4 3 8\
 8 10 4 9 7 10 10 8 11 7 20 14 8 7 10 8 9 4 4 4 3 1 7 2 2 5 2 2 2 3 3 2\
 1 0 1 0 2 0 2 1 2 1 1 1 0 1 0 0 0 2 0 0 0 0 2 0 1 0 1 1 0 2 1 0\
 0 0 1 0 0 0 2 1 0 2 0 0 1 0 0 1 1 0 1 0 2 0 0 1 1 0 0 0 1 0 0 0\
 0 1 0 0 1 1 0 4 0 1 1 2 0 0 0 0 1 1 0 0 0 1 0 0 0 2 0 1 1 1 0 1\
 0 1 0 2 0 0 0 0 1 1 0 2 1 0 0 1 1 0 1 1 1 0 0 0 0 1 0 1 0 0 1 0\
 0 0 0 0 0 1 0 0 0 1 0 0 0 1 0 0 0 1 1 2 3 1 0 0 1 0 0 0 0 0 2 1\
 1 0 0 0 0 1 0 0 1 0 0 2 1 2 0 0 2 0 0 0 0 1 0 1 1 0 0 0 0 0 0 0\
 0 1 1 0 2 0 1 1 0 0 0 2 0 1 0 0 1 0 0 0 0 0 0 2 1 0 1 1 1 1 0 0\
 0 0 0 0 0 0 0 1 0 1 1 2 1 3 1 2 1 2 1 0 1 1 2 1 1 0 2 0 0 0 0 0\
 1 1 0 0 1 0 1 1 0 0 0 0 2 1 0 0 0 1 2 1 2 0 0 2 1 1 1 0 1 0 0 1\
 1 0 0 1 2 0 0 1 1 0 1 1 0 0 0 0 0 1 1 0 1 0 0 1 0 0 0 1 1 1 1 3\
 1 0 1 1 0 2 1 1 1 1 1 0 0 2 0 0 2 1 2 0 1 1 0 0 2 1 0 0 0 1 0 1\
 0 1 0 0 1 1 0 0 4 0 0 0 1 0 1 0 0 2 1 0 0 0 0 0 0 1 0 0 0 0 0 0\
 1 0 0 0 0 1 0 0 1 1 3 2 1 0 3 0 0 0 0 1 0 0 1 0 2 1 0 1 0 0 0 2\
 3 1 0 1 3 1 2 4 1 4 3 1 3 1 0 4 2 2 0 7 3 3 1 3 3 3 1 5 2 3 2 0\
 1 1 4 1 1 0 2 2 1 0 2 2 3 0 1 2 1 0 3 0 0 1 0 0 2 0 0 1 0 1 1 0\
 0 0 0 1 0 0 0 0 0 0 1 0 1 0 1 0 0 0 1 1 1 0 0 2 0 0 1 0 0 2 0 0\
 1 0 2 2 2 0 0 1 1 1 0 1 3 1 3 0 1 0 1 0 0 2 1 0 2 1 0 0 0 2 2 0\
 0 0 1 0 1 0 0 3 1 3 0 1 0 0 1 0 2 1 0 0 1 0 0 1 2 1 0 0 2 1 0 0\
 2 1 2 0 0 2 0 0 1 1 0 1 0 1 3 0 3 0 0 0 0 1 1 0 2 1 1 0 1 1 1 0\
 3 1 0 1 0 2 0 1 1 1 1 3 2 2 0 1 1 2 0 0 3 4 1 4 0 2 4 1 0 3 2 3\
 1 3 5 3 3 2 1 1 6 3 0 2 0 3 1 2 0 0 0 1 2 2 1 0 1 0 0 1 0 0 0 0\
 2 0 1 2 0 1 0 0 1 0 1 0 2 1 0 0 1 1 2 0 0 2 1 1 2 0 0 1 2 5 1 1\
 4 0 2 1 1 0 2 3 3 2 1 1 3 2 2 3 2 1 2 5 5 2 2 3 0 8 2 3 1 7 4 2\
 8 5 7 6 10 9 10 10 16 7 9 10 9 8 7 10 12 8 14 9 10 7 10 6 5 5 5 5 4 5 6 3\
 8 3 2 8 1 4 4 4 5 3 1 2 5 3 2 2 1 1 2 3 0 4 2 4 3 2 3 2 4 3 3 3\
 2 1 3 1 0 4 3 2 2 2 1 5 0 3 2 2 3 1 3 4 2 3 2 0 2 2 3 3 7 3 2 3\
 8 8 9 7 6 7 12 13 10 12 15 17 19 9 22 21 16 21 32 31 16 28 17 39 37 26 30 28 26 28 33 28\
 28 33 29 30 26 19 36 22 22 17 14 16 15 15 13 7 20 11 17 8 13 7 7 5 3 6 1 5 5 1 8 4\
 4 6 5 4 3 3 3 5 4 8 9 8 5 5 3 5 6 4 10 5 5 3 2 6 4 5 2 4 3 5 1 12\
 4 6 6 5 6 5 5 8 10 4 8 6 8 8 3 8 4 9 4 8 10 7 7 4 9 7 6 9 7 7 4 10\
 11 9 4 11 10 13 10 11 11 9 11 12 10 9 8 14 15 13 12 9 6 14 14 9 20 15 14 12 18 17 13 14\
 13 11 13 16 14 24 23 25 21 19 22 18 22 20 30 23 23 31 19 18 32 25 12 32 28 28 25 24 37 24 34 33\
 26 40 44 33 45 37 39 52 36 46 61 46 39 64 67 61 73 77 76 77 83 100 92 109 121 119 139 139 150 139 197 170\
 183 179 204 203 263 276 262 267 317 323 317 328 348 397 380 411 417 432 485 473 477 470 483 532 535 532 546 530 574 608 573 586\
 552 595 586 569 549 594 554 555 537 527 518 597 569 573 514 515 537 538 482 528 527 545 534 545 518 545 575 514 528 568 530 575\
 538 570 553 551 521 576 491 494 465 420 444 434 389 372 329 306 282 270 224 188 190 184 167 145 119 109 103 112 83 66 67 54\
 45 31 29 23 21 19 10 15 10 5 4 2 3 5 1 3 3 1 2 2 0 0 0 0 0 1 0 0 0 0 0 0\
 0 0 0 0 0 0 0 0 0 0 0 0 0 0 0 0 0 0 0 0 0 0 0 0 0 0 0 0 0 0 0 0\
 0 0 0 0 0 0 0 0 0 0 0 0 0 0 0 0 0 0 0 0 0 0 0 0 0 0 0 0 0 0 0 0


#S 4 mca_save_point Point:3 Scan:140 Datafile:20151023
#D Sun Oct 25 00:36:42 2015
#U Epics mca: dp_vortex_xrd45:mca1
#T 300  (Seconds)
#Q 0 0 0.0189986
#Energy 10
#Monc 5558814 71097389
#@MCA %32C
#@CHANN 1000 0 999 1
#@CTIME 300 300 295.107
#@CALIB -17.487 5.2147 0
#N 1
#L Epics MCA
@A 0 0 0 0 0 0 0 0 0 0 0 0 0 0 0 0 0 0 0 0 0 0 0 0 0 0 0 0 0 0 0 0\
 0 0 0 0 0 0 0 0 0 0 0 0 0 0 0 0 0 0 0 0 0 0 0 0 0 0 0 0 0 0 0 0\
 0 0 0 0 0 0 0 0 0 0 0 0 0 0 0 0 0 0 0 0 0 0 0 0 0 0 0 0 0 0 0 0\
 0 0 0 0 0 0 0 0 0 0 0 0 0 0 0 0 0 0 0 0 0 0 0 0 0 0 0 0 0 0 0 0\
 0 0 0 0 0 0 0 0 0 0 0 0 0 0 0 0 0 0 0 0 0 0 0 0 0 0 0 0 0 0 0 0\
 0 0 0 0 0 0 1 0 0 1 0 0 0 0 0 0 1 1 1 3 1 0 1 0 0 0 0 4 0 1 1 2\
 3 0 1 0 0 1 1 2 1 0 2 1 1 1 0 2 1 0 2 1 0 1 0 2 0 2 2 1 3 0 2 2\
 2 1 3 3 1 0 1 0 0 0 2 1 0 0 0 1 2 3 0 1 0 2 0 1 1 1 2 1 0 2 1 0\
 0 1 0 2 3 1 2 1 1 0 1 1 3 1 0 1 1 0 1 2 1 1 0 0 0 0 0 0 3 1 1 1\
 0 1 0 0 0 2 1 0 1 0 0 3 0 0 2 0 1 2 2 1 2 1 2 0 0 0 0 3 2 0 2 2\
 1 1 2 1 2 0 0 0 0 2 1 1 1 1 1 0 3 1 1 0 1 2 0 3 0 3 2 1 0 1 1 0\
 0 0 0 1 0 1 0 2 1 0 0 0 0 2 1 0 1 0 2 3 0 2 1 0 2 3 2 2 4 0 0 0\
 0 3 0 2 2 1 1 0 1 1 1 2 1 2 1 0 1 2 2 3 3 1 3 0 0 2 1 0 0 0 1 2\
 1 0 0 0 2 2 0 1 0 1 1 2 0 1 0 0 1 0 1 2 0 0 0 1 1 2 1 2 1 2 1 0\
 0 1 0 1 1 2 0 0 1 1 0 1 1 1 3 2 1 2 3 1 1 2 1 0 0 0 0 1 1 1 1 0\
 0 0 0 2 0 0 4 1 0 1 1 0 2 0 2 0 1 1 0 1 3 0 0 3 0 1 0 1 1 2 2 0\
 1 0 1 2 1 0 0 1 0 0 0 3 1 0 2 0 2 1 0 0 0 0 0 1 0 1 0 0 0 0 0 0\
 1 1 3 0 2 1 1 0 2 1 0 2 1 4 1 1 3 0 2 1 1 5 2 2 2 7 2 0 2 2 3 2\
 1 4 8 1 3 1 1 0 2 3 0 3 1 1 0 2 2 2 2 0 0 1 1 0 1 1 1 2 1 3 0 1\
 1 5 0 2 1 1 0 2 0 0 0 0 0 1 1 2 0 1 2 0 1 1 1 0 0 1 0 0 0 0 1 0\
 0 1 0 1 0 2 1 0 2 1 0 1 3 2 2 1 2 0 0 0 0 2 0 0 0 1 0 0 2 2 1 0\
 1 0 0 1 3 0 1 0 1 1 2 0 1 3 1 1 5 5 2 3 2 2 7 7 6 15 18 16 23 15 29 22\
 33 35 36 36 40 33 54 43 61 47 65 65 51 56 49 61 45 30 33 36 39 28 23 23 17 17 15 14 13 5 7 6\
 6 2 2 4 3 2 1 0 1 1 1 1 2 2 3 1 4 2 2 3 3 2 2 2 0 3 4 13 6 5 7 7\
 11 15 12 6 15 9 9 5 11 10 9 5 11 7 7 8 9 10 10 5 9 5 2 6 2 5 4 0 1 2 1 0\
 0 2 1 0 0 0 1 0 2 0 2 0 2 1 1 0 1 1 1 0 1 0 4 0 1 0 2 1 1 0 1 1\
 0 0 1 0 1 2 2 0 0 1 1 3 1 0 0 0 2 1 1 0 1 0 1 1 0 0 1 0 0 1 1 0\
 1 1 0 0 2 1 0 1 0 1 0 1 0 0 0 1 1 0 0 1 1 2 0 0 1 1 0 0 0 0 0 1\
 0 0 2 0 1 1 1 1 1 0 3 3 2 0 0 1 0 0 2 1 2 1 0 0 0 1 0 1 1 0 1 1\
 0 3 2 0 3 1 1 0 0 1 0 2 0 2 2 2 0 2 0 0 0 0 1 1 0 0 2 0 1 0 0 1\
 0 0 0 1 1 4 1 0 2 0 0 0 2 0 2 0 2 0 1 1 1 3 1 1 1 0 0 0 1 1 3 0\
 0 0 1 0 0 0 2 2 0 0 0 0 1 0 0 0 1 2 0 2 1 1 0 0 1 0 2 2 0 0 0 0\
 0 0 1 2 1 1 2 1 0 1 0 1 1 1 2 1 1 0 0 0 1 0 0 0 2 0 1 0 0 1 0 1\
 0 0 1 0 0 0 0 1 0 0 1 2 0 0 0 1 1 0 1 0 0 0 2 1 2 0 0 1 0 0 1 1\
 0 1 1 1 0 1 0 0 1 2 1 0 1 2 2 2 0 0 3 0 1 0 1 0 1 2 0 0 1 0 2 2\
 0 0 0 0 0 0 0 0 1 0 0 1 0 0 1 1 0 0 1 1 2 0 0 0 0 1 0 0 1 2 1 2\
 0 1 0 0 2 1 1 1 0 0 2 0 0 0 0 0 2 1 0 0 1 0 1 1 0 0 0 2 1 0 1 1\
 0 1 2 0 0 0 0 0 0 0 2 2 0 0 1 0 0 0 1 0 1 0 0 1 0 1 1 1 2 0 4 1\
 2 3 2 3 3 2 2 4 1 6 4 3 2 3 3 1 4 3 3 3 1 1 5 2 4 4 2 3 2 1 0 4\
 0 5 1 2 2 2 0 2 1 0 1 0 0 1 1 0 2 2 1 1 0 2 1 1 1 1 0 1 1 0 0 0\
 1 0 0 1 0 0 0 0 2 1 2 0 0 1 2 1 0 1 0 2 0 0 0 2 0 0 0 0 1 2 0 3\
 1 1 1 0 1 1 2 1 2 0 0 0 1 1 3 1 1 1 1 2 0 0 0 0 1 0 1 2 0 0 1 1\
 3 0 0 1 1 1 0 2 0 2 0 0 3 0 1 2 2 1 0 0 0 1 1 3 2 0 3 1 0 3 2 0\
 1 0 0 0 1 0 1 0 0 1 1 2 1 1 0 0 0 1 2 1 2 1 0 1 0 3 3 1 0 0 0 2\
 1 1 0 0 0 1 1 0 1 2 0 1 0 2 0 2 2 1 1 2 0 2 0 2 4 2 3 3 0 4 3 3\
 2 0 2 5 2 3 1 1 2 2 2 0 1 4 1 2 1 1 0 0 1 0 2 1 0 0 2 1 1 2 1 0\
 0 1 0 0 0 0 3 1 2 0 2 3 0 1 0 0 2 1 2 2 1 1 0 2 2 0 1 2 1 3 0 4\
 0 1 0 2 1 2 2 1 1 1 5 1 2 1 2 1 0 4 3 2 2 1 3 3 6 2 4 5 8 4 4 5\
 3 9 12 9 11 8 14 10 12 14 4 10 10 5 12 7 13 11 15 12 8 6 16 4 8 4 4 5 2 3 5 3\
 4 2 3 4 2 3 3 2 1 3 2 2 2 2 4 2 2 3 2 1 1 4 6 7 2 1 2 1 2 2 2 4\
 2 1 3 4 2 2 2 1 1 3 2 2 0 3 0 3 0 1 1 3 2 1 2 0 4 2 0 2 3 4 2 3\
 5 7 4 5 5 5 10 8 10 9 11 10 12 11 16 25 26 20 17 22 17 33 23 31 13 26 37 39 24 25 24 29\
 20 20 15 26 24 18 25 23 28 20 18 27 16 10 15 14 12 13 8 5 9 9 12 6 2 6 5 4 10 8 3 6\
 7 6 7 5 5 5 3 2 3 7 7 4 5 9 6 7 12 13 10 5 7 10 9 5 6 5 8 5 4 3 2 3\
 8 4 6 3 6 5 5 9 4 4 9 7 7 8 10 12 10 5 5 14 8 12 8 7 7 11 5 5 7 9 4 4\
 8 10 16 8 9 10 11 12 6 6 11 12 13 15 7 9 15 13 8 11 10 9 23 9 18 12 17 12 17 21 15 15\
 24 22 8 20 15 22 25 24 26 20 18 22 20 21 21 25 13 35 25 28 25 28 27 18 34 18 31 34 33 22 33 34\
 42 45 48 33 39 44 41 40 47 45 61 61 70 67 55 63 81 82 94 88 99 97 100 121 138 156 159 158 154 173 189 189 \
 191 224 218 228 235 254 267 288 307 349 350 364 390 387 441 426 434 419 499 508 497 519 540 559 517 545 583 561 566 567 592 642\
 615 585 605 616 634 577 620 599 599 599 585 584 558 532 549 572 552 596 583 619 558 569 595 580 628 564 540 579 612 617 621 586\
 631 623 520 596 565 508 524 471 477 519 452 428 369 408 402 337 309 267 272 237 205 199 179 167 149 140 118 96 75 88 53 63\
 46 51 39 25 24 20 17 11 17 7 3 5 4 3 1 1 3 0 1 0 0 1 0 1 0 0 0 0 0 0 0 0\
 0 0 0 0 0 0 0 0 0 0 0 0 0 0 0 0 0 0 0 0 0 0 0 0 0 0 0 0 0 0 0 0\
 0 0 0 0 0 0 0 0 0 0 0 0 0 0 0 0 0 0 0 0 0 0 0 0 0 0 0 0 0 0 0 0


#S 5 mca_save_point Point:4 Scan:140 Datafile:20151023
#D Sun Oct 25 00:41:51 2015
#U Epics mca: dp_vortex_xrd45:mca1
#T 300  (Seconds)
#Q 0 2.61948e-08 0.0200114
#Energy 10
#Monc 5554823 71048436
#@MCA %32C
#@CHANN 1000 0 999 1
#@CTIME 300 300 295.117
#@CALIB -17.487 5.2147 0
#N 1
#L Epics MCA
@A 0 0 0 0 0 0 0 0 0 0 0 0 0 0 0 0 0 0 0 0 0 0 0 0 0 0 0 0 0 0 0 0\
 0 0 0 0 0 0 0 0 0 0 0 0 0 0 0 0 0 0 0 0 0 0 0 0 0 0 0 0 0 0 0 0\
 0 0 0 0 0 0 0 0 0 0 0 0 0 0 0 0 0 0 0 0 0 0 0 0 0 0 0 0 0 0 0 0\
 0 0 0 0 0 0 0 0 0 0 0 0 0 0 0 0 0 0 0 0 0 0 0 0 0 0 0 0 0 0 0 0\
 0 0 0 0 0 0 0 0 0 0 0 0 0 0 0 0 0 0 0 0 0 0 0 0 0 0 0 0 0 0 0 0\
 0 0 0 0 0 0 0 0 0 1 0 1 0 0 2 1 1 0 3 0 0 2 0 1 2 3 1 1 1 1 0 2\
 1 1 0 0 4 0 1 5 1 2 2 2 3 0 1 1 1 0 1 3 3 2 0 0 0 1 0 2 2 2 2 1\
 2 0 1 6 0 0 1 1 1 2 3 1 2 1 0 2 1 0 0 1 2 1 2 0 0 2 4 0 1 1 1 3\
 2 1 1 0 0 1 0 1 0 1 3 1 0 1 0 0 2 2 1 0 1 0 1 0 0 3 1 0 2 0 1 1\
 4 3 1 0 1 2 2 0 1 0 1 0 2 1 2 1 0 2 1 0 2 0 1 0 2 0 1 0 1 1 2 2\
 2 2 0 0 2 0 0 2 0 0 0 1 1 0 0 0 2 0 0 2 1 1 1 0 2 1 1 1 2 0 1 3\
 2 1 2 0 0 2 1 0 1 0 0 0 2 1 0 3 0 1 1 4 0 2 1 3 0 1 1 4 1 0 1 1\
 1 1 1 1 2 0 2 0 2 1 0 2 1 2 2 0 2 2 1 1 1 2 1 0 1 4 1 1 2 1 0 3\
 1 1 1 0 1 1 1 0 0 0 1 0 0 1 1 0 3 0 0 0 1 2 1 2 2 1 0 1 0 2 0 2\
 3 1 1 1 0 1 1 0 0 1 1 1 0 2 1 0 0 2 1 1 0 1 1 0 2 2 2 2 0 1 0 0\
 2 0 1 1 0 1 0 0 0 1 2 0 4 0 1 3 1 0 2 0 0 0 0 1 1 1 0 0 1 2 2 1\
 0 1 1 1 0 0 0 2 2 1 0 1 1 1 0 0 1 0 1 1 1 0 1 0 1 1 0 1 0 0 0 1\
 0 1 1 0 0 2 0 0 1 1 2 0 2 1 2 2 3 3 0 4 3 2 1 5 2 1 3 3 2 2 4 3\
 0 6 3 2 0 3 4 1 1 4 1 0 0 2 3 0 0 1 0 2 0 0 4 2 0 0 2 2 0 1 0 0\
 0 1 0 1 2 1 2 0 0 0 1 1 1 1 1 3 0 0 0 1 2 0 0 2 1 2 0 1 1 1 0 0\
 1 1 0 1 1 1 0 0 1 2 3 1 2 0 0 1 1 0 1 1 2 0 0 1 2 1 0 1 1 1 1 1\
 1 0 0 1 0 2 1 2 1 2 2 1 1 0 3 0 1 1 2 3 9 5 5 13 10 9 14 12 17 17 26 29\
 36 32 32 29 37 44 45 42 50 44 50 71 55 47 51 52 38 40 30 40 30 28 26 13 12 17 10 13 8 9 4 6\
 1 2 6 0 2 1 1 1 2 0 0 1 1 0 2 1 2 2 2 0 4 1 2 2 3 3 5 8 7 3 5 8\
 6 6 8 11 7 13 10 5 4 8 9 8 10 5 3 10 6 5 10 5 2 10 5 2 5 2 4 2 2 3 3 1\
 1 0 1 0 0 1 2 0 0 1 1 0 0 0 0 0 1 2 1 1 1 1 1 0 0 0 0 3 1 1 0 0\
 0 1 0 0 0 0 0 0 1 0 0 0 0 0 1 1 0 1 0 1 2 0 1 0 0 0 2 0 0 1 1 0\
 1 0 1 1 1 0 1 0 2 1 0 1 1 0 0 4 0 1 2 0 0 1 0 0 1 0 0 0 0 0 1 2\
 0 2 1 0 1 0 0 0 1 0 0 0 1 1 0 0 1 0 0 0 0 0 1 0 0 2 0 1 0 0 0 1\
 0 0 0 0 2 0 0 3 0 0 0 0 0 0 0 0 0 0 0 2 0 2 0 0 1 1 0 0 0 1 2 0\
 0 1 2 0 0 0 1 0 1 1 1 1 2 1 1 1 1 0 0 0 1 2 0 2 3 0 1 2 1 0 0 1\
 1 0 1 2 1 2 1 0 0 0 1 0 1 0 1 0 0 1 1 1 0 0 0 1 1 1 1 0 0 0 1 1\
 0 0 0 0 2 1 0 1 0 0 1 0 0 4 0 0 1 0 0 0 1 1 1 0 1 3 1 1 0 0 1 0\
 0 0 1 0 0 1 0 0 0 1 1 1 2 2 1 2 1 1 0 1 1 0 1 1 0 1 0 1 1 0 3 0\
 2 0 1 0 0 1 0 0 0 1 1 1 1 1 0 1 1 1 0 1 1 0 0 2 0 0 0 1 0 0 1 1\
 0 0 1 1 1 1 0 0 0 0 1 0 2 1 0 0 2 1 1 0 0 1 0 0 0 1 1 1 0 0 0 0\
 1 2 0 1 0 0 0 0 3 0 0 0 1 0 0 0 0 1 1 1 0 0 0 0 0 2 1 0 2 1 0 0\
 0 1 1 1 0 0 0 0 1 3 0 0 1 1 2 1 1 1 0 1 0 0 2 1 1 2 2 1 1 0 1 0\
 1 2 0 3 2 1 1 3 2 3 3 0 5 1 6 5 4 2 2 3 5 3 5 2 4 3 1 2 1 3 1 3\
 2 1 1 0 0 1 1 0 0 3 2 0 0 0 0 1 0 1 0 0 0 1 0 0 1 0 1 2 0 1 0 0\
 0 0 1 0 1 1 1 0 1 0 1 2 3 3 0 2 0 0 0 0 0 1 1 0 1 0 1 0 3 0 1 1\
 1 0 3 1 3 1 1 1 1 1 2 1 1 4 0 1 0 0 4 2 0 1 3 0 1 0 1 1 0 0 3 0\
 3 0 1 0 6 1 0 1 0 2 2 0 0 4 1 3 1 0 1 1 2 3 1 5 0 0 1 0 1 1 0 0\
 1 2 2 0 1 1 0 1 0 2 0 0 1 0 1 0 2 1 0 1 0 1 0 0 1 2 1 1 3 3 2 1\
 3 2 1 0 1 0 2 0 1 0 1 0 1 2 3 3 1 2 3 0 2 3 1 2 3 3 1 6 4 2 0 3\
 2 1 2 2 3 3 2 2 2 2 3 3 3 0 1 1 0 1 0 0 3 1 3 1 1 1 1 0 2 1 1 0\
 0 1 2 1 1 1 1 1 6 1 1 1 0 0 1 1 0 1 0 0 0 1 1 2 0 2 1 2 0 1 3 3\
 2 2 1 1 0 3 0 2 2 2 1 3 0 2 1 2 1 1 1 3 1 2 2 4 2 0 3 2 1 5 3 6\
 11 11 12 10 6 10 9 12 9 12 14 16 6 8 14 9 14 2 5 11 6 8 5 12 8 7 9 7 6 5 7 2\
 6 4 5 7 3 3 3 5 4 2 3 2 4 2 2 5 3 2 1 8 3 1 1 2 3 4 3 1 3 1 4 4\
 2 4 4 4 5 3 2 1 1 4 3 1 0 2 2 2 2 3 2 1 3 1 1 1 3 5 5 1 3 4 3 3\
 12 4 9 10 5 3 7 6 6 8 7 16 9 14 9 16 9 12 20 15 20 16 16 24 22 35 28 28 24 22 26 13\
 26 24 25 25 12 13 17 12 22 18 13 16 9 9 12 7 11 7 9 2 13 3 6 9 10 6 6 5 4 5 6 6\
 4 4 6 5 3 5 3 5 3 2 5 8 7 4 6 11 11 3 5 4 6 5 3 4 9 3 7 8 5 12 4 6\
 6 5 7 8 3 5 8 9 8 12 9 8 8 6 10 9 9 9 5 6 9 9 12 5 6 2 5 5 10 7 10 13\
 13 15 13 12 11 8 15 7 11 8 9 11 7 12 14 13 13 11 12 12 13 15 19 20 15 19 11 18 17 12 17 17\
 23 20 16 12 13 25 16 30 27 16 26 23 23 27 22 18 19 26 24 27 23 32 26 33 24 34 44 37 24 30 39 35\
 28 41 42 37 42 46 48 37 53 51 49 65 54 65 72 78 72 80 83 92 86 83 110 114 115 132 141 148 165 160 204 191\
 196 219 225 262 276 280 287 347 325 348 368 389 422 427 447 474 517 488 483 532 525 551 538 540 565 578 587 581 597 605 625 627\
 636 651 612 609 606 646 604 583 567 585 606 582 625 588 578 616 565 594 601 602 616 598 601 622 642 623 606 695 649 670 675 643\
 650 625 627 644 627 599 547 537 516 524 452 467 442 436 388 364 322 320 266 273 218 208 184 160 148 145 104 110 96 77 61 63\
 37 51 33 22 25 23 19 18 9 9 10 10 12 4 5 1 5 0 1 0 0 0 0 1 0 0 0 0 0 0 1 0\
 0 0 0 0 0 0 0 0 0 0 0 0 0 0 0 0 0 0 0 0 0 0 0 0 0 0 0 0 0 0 0 0\
 0 0 0 0 0 0 0 0 0 0 0 0 0 0 0 0 0 0 0 0 0 0 0 0 0 0 0 0 0 0 0 0


#S 6 mca_save_point Point:5 Scan:140 Datafile:20151023
#D Sun Oct 25 00:47:00 2015
#U Epics mca: dp_vortex_xrd45:mca1
#T 300  (Seconds)
#Q 0 -1.83161e-08 0.0209887
#Energy 10
#Monc 5571946 71091868
#@MCA %32C
#@CHANN 1000 0 999 1
#@CTIME 300 300 295.659
#@CALIB -17.487 5.2147 0
#N 1
#L Epics MCA
@A 0 0 0 0 0 0 0 0 0 0 0 0 0 0 0 0 0 0 0 0 0 0 0 0 0 0 0 0 0 0 0 0\
 0 0 0 0 0 0 0 0 0 0 0 0 0 0 0 0 0 0 0 0 0 0 0 0 0 0 0 0 0 0 0 0\
 0 0 0 0 0 0 0 0 0 0 0 0 0 0 0 0 0 0 0 0 0 0 0 0 0 0 0 0 0 0 0 0\
 0 0 0 0 0 0 0 0 0 0 0 0 0 0 0 0 0 0 0 0 0 0 0 0 0 0 0 0 0 0 0 0\
 0 0 0 0 0 0 0 0 0 0 0 0 0 0 0 0 0 0 0 0 0 0 0 0 0 0 0 0 0 0 0 0\
 1 0 0 0 0 0 0 0 0 0 0 0 0 0 4 1 2 0 2 0 2 2 0 2 0 0 2 1 0 3 1 3\
 2 3 2 3 1 1 1 0 2 0 2 2 2 3 1 1 2 2 0 3 0 1 2 1 1 1 1 4 2 3 2 2\
 0 1 1 0 0 1 0 1 0 0 2 0 1 0 1 1 0 1 0 4 0 2 2 1 2 0 2 0 1 2 1 1\
 1 0 0 1 3 2 0 2 2 2 0 0 1 0 2 2 1 1 3 2 1 2 0 3 3 1 1 2 0 1 3 1\
 1 1 2 2 0 1 2 1 2 2 2 0 2 3 0 2 1 0 0 0 2 1 1 0 0 0 1 0 0 0 0 1\
 4 0 1 1 2 3 1 0 0 0 1 0 4 0 2 1 1 1 0 1 1 1 1 1 0 0 1 0 1 0 3 0\
 1 0 1 1 1 0 2 2 2 2 0 1 2 1 1 2 2 2 2 2 3 4 4 1 1 2 3 2 0 1 5 4\
 2 2 4 1 0 1 3 1 1 2 0 0 2 2 1 4 0 0 1 0 1 2 0 3 0 1 2 1 0 2 1 0\
 0 2 1 1 2 0 3 0 2 0 0 0 2 2 1 0 2 3 0 1 2 0 1 2 2 0 2 1 3 0 0 1\
 0 1 1 1 0 2 0 0 0 0 0 3 2 1 0 0 2 1 2 0 0 0 3 0 0 0 3 2 1 0 2 1\
 0 0 1 2 2 1 1 1 0 0 2 0 0 0 0 2 1 0 1 2 1 3 0 1 0 0 1 0 2 2 0 0\
 1 1 0 0 0 1 0 0 3 2 0 0 1 1 2 4 0 0 2 1 2 1 2 3 1 0 2 0 0 1 2 0\
 3 0 2 4 1 2 2 2 3 1 0 1 3 1 1 2 0 6 4 0 3 1 2 2 4 2 6 3 1 3 3 2\
 2 1 4 4 2 2 2 1 3 2 2 1 1 3 3 2 3 3 1 2 2 1 1 1 2 1 1 1 0 2 0 2\
 3 2 1 0 0 2 4 1 1 1 2 3 1 2 1 1 1 3 1 1 1 0 1 1 3 2 0 0 2 0 2 0\
 0 1 0 1 2 1 3 2 2 1 1 2 4 0 1 0 1 1 1 0 0 0 1 1 2 1 0 2 1 1 0 0\
 1 0 1 1 3 2 4 1 1 1 2 1 1 1 0 2 2 4 3 3 7 4 5 6 6 14 12 9 17 18 25 27\
 27 24 33 35 36 40 41 54 58 59 56 42 75 53 44 44 40 41 40 32 34 30 31 24 32 18 12 11 11 7 8 0\
 2 2 2 1 2 2 1 1 2 0 0 2 1 2 1 3 1 1 0 2 3 4 4 3 4 2 3 6 2 5 9 1\
 12 6 11 6 17 7 7 7 10 10 10 9 7 9 2 9 6 8 5 10 5 3 8 6 3 2 6 0 3 1 3 2\
 0 2 4 1 1 1 0 1 0 1 1 1 1 1 1 2 3 0 1 2 2 3 1 1 1 2 1 2 1 2 0 1\
 0 1 3 0 0 0 1 1 1 0 2 1 0 1 0 0 2 1 1 0 0 1 0 3 1 1 0 2 0 0 2 1\
 1 0 2 2 0 2 0 1 1 0 0 0 1 3 2 1 0 0 1 0 1 1 2 2 0 0 0 1 0 0 0 0\
 2 2 2 0 0 1 0 0 0 1 0 1 0 2 2 1 1 0 1 1 1 1 2 0 1 0 1 1 1 0 2 1\
 3 2 0 2 0 0 1 0 0 0 0 1 2 0 0 1 0 0 1 6 1 0 2 0 2 2 0 2 1 1 2 1\
 1 1 0 2 0 1 2 0 1 0 0 0 1 0 0 1 0 0 1 4 1 1 1 0 0 1 0 0 1 1 0 2\
 1 1 1 2 0 0 1 0 0 0 0 0 0 0 3 0 1 1 0 2 1 0 0 2 2 2 2 0 0 0 0 0\
 5 1 2 2 3 0 1 0 1 1 1 0 1 1 0 0 2 2 1 2 0 0 0 1 2 0 0 0 0 2 0 0\
 0 1 1 0 1 0 1 2 0 1 0 0 0 0 0 0 0 1 0 1 1 1 1 3 0 1 0 1 0 0 0 0\
 0 0 1 4 1 0 0 0 2 2 0 1 0 1 0 2 1 3 3 0 1 0 1 1 1 0 1 0 1 1 2 0\
 2 0 3 2 0 1 2 1 2 2 0 1 1 1 4 0 4 2 0 2 3 0 1 0 1 1 1 1 2 1 0 0\
 1 0 0 2 1 1 1 1 0 2 0 0 1 4 0 2 1 0 1 0 2 0 2 1 0 0 0 0 1 3 1 0\
 0 2 1 0 1 0 2 1 1 1 0 1 1 1 0 1 1 2 0 0 4 3 1 1 3 0 0 2 1 0 3 3\
 3 0 1 1 1 1 3 0 0 3 2 2 3 2 3 4 6 3 8 3 3 3 3 5 1 3 2 2 2 1 1 3\
 5 2 3 0 1 2 0 2 1 0 1 0 0 0 1 0 2 0 1 0 0 1 1 1 0 2 1 2 0 0 1 0\
 3 0 2 0 1 2 0 2 0 1 0 1 0 2 3 0 3 0 0 1 1 1 0 0 1 2 2 2 2 0 1 0\
 0 0 1 2 1 1 1 3 0 0 2 2 2 1 1 0 0 1 2 1 1 1 2 3 0 1 1 0 1 1 1 1\
 1 3 0 0 3 1 0 2 1 1 1 1 0 3 1 0 0 3 4 2 0 0 0 1 0 1 0 0 2 0 2 1\
 2 1 1 2 1 1 1 0 3 1 1 4 1 3 3 0 0 1 0 2 2 0 1 1 1 1 1 1 1 2 2 2\
 1 1 0 0 0 2 0 1 3 0 0 1 3 1 3 0 0 2 3 1 2 4 2 1 0 1 3 0 5 5 2 2\
 4 0 2 5 3 3 3 2 5 2 0 3 2 0 0 2 2 1 0 2 4 2 0 0 1 2 0 1 0 2 2 0\
 3 0 0 2 1 1 4 2 2 1 0 2 0 1 0 2 0 2 0 1 1 0 0 0 1 4 2 0 2 1 3 2\
 1 2 0 2 3 1 1 2 2 0 2 3 2 1 3 0 4 2 5 2 1 4 7 3 5 5 1 6 8 6 9 7\
 11 10 9 11 8 12 18 9 13 7 7 13 11 9 16 10 9 11 13 13 12 7 6 8 6 5 6 10 4 2 8 10\
 7 7 3 4 3 3 3 3 2 5 1 4 3 3 3 5 1 4 3 3 4 2 1 2 1 0 4 1 3 1 3 5\
 4 4 8 1 2 0 4 4 6 4 2 1 2 1 2 2 5 0 2 2 4 2 5 1 2 2 4 2 6 4 5 4\
 0 10 5 6 9 5 11 10 6 8 10 13 13 11 11 9 13 10 17 19 15 10 22 16 23 24 19 10 18 22 13 14\
 14 21 17 15 17 21 20 15 12 8 11 10 13 17 6 12 9 5 4 4 4 9 8 10 3 9 7 4 10 3 5 6\
 5 5 10 4 2 2 4 5 5 8 5 5 4 8 6 4 9 9 11 4 9 6 10 7 3 10 9 7 7 9 6 5\
 8 6 7 5 9 7 3 6 6 11 11 9 9 9 9 4 8 16 7 7 13 7 7 9 9 9 9 14 16 5 12 10\
 13 11 14 6 8 14 12 13 12 22 16 13 17 23 14 17 7 15 16 22 17 21 23 16 22 17 20 19 14 19 20 23\
 22 27 24 28 20 21 22 23 18 25 28 30 23 26 31 39 20 30 30 27 25 30 29 36 41 31 37 46 37 38 55 38\
 42 48 51 66 42 56 53 66 51 48 68 66 70 72 88 69 103 71 98 115 118 131 130 136 154 152 175 188 216 210 206 244\
 247 239 262 269 300 321 369 358 410 408 423 475 430 506 516 585 541 575 559 585 598 668 682 660 632 707 679 703 723 726 719 683\
 731 724 715 751 821 701 695 713 699 724 671 728 748 734 706 734 748 706 679 741 701 721 757 763 796 716 773 800 748 775 767 774\
 756 783 730 711 757 710 669 670 640 622 602 574 507 522 455 465 412 369 332 302 302 294 216 216 198 177 153 140 108 110 89 75\
 64 57 43 40 29 26 14 21 17 11 11 7 2 3 3 3 2 2 1 1 3 0 1 0 0 0 1 1 0 0 0 0\
 0 0 0 0 0 0 0 0 0 0 0 0 0 0 0 0 0 0 0 0 0 0 0 0 0 0 0 0 0 0 0 0\
 0 0 0 0 0 0 0 0 0 0 0 0 0 0 0 0 0 0 1 0 0 0 0 0 0 0 0 0 0 0 0 0


#S 7 mca_save_point Point:6 Scan:140 Datafile:20151023
#D Sun Oct 25 00:52:08 2015
#U Epics mca: dp_vortex_xrd45:mca1
#T 300  (Seconds)
#Q 0 9.59993e-09 0.0220014
#Energy 10
#Monc 5551470 70944746
#@MCA %32C
#@CHANN 1000 0 999 1
#@CTIME 300 300 295.285
#@CALIB -17.487 5.2147 0
#N 1
#L Epics MCA
@A 0 0 0 0 0 0 0 0 0 0 0 0 0 0 0 0 0 0 0 0 0 0 0 0 0 0 0 0 0 0 0 0\
 0 0 0 0 0 0 0 0 0 0 0 0 0 0 0 0 0 0 0 0 0 0 0 0 0 0 0 0 0 0 0 0\
 0 0 0 0 0 0 0 0 0 0 0 0 0 0 0 0 0 0 0 0 0 0 0 0 0 0 0 0 0 0 0 0\
 0 0 0 0 0 0 0 0 0 0 0 0 0 0 0 0 0 0 0 0 0 0 0 0 0 0 0 0 0 0 0 0\
 0 0 0 0 0 0 0 0 0 0 0 0 0 0 0 0 0 0 0 0 0 0 0 0 0 0 0 0 0 0 0 0\
 0 0 0 0 0 0 0 0 0 1 2 1 0 0 1 2 1 1 0 2 0 1 2 0 2 1 2 1 2 3 3 3\
 0 1 4 2 3 4 3 1 1 2 3 1 2 0 2 4 6 4 0 5 2 5 1 1 1 1 1 1 1 1 2 0\
 1 1 3 2 1 0 2 2 3 2 0 1 5 2 2 2 0 4 1 3 4 1 3 2 2 0 0 2 0 1 3 0\
 1 0 2 1 1 1 2 5 3 0 1 0 0 2 2 0 1 2 1 3 4 1 4 0 3 1 1 2 3 1 0 0\
 2 2 0 0 2 3 2 2 1 0 2 2 2 0 0 0 1 2 2 1 2 3 0 1 2 1 1 1 0 0 1 1\
 2 0 3 1 2 2 2 2 1 0 1 2 0 0 4 0 1 1 1 1 2 0 2 3 1 2 1 1 1 1 1 1\
 1 2 1 1 1 2 1 1 1 2 2 2 2 0 0 3 2 0 2 0 1 1 0 0 3 1 3 1 4 2 3 1\
 4 7 1 0 3 2 3 0 2 1 1 3 1 1 3 1 4 0 0 2 3 1 3 0 1 1 2 3 0 0 4 1\
 1 3 2 2 3 1 1 1 2 3 3 1 0 2 1 2 0 2 1 0 1 3 0 2 2 1 0 0 1 3 2 1\
 4 1 0 1 1 2 0 2 0 3 3 2 1 3 0 2 2 1 0 1 2 3 0 2 1 1 1 1 1 0 2 1\
 2 1 1 1 1 1 2 0 0 1 1 1 1 1 5 1 1 0 1 1 0 4 2 4 0 2 1 1 0 1 2 2\
 0 0 0 3 1 2 3 0 1 1 1 3 0 2 1 1 0 1 0 1 2 0 0 1 2 2 2 2 3 0 1 0\
 2 2 1 1 2 1 0 0 2 0 1 0 2 0 2 4 0 2 1 3 2 4 3 2 4 3 0 2 4 2 7 5\
 4 5 2 3 2 7 3 1 0 2 4 3 1 0 2 3 3 0 2 0 3 1 2 1 2 2 0 2 0 6 0 3\
 1 0 2 2 2 1 1 1 0 1 0 0 1 2 2 0 1 0 1 1 1 3 0 5 0 1 1 2 0 0 1 0\
 1 0 0 1 1 1 0 3 1 0 0 0 3 1 0 5 0 1 0 0 0 0 1 3 0 2 1 0 1 1 0 1\
 1 3 0 2 1 2 4 1 4 3 2 2 2 1 0 4 3 3 4 8 9 6 5 9 15 13 18 17 20 20 29 27\
 35 41 49 49 45 53 48 57 45 61 74 59 52 52 60 55 52 34 51 34 32 34 22 22 27 20 8 12 11 13 6 8\
 7 4 1 2 4 0 0 1 2 5 1 2 2 0 2 3 2 6 3 4 3 4 7 4 1 4 2 5 3 2 5 5\
 11 8 10 11 11 4 14 9 11 9 10 9 7 7 13 10 8 10 8 9 6 4 5 3 4 2 0 2 1 3 0 3\
 2 2 2 1 2 2 1 2 1 2 4 2 3 1 1 0 0 0 1 4 2 0 2 0 0 1 3 4 0 0 2 0\
 0 1 1 1 0 1 4 2 3 2 1 2 1 0 0 1 2 1 1 1 0 0 0 0 0 0 1 2 1 1 0 4\
 1 1 2 3 1 2 2 0 0 1 1 1 1 0 2 0 2 1 2 1 1 3 4 0 1 1 1 3 0 1 1 0\
 3 1 0 1 0 0 2 0 1 2 1 1 1 2 1 2 2 2 2 2 2 1 1 0 0 3 1 0 2 1 1 2\
 1 0 1 1 0 0 0 3 1 1 2 0 2 2 0 1 1 0 1 1 0 1 1 3 2 1 0 1 1 2 1 0\
 0 1 3 1 1 1 2 1 1 0 1 0 1 0 0 2 1 1 2 1 1 0 1 1 1 1 1 1 1 0 0 0\
 0 5 1 0 0 1 3 0 2 0 0 2 0 4 1 0 1 1 0 2 0 1 1 0 0 2 2 2 1 2 3 2\
 0 0 3 3 2 4 1 0 1 1 2 3 1 2 1 0 1 0 0 3 1 3 1 1 1 0 1 2 3 0 0 1\
 0 0 1 2 1 2 1 1 3 1 3 0 0 2 0 1 0 3 2 1 2 3 2 2 0 1 0 5 0 0 3 2\
 2 1 1 0 0 2 0 2 0 0 1 1 1 4 0 4 2 3 0 0 0 1 1 1 1 0 3 1 1 1 0 0\
 3 1 1 2 1 1 1 1 1 1 0 2 1 3 5 1 0 0 4 0 2 2 2 5 1 1 3 2 0 0 1 1\
 0 1 0 1 1 0 0 2 2 1 1 2 1 1 1 0 5 0 1 1 0 1 3 3 4 1 0 1 1 0 2 1\
 3 1 0 0 3 1 1 2 0 0 0 2 0 0 1 0 0 2 0 0 1 0 1 1 0 5 1 3 1 3 1 0\
 1 3 5 6 6 3 4 3 5 6 4 2 1 7 1 5 8 3 7 2 8 6 4 2 3 4 4 4 2 4 1 6\
 3 3 1 3 0 2 0 1 2 0 2 2 1 0 2 1 1 3 1 0 4 0 0 1 0 2 1 1 1 2 1 3\
 0 3 0 2 0 0 2 0 0 2 0 0 1 2 0 0 1 1 0 3 2 4 0 1 2 0 0 0 0 1 1 1\
 0 0 0 0 1 0 0 0 2 2 1 1 3 0 1 5 1 1 2 2 1 2 7 1 2 1 2 1 2 1 0 2\
 1 2 3 4 2 3 1 3 1 2 0 1 2 0 1 1 0 1 3 2 2 1 1 2 1 1 2 3 1 1 5 2\
 2 1 1 2 4 0 2 0 1 0 1 0 0 0 3 3 1 0 2 0 2 1 1 0 2 3 4 1 0 0 1 2\
 1 0 0 1 0 3 0 1 3 1 0 2 1 0 3 0 2 4 4 2 3 0 3 7 3 0 3 2 5 2 4 1\
 3 5 5 6 3 0 1 0 1 2 2 0 1 2 2 3 3 3 3 1 4 1 2 2 7 3 4 1 4 2 0 3\
 3 4 2 3 1 2 1 2 0 1 5 4 1 1 3 0 0 2 2 1 4 4 1 4 1 0 2 2 1 0 4 2\
 0 0 1 4 1 3 2 3 1 1 3 0 3 6 1 2 3 2 3 3 1 9 5 3 8 9 14 10 11 8 10 12\
 9 2 7 7 13 8 14 9 12 11 12 9 10 15 11 15 8 17 17 12 14 9 6 8 11 12 8 8 6 8 8 5\
 6 4 6 4 3 1 3 6 7 4 4 5 2 3 2 5 6 5 4 3 5 6 5 2 1 2 4 0 5 4 3 1\
 3 2 5 3 1 3 2 6 2 3 2 2 3 0 2 3 2 1 1 6 1 3 1 2 2 3 2 4 3 5 4 7\
 4 0 8 6 9 7 8 6 10 12 10 11 6 7 13 10 11 7 10 15 10 14 17 15 14 17 12 19 19 27 19 20\
 15 15 10 17 20 17 14 14 19 13 8 16 11 4 9 8 11 12 7 5 13 8 7 7 4 5 9 7 6 8 7 4\
 4 5 12 11 8 8 7 8 6 2 10 4 9 12 15 9 10 12 10 5 5 8 14 13 16 12 15 4 8 9 8 12\
 6 14 5 5 11 4 9 16 11 14 10 5 11 12 11 5 6 16 18 8 13 13 11 10 10 14 15 15 15 17 19 14\
 18 19 16 16 19 16 17 28 22 16 21 24 18 14 25 18 20 22 16 21 32 34 15 22 21 24 20 33 39 37 24 35\
 36 31 32 28 30 29 35 31 36 33 39 36 36 42 40 40 37 41 44 50 46 47 38 44 42 57 53 51 52 42 51 56\
 52 52 44 62 74 61 66 61 69 86 73 82 84 100 110 106 106 131 134 157 137 173 149 188 192 206 190 229 231 260 271 296\
 314 338 347 403 422 424 464 495 533 527 564 580 617 713 683 665 693 757 803 835 795 840 896 876 886 920 921 976 963 943 918 956\
 1009 969 983 959 984 1007 987 957 977 960 1038 971 945 960 968 969 950 928 988 970 986 992 1022 1023 999 1034 1064 1063 1068 1070 1038 1075\
 1077 1057 1017 982 980 967 923 957 896 898 847 794 696 682 662 604 526 529 526 455 347 358 343 291 277 229 204 171 136 113 106 85\
 93 80 65 52 43 26 36 32 15 18 11 14 9 10 5 4 1 4 3 1 0 1 0 0 0 0 1 0 0 0 0 1\
 0 0 0 0 0 0 0 0 0 0 0 0 0 0 0 0 0 0 0 0 0 0 0 0 0 0 0 0 0 0 0 0\
 0 0 0 0 0 0 0 0 0 0 0 0 0 0 0 0 0 0 0 0 0 0 0 0 0 0 0 0 0 0 0 0


#S 8 mca_save_point Point:7 Scan:140 Datafile:20151023
#D Sun Oct 25 00:57:17 2015
#U Epics mca: dp_vortex_xrd45:mca1
#T 300  (Seconds)
#Q 0 -4.01055e-08 0.0229788
#Energy 10
#Monc 5537127 71040638
#@MCA %32C
#@CHANN 1000 0 999 1
#@CTIME 300 300 249.998
#@CALIB -17.487 5.2147 0
#N 1
#L Epics MCA
@A 0 0 0 0 0 0 0 0 0 0 0 0 0 0 0 0 0 0 0 0 0 0 0 0 0 0 0 0 0 0 0 0\
 0 0 0 0 0 0 0 0 0 0 0 0 0 0 0 0 0 0 0 0 0 0 0 0 0 0 0 0 0 0 0 0\
 0 0 0 0 0 0 0 0 0 0 0 0 0 0 0 0 0 0 0 0 0 0 0 0 0 0 0 0 0 0 0 0\
 0 0 0 0 0 0 0 0 0 0 0 0 0 0 0 0 0 0 0 0 0 0 0 0 0 0 0 0 0 0 0 0\
 0 0 0 0 0 0 0 0 0 0 0 0 0 0 0 0 0 0 0 0 0 0 0 0 0 0 0 0 0 0 1 0\
 0 1 0 4 2 5 4 3 4 9 10 14 13 17 12 18 23 32 29 33 37 37 38 37 31 48 35 32 44 34 43 26\
 46 32 35 36 32 28 39 31 39 32 34 37 32 39 42 39 28 28 35 38 37 44 38 35 38 41 33 40 49 36 34 34\
 34 29 33 29 29 38 33 29 36 40 33 25 27 38 27 30 23 41 30 30 27 41 32 26 36 40 30 35 30 32 35 33\
 38 24 39 36 33 30 34 31 30 30 32 37 32 31 37 28 31 30 29 22 39 28 21 27 42 28 25 28 32 43 33 44\
 33 35 33 31 24 30 34 28 32 20 33 28 24 28 33 38 24 38 35 38 22 34 31 28 25 25 32 27 29 24 30 29\
 31 19 23 22 31 28 20 29 29 25 34 29 25 27 41 35 27 21 26 20 47 33 19 22 37 32 29 40 18 26 29 32\
 34 37 25 26 25 33 38 32 22 31 26 32 26 30 28 29 26 23 35 32 28 31 27 39 31 20 30 36 28 29 33 33\
 27 27 33 30 27 22 26 37 19 28 19 34 19 27 29 24 23 35 34 30 29 17 33 38 32 24 29 26 35 20 27 24\
 31 22 27 23 33 33 22 27 30 30 29 33 25 28 26 34 31 27 31 24 18 27 22 28 30 25 33 26 32 26 33 21\
 20 30 27 31 30 30 30 32 28 31 28 26 30 32 22 21 31 17 37 27 27 22 29 22 26 25 26 25 33 29 22 23\
 17 39 21 28 29 29 21 23 25 19 30 18 22 26 25 33 22 18 32 25 18 24 23 27 29 31 23 19 17 19 26 31\
 18 32 27 26 23 25 30 31 15 20 27 33 20 32 25 24 29 22 19 28 30 25 20 26 24 17 30 22 26 28 26 27\
 31 19 24 18 24 23 22 19 18 21 15 22 26 23 13 28 26 24 17 18 28 35 31 25 28 24 26 24 29 36 23 28\
 25 28 22 18 27 26 21 26 29 31 17 30 20 18 24 21 23 25 15 26 21 28 19 27 26 19 26 24 24 23 35 37\
 18 16 29 24 32 19 17 25 25 19 27 30 19 24 23 25 17 22 15 24 26 27 17 23 26 21 18 19 26 22 18 23\
 22 17 21 18 23 25 32 22 23 24 19 24 23 26 28 21 21 21 26 24 26 22 19 29 17 21 30 17 22 16 19 31\
 26 21 18 23 25 30 27 23 23 27 19 14 29 20 22 27 27 34 18 20 21 30 33 33 31 42 37 40 35 42 48 53\
 54 69 71 70 68 75 73 73 76 79 76 84 71 69 71 62 67 56 53 55 54 30 37 50 31 25 23 39 43 25 31 29\
 21 18 27 20 24 23 22 19 22 24 16 16 20 20 29 14 22 23 25 25 31 19 28 28 29 23 27 37 31 19 33 35\
 33 28 35 31 38 34 28 39 26 33 33 39 32 19 36 33 29 29 21 32 23 17 29 18 19 25 22 23 17 18 18 15\
 21 16 19 23 16 17 30 27 22 31 21 18 22 25 20 23 22 30 30 19 22 18 14 16 24 19 28 27 24 25 29 37\
 20 26 20 31 24 27 25 23 30 20 22 27 25 21 28 19 24 15 21 20 23 21 27 23 26 28 32 20 28 24 23 33\
 21 22 20 26 27 25 20 22 28 25 28 22 11 23 26 23 18 23 13 18 19 14 22 26 27 25 21 33 26 31 19 22\
 22 14 15 19 15 24 21 21 20 13 10 19 23 21 24 27 22 21 23 30 22 32 24 24 13 23 24 16 31 22 26 17\
 19 21 18 27 25 20 28 14 25 31 20 22 25 18 24 27 18 30 23 19 21 20 22 31 29 26 28 19 24 16 24 20\
 14 26 17 22 28 17 16 27 21 30 20 14 23 24 24 24 26 24 23 28 21 21 22 20 20 20 17 17 26 29 25 19\
 20 18 24 23 21 27 23 19 26 25 17 25 28 35 27 23 15 19 26 19 16 22 18 31 23 30 30 21 13 17 22 28\
 21 22 29 22 21 21 22 16 15 22 30 18 24 25 24 30 21 25 15 34 23 18 13 21 25 11 13 25 21 18 21 26\
 17 25 24 25 20 28 21 29 21 24 19 19 18 22 20 18 25 15 24 17 20 25 29 19 25 26 23 14 24 21 25 35\
 20 23 41 25 17 18 15 21 19 24 26 19 24 29 27 17 12 32 25 27 14 30 23 23 20 21 25 30 24 20 23 24\
 24 23 23 24 30 28 30 26 27 32 38 23 33 34 21 29 23 37 35 30 31 29 31 31 36 28 30 29 28 20 25 28\
 36 27 26 25 17 29 26 33 21 21 24 19 28 20 27 23 20 19 20 20 20 21 28 20 26 21 19 36 17 28 18 26\
 20 17 21 30 21 17 24 17 15 27 25 33 19 20 18 15 24 26 33 26 18 20 28 29 26 23 22 30 30 32 23 28\
 23 34 36 27 31 34 43 36 34 45 34 41 43 34 33 30 41 46 32 34 28 39 39 39 26 26 29 27 37 28 38 35\
 28 33 23 18 32 21 24 21 27 24 25 24 35 18 22 21 27 23 23 24 19 32 17 20 24 22 24 25 30 27 26 29\
 15 24 38 26 19 21 35 20 27 14 20 36 21 30 24 27 27 21 16 26 21 34 28 28 24 24 31 27 30 16 15 18\
 19 34 22 25 24 30 31 37 29 23 32 29 24 26 28 25 24 28 27 27 20 29 21 19 28 19 24 31 33 29 39 25\
 19 31 39 27 27 22 24 28 31 35 26 19 30 35 21 27 34 26 26 24 31 24 29 32 26 38 31 23 24 33 23 35\
 25 18 21 32 30 19 20 20 30 25 32 30 27 35 32 26 28 29 37 32 22 21 25 27 33 25 18 22 34 25 22 32\
 30 24 36 31 26 34 32 30 36 27 31 30 42 23 32 34 32 29 35 34 27 31 34 30 33 18 35 43 37 28 38 31\
 37 28 18 39 27 39 34 29 33 33 28 30 34 24 37 26 34 23 26 33 42 28 36 32 34 23 41 34 28 41 41 33\
 32 40 43 43 38 48 41 50 38 38 36 44 36 37 43 48 35 34 47 48 33 34 41 37 31 46 32 29 36 41 40 31\
 33 40 45 44 49 42 36 63 50 52 48 47 55 44 62 60 71 69 90 83 78 81 71 95 117 107 143 149 112 142 156 158\
 156 171 176 172 164 179 166 205 183 195 227 208 164 192 199 183 177 174 169 164 155 149 155 133 118 141 138 131 113 106 108 104\
 99 112 106 83 93 94 87 80 100 96 90 94 84 79 80 96 82 86 77 78 85 63 83 93 78 82 85 81 81 71 71 70\
 56 67 94 70 73 82 76 70 67 80 64 80 66 73 62 73 85 80 70 78 79 69 74 66 74 75 54 79 68 75 61 89\
 80 76 81 87 67 86 92 90 95 87 80 94 82 98 86 84 98 107 100 90 100 86 105 108 102 105 116 96 114 97 99 115\
 114 106 109 103 105 127 117 119 117 134 130 108 128 143 142 94 123 136 146 120 142 149 136 150 130 144 135 157 144 164 147 173\
 184 163 171 152 173 182 153 174 192 196 197 214 188 210 215 197 203 213 242 203 234 250 202 219 229 240 218 232 246 228 236 239\
 248 252 244 266 287 228 264 293 275 284 284 283 304 275 260 316 291 274 323 288 304 310 321 325 336 331 349 370 362 372 367 380\
 359 359 384 423 402 412 450 428 452 479 495 486 493 529 520 520 498 543 561 552 530 560 547 604 634 597 631 663 660 644 680 688\
 702 745 709 706 781 731 794 824 806 845 863 826 883 892 849 911 876 951 933 922 926 1004 923 963 1048 1020 994 982 1043 1139 1100 1135\
 1153 1189 1161 1274 1323 1377 1445 1472 1536 1667 1764 1841 1961 2026 2189 2392 2472 2662 2843 3087 3316 3539 3767 4065 4345 4581 4973 5151 5754 5942 6387 6829\
 7240 7763 8234 8650 9231 9772 10209 10831 11170 11698 12485 12934 13662 14158 14433 14712 15536 16113 16702 17189 17404 17587 18190 18529 18679 18962 19316 19474 19684 19821 20041 19853\
 19833 19916 20286 20072 20086 20088 20125 20157 20003 20136 20478 20345 20627 20444 20989 20988 21295 21340 21796 21753 22236 22394 22891 23340 23372 23609 23661 24040 24240 24385 24124 24206\
 24014 23716 23481 22829 22351 21793 21103 20380 19474 18559 17762 16795 16019 15105 14118 12946 12271 10959 10178 9244 8325 7621 6823 6087 5402 4742 4139 3559 3067 2643 2246 2040\
 1761 1480 1249 1009 833 694 608 466 398 327 239 202 189 133 107 103 78 69 51 35 35 22 23 22 15 14 6 6 11 10 15 10\
 6 8 6 7 8 7 6 8 6 8 5 5 11 6 8 4 1 8 6 5 2 5 6 3 2 7 6 3 5 4 4 1\
 5 4 2 6 3 6 5 6 4 4 8 0 3 6 6 2 2 6 5 4 4 2 4 6 5 1 0 2 2 3 5 0


#S 9 mca_save_point Point:8 Scan:140 Datafile:20151023
#D Sun Oct 25 01:02:26 2015
#U Epics mca: dp_vortex_xrd45:mca1
#T 300  (Seconds)
#Q 0 -1.04683e-08 0.0239915
#Energy 10
#Monc 5556921 71077085
#@MCA %32C
#@CHANN 1000 0 999 1
#@CTIME 300 300 207.869
#@CALIB -17.487 5.2147 0
#N 1
#L Epics MCA
@A 0 0 0 0 0 0 0 0 0 0 0 0 0 0 0 0 0 0 0 0 0 0 0 0 0 0 0 0 0 0 0 0\
 0 0 0 0 0 0 0 0 0 0 0 0 0 0 0 0 0 0 0 0 0 0 0 0 0 0 0 0 0 0 0 0\
 0 0 0 0 0 0 0 0 0 0 0 0 0 0 0 0 0 0 0 0 0 0 0 0 0 0 0 0 0 0 0 0\
 0 0 0 0 0 0 0 0 0 0 0 0 0 0 0 0 0 0 0 0 0 0 0 0 0 0 0 0 0 0 0 0\
 0 0 0 0 0 0 0 0 0 0 0 0 0 0 0 0 0 0 0 0 0 0 1 0 0 0 0 2 0 0 1 2\
 1 0 1 2 8 6 10 12 11 19 19 16 20 35 29 33 47 39 44 52 59 57 59 50 82 71 55 52 58 59 74 64\
 60 63 60 54 51 49 52 56 51 56 39 67 45 66 58 79 63 67 59 62 60 55 63 53 55 55 47 62 37 53 69 45\
 61 53 70 52 48 54 48 52 64 51 69 53 64 48 63 72 60 58 61 47 45 68 49 44 65 51 58 42 50 49 47 53\
 54 55 56 61 40 49 41 54 48 54 45 47 54 44 52 66 45 66 49 46 48 55 42 58 49 42 54 53 57 47 55 42\
 52 49 41 50 52 46 43 48 54 50 35 42 52 49 32 40 41 63 45 41 50 39 43 44 55 49 56 55 39 46 49 55\
 42 48 59 55 42 44 51 38 40 35 45 41 40 60 46 40 43 55 48 43 40 61 61 40 38 40 51 52 46 35 42 44\
 45 52 49 45 51 43 52 47 38 45 50 47 57 43 48 42 53 44 40 46 46 58 42 36 53 50 51 32 42 53 49 56\
 55 51 43 41 37 51 54 43 51 51 42 50 47 43 32 46 40 46 49 55 56 43 53 49 45 34 39 48 37 53 37 42\
 49 45 51 44 48 34 50 48 59 42 45 41 36 50 40 49 42 51 63 48 56 42 47 46 46 53 52 40 51 44 49 51\
 34 42 34 52 43 50 47 51 43 46 47 44 44 53 42 50 38 50 56 42 36 47 58 43 44 56 38 46 48 62 49 54\
 40 54 50 38 38 46 43 34 42 44 27 50 36 50 45 45 52 40 44 65 38 33 39 42 54 45 55 45 38 45 42 35\
 36 50 46 38 56 42 44 54 37 46 45 36 41 46 55 49 35 50 40 48 44 45 41 36 41 41 49 44 40 35 42 45\
 38 37 50 43 51 42 40 44 39 40 46 50 44 35 41 39 30 51 51 39 37 50 39 48 51 34 49 41 49 46 38 50\
 47 46 44 42 43 53 42 53 50 40 49 40 53 43 28 40 43 45 50 47 48 38 48 34 37 47 31 41 50 27 46 34\
 45 44 42 33 46 45 34 44 53 58 39 31 37 48 37 37 32 42 44 31 47 31 31 47 44 35 33 41 48 32 51 43\
 38 32 43 35 33 35 43 42 50 38 35 29 40 34 37 43 38 36 43 37 28 51 44 39 49 44 29 48 52 32 49 47\
 33 41 37 40 33 50 48 41 31 39 31 34 45 44 39 49 43 38 40 42 46 41 31 47 46 45 43 51 56 61 54 65\
 69 63 74 88 65 69 74 66 83 64 72 67 69 57 76 56 63 59 62 52 52 64 60 45 46 46 53 55 38 37 41 44\
 35 46 30 34 48 31 42 30 38 33 37 46 30 35 40 35 35 43 39 38 37 42 49 41 39 54 35 40 43 40 52 38\
 41 36 48 49 40 40 52 45 34 49 49 41 34 50 55 53 37 39 48 37 42 37 33 39 49 32 38 36 33 35 39 43\
 36 39 35 32 38 37 40 45 27 37 41 48 40 41 41 30 48 37 50 50 36 36 45 41 44 37 38 30 56 23 48 34\
 31 46 40 34 35 47 38 34 34 37 33 35 39 38 41 43 25 52 47 40 32 44 43 35 41 36 44 30 43 43 32 35\
 48 39 33 38 30 41 47 33 46 38 35 31 49 34 43 33 44 31 49 39 33 35 38 40 51 37 36 35 44 37 36 32\
 50 28 40 36 42 44 36 36 49 34 49 38 27 28 33 44 30 42 44 30 46 40 45 42 39 42 36 36 41 26 36 34\
 37 47 35 41 32 32 38 29 37 55 40 40 43 42 40 25 38 30 40 40 33 44 42 49 47 42 43 44 54 33 45 37\
 34 40 36 42 36 37 30 39 39 36 41 41 36 38 35 40 48 31 35 32 49 32 36 36 33 40 43 34 44 48 36 32\
 45 34 33 46 34 38 35 37 38 31 33 29 39 35 40 34 37 40 42 30 42 33 33 43 38 37 39 31 47 37 40 42\
 34 31 30 35 34 40 38 50 38 31 43 36 34 37 41 31 46 29 33 47 42 38 44 36 39 44 35 49 33 50 38 39\
 29 48 38 37 38 52 45 44 30 37 29 41 40 35 49 38 40 48 53 42 49 32 37 33 34 35 41 33 46 44 32 39\
 35 37 36 42 31 37 56 44 27 41 31 43 39 39 38 43 47 48 39 37 33 35 43 42 33 42 42 39 42 31 39 43\
 39 41 31 50 49 53 62 49 49 47 39 46 47 48 54 42 42 54 57 55 47 49 49 50 49 53 42 43 49 40 40 51\
 36 35 26 43 42 57 39 37 38 60 55 36 39 36 45 47 39 33 37 37 39 51 32 32 30 42 46 49 37 40 51 47\
 36 29 32 38 46 44 32 32 39 51 45 29 35 43 45 57 38 45 49 46 41 41 40 38 41 39 44 38 40 51 51 47\
 50 50 57 61 51 53 52 49 48 57 60 49 73 54 65 71 44 54 62 62 57 51 47 47 62 64 60 60 40 59 48 48\
 49 47 44 41 50 46 48 44 55 45 55 38 46 51 35 50 44 49 45 39 52 37 41 34 47 35 32 41 43 41 25 51\
 53 47 47 50 46 48 50 34 32 49 47 42 35 40 40 39 44 51 46 42 48 40 43 52 40 40 53 36 46 58 37 45\
 57 42 40 31 48 59 47 56 35 49 38 48 40 40 47 38 51 37 58 40 53 49 50 29 49 51 48 51 46 56 48 44\
 57 49 55 32 41 44 44 49 51 50 51 48 49 50 53 50 56 42 47 52 53 55 58 44 57 50 39 49 36 49 45 38\
 40 48 45 44 43 46 57 55 40 46 39 41 41 40 61 50 49 53 49 51 53 59 65 48 51 51 40 62 51 56 52 49\
 56 51 40 58 45 53 53 55 46 46 45 53 51 48 56 61 60 40 41 66 44 51 62 58 57 56 53 54 55 60 72 60\
 55 51 65 53 65 53 50 55 68 78 55 57 70 61 61 57 61 68 58 45 50 74 56 61 57 58 61 64 58 56 65 69\
 61 70 52 64 77 62 66 65 76 64 60 57 57 59 57 67 53 86 65 62 59 71 64 73 61 71 60 57 75 54 67 77\
 78 75 78 78 63 93 71 77 73 74 90 81 107 114 114 119 107 117 114 142 140 144 161 176 183 189 173 204 218 229 238 248\
 265 277 265 290 259 285 312 325 297 315 309 319 303 310 302 340 289 289 317 292 252 249 259 243 211 194 189 204 208 196 189 162\
 155 156 155 159 139 145 159 151 145 158 151 142 154 137 149 150 153 162 142 148 133 151 139 139 151 129 146 122 142 132 153 142\
 137 122 125 121 125 118 127 132 138 114 112 118 113 129 116 122 123 110 107 131 114 121 132 116 144 105 141 122 117 135 109 124\
 141 115 135 140 149 148 142 155 143 128 155 134 139 155 155 137 149 153 161 177 156 161 180 176 191 178 155 173 173 169 172 188\
 181 206 199 192 206 185 182 219 213 200 217 212 213 232 193 212 200 230 200 195 219 220 217 247 252 219 265 271 254 266 280 317\
 302 282 289 281 321 326 343 329 354 306 302 314 322 362 332 362 331 360 368 376 362 408 370 385 390 447 390 421 428 372 455 460\
 430 416 434 437 402 440 439 464 461 438 453 548 471 492 520 525 504 546 532 548 544 530 561 559 656 591 647 626 633 673 619 692\
 677 697 713 702 732 817 766 804 768 889 812 807 809 891 924 937 886 922 961 926 969 1044 1067 1037 1129 1089 1162 1130 1168 1188 1194 1190\
 1281 1290 1333 1335 1349 1336 1378 1457 1452 1415 1387 1494 1480 1483 1585 1568 1579 1604 1601 1629 1688 1673 1744 1718 1778 1754 1706 1811 1885 1862 1873 1979\
 2102 2115 2100 2350 2370 2462 2577 2726 2763 3039 3117 3389 3447 3849 3939 4366 4565 5008 5334 5642 6004 6691 6890 7333 7901 8536 9188 9596 10194 10921 11707 12482\
 13297 14199 14824 16032 16643 17627 18380 19361 20368 21265 22146 22949 24347 25094 25859 26700 27771 28417 29241 29961 30320 30999 31763 32248 32998 33331 33821 33820 34075 34140 34636 34658\
 34521 34665 34495 34706 35020 35112 34702 34801 34882 34724 34867 34673 35217 35422 36030 36345 36889 36904 37459 38059 38771 39359 39475 40072 40559 41415 41000 41463 41584 41502 41642 41306\
 40730 40414 39784 38799 37763 36487 35479 33894 32630 31241 29525 27934 26299 24580 22870 21086 19236 17746 16253 14687 13302 11915 10691 9508 8445 7307 6411 5570 4814 4030 3458 3059\
 2603 2206 1880 1563 1301 1035 908 676 620 485 415 306 252 239 179 148 135 109 88 71 67 58 44 45 43 36 42 43 27 32 32 35\
 24 33 26 33 25 26 15 31 24 25 28 32 15 27 30 26 23 22 14 22 23 19 16 22 25 12 19 15 14 15 10 7\
 17 17 11 15 13 20 10 10 12 9 13 21 7 8 15 9 9 16 9 16 9 15 7 6 9 10 8 14 13 10 10 8


#S 10 mca_save_point Point:9 Scan:140 Datafile:20151023
#D Sun Oct 25 01:07:35 2015
#U Epics mca: dp_vortex_xrd45:mca1
#T 300  (Seconds)
#Q 0 2.18203e-08 0.0250042
#Energy 10
#Monc 5515653 70914652
#@MCA %32C
#@CHANN 1000 0 999 1
#@CTIME 300 300 197.488
#@CALIB -17.487 5.2147 0
#N 1
#L Epics MCA
@A 0 0 0 0 0 0 0 0 0 0 0 0 0 0 0 0 0 0 0 0 0 0 0 0 0 0 0 0 0 0 0 0\
 0 0 0 0 0 0 0 0 0 0 0 0 0 0 0 0 0 0 0 0 0 0 0 0 0 0 0 0 0 0 0 0\
 0 0 0 0 0 0 0 0 0 0 0 0 0 0 0 0 0 0 0 0 0 0 0 0 0 0 0 0 0 0 0 0\
 0 0 0 0 0 0 0 0 0 0 0 0 0 0 0 0 0 0 0 0 0 0 0 0 0 0 0 0 0 0 0 0\
 0 0 0 0 0 0 0 0 0 0 0 0 0 0 0 0 0 0 1 0 0 0 0 2 0 0 1 1 0 1 3 3\
 2 1 2 6 4 5 14 8 12 18 20 30 28 35 36 42 32 45 47 57 62 56 65 64 56 63 61 62 55 63 72 59\
 64 67 50 73 82 63 58 65 63 61 59 66 47 80 68 70 71 57 76 63 56 54 73 47 75 75 59 58 60 58 59 68\
 59 65 60 57 44 59 55 52 68 62 66 68 47 46 55 59 62 72 55 70 48 61 48 71 56 52 60 49 58 59 54 60\
 47 62 70 54 57 46 58 48 61 47 56 47 46 32 43 58 62 47 44 56 46 47 60 62 51 52 49 41 55 62 56 58\
 57 64 53 52 54 67 48 68 55 52 57 49 56 52 51 41 51 39 43 51 54 53 52 62 45 44 48 45 48 49 47 54\
 52 54 51 43 41 69 51 46 47 45 48 50 48 42 56 52 56 48 59 47 48 49 48 62 48 55 57 37 47 59 52 53\
 54 61 55 53 59 46 45 46 57 47 42 50 49 46 45 58 39 53 63 56 47 59 51 39 43 54 57 51 44 63 43 43\
 55 63 47 45 48 48 50 56 54 38 46 44 54 49 57 40 53 38 45 53 47 55 50 51 47 45 46 48 37 56 53 36\
 36 62 48 60 55 50 55 43 55 54 38 43 55 53 43 47 54 60 50 54 59 63 40 49 47 42 45 56 40 56 59 52\
 43 45 63 38 44 46 54 47 51 50 27 61 60 64 45 58 50 52 44 32 46 40 60 43 35 63 48 49 57 37 55 32\
 38 54 50 43 46 44 39 54 54 56 50 46 35 47 52 42 38 51 46 43 44 48 28 43 41 54 51 52 53 41 42 44\
 43 60 44 55 50 45 37 57 54 42 54 46 44 53 49 53 54 50 42 50 47 31 52 38 50 37 36 46 52 32 44 35\
 58 44 32 43 43 52 37 40 50 40 51 42 37 50 34 50 52 49 50 52 50 57 60 43 37 52 52 58 49 61 64 54\
 58 65 45 37 57 36 52 50 45 49 54 45 34 41 41 41 41 37 40 44 35 41 43 38 51 43 39 42 36 38 47 41\
 44 37 39 57 39 47 46 41 43 36 52 54 49 35 51 48 44 64 42 50 49 43 41 43 51 54 36 43 45 51 41 48\
 30 44 45 27 49 46 51 43 46 34 37 45 44 39 42 46 28 35 46 56 41 42 31 34 34 53 56 37 58 39 43 37\
 41 49 49 42 50 56 48 42 36 52 52 51 44 45 48 31 40 49 50 54 55 63 51 51 46 62 46 53 58 51 60 61\
 62 76 61 63 53 70 76 74 85 59 70 50 60 58 77 63 55 49 65 57 42 60 54 58 48 51 45 38 36 44 38 63\
 38 35 40 45 50 43 57 46 42 46 43 43 38 44 45 42 47 38 53 52 37 45 40 36 43 42 47 31 56 38 46 49\
 35 44 60 43 38 49 50 48 47 49 55 42 43 52 40 44 52 41 48 42 38 45 53 47 35 53 46 51 46 40 51 40\
 38 47 42 32 37 44 27 40 39 48 45 42 48 37 37 46 38 39 45 33 47 35 34 38 30 47 43 38 32 33 41 51\
 35 37 39 40 51 48 38 44 39 40 37 44 48 42 41 32 36 58 39 34 45 39 46 45 31 49 49 35 41 50 43 41\
 38 44 39 42 36 41 42 59 37 38 52 42 34 47 42 42 49 42 38 36 46 39 30 44 49 42 39 42 44 43 33 33\
 41 33 42 35 32 47 40 55 35 37 44 42 47 43 35 29 41 40 41 46 39 50 48 47 44 40 47 40 37 46 47 34\
 42 35 33 46 33 44 55 50 42 49 45 50 37 44 44 47 31 39 34 44 42 41 43 39 44 48 41 45 56 36 42 35\
 42 42 40 38 40 39 40 33 41 49 37 31 38 40 55 45 43 44 41 60 41 51 31 49 38 44 44 43 39 31 46 37\
 49 42 37 37 45 39 30 34 39 35 32 30 40 42 35 47 42 39 43 46 43 40 44 49 37 36 42 54 39 39 51 46\
 34 41 35 41 36 35 34 52 50 41 58 55 40 56 38 50 39 45 40 41 32 34 43 52 46 40 44 35 32 41 47 44\
 39 45 29 39 56 56 49 36 43 47 47 39 47 49 62 36 41 39 37 44 46 33 45 41 37 41 38 42 40 42 41 35\
 36 35 49 35 27 51 43 44 43 38 40 55 54 45 33 40 37 47 40 47 39 44 39 50 43 50 47 45 46 45 53 47\
 47 48 42 55 56 53 50 55 62 53 45 56 52 48 49 47 63 50 61 44 66 57 65 53 47 55 48 40 47 41 50 49\
 47 47 49 44 33 41 45 48 38 41 43 46 38 41 47 49 42 42 43 32 42 40 32 44 49 49 35 42 49 40 54 36\
 39 51 55 50 46 47 44 40 49 43 51 51 48 35 44 42 41 49 43 47 40 40 58 57 56 47 50 55 54 54 40 46\
 57 45 58 77 56 58 56 67 57 69 62 77 82 66 70 78 71 59 63 58 73 65 73 59 62 50 78 64 51 56 60 48\
 48 46 56 48 49 49 53 44 48 51 45 43 50 39 39 43 52 52 43 46 39 42 39 35 42 38 42 55 44 31 41 44\
 51 43 41 47 37 68 42 50 38 46 46 49 64 41 53 34 45 47 59 27 49 49 59 47 52 46 49 46 42 43 47 41\
 52 44 52 53 48 44 44 34 36 44 55 43 55 50 42 44 61 48 48 57 42 35 51 48 57 56 37 36 55 52 45 43\
 44 56 62 44 58 41 45 50 68 68 68 40 54 56 51 50 61 49 58 48 47 55 48 58 60 60 46 47 53 39 53 57\
 64 39 65 47 44 48 53 59 40 59 58 47 45 47 68 43 50 58 59 75 56 61 52 50 58 66 56 52 54 49 53 51\
 56 68 65 48 53 52 66 64 48 49 62 47 61 69 48 50 52 69 55 51 46 66 59 54 61 58 69 62 60 61 54 57\
 60 67 61 67 59 68 59 62 61 59 60 62 53 59 60 66 49 68 58 75 64 61 59 58 54 71 69 58 76 59 59 55\
 55 64 65 86 69 81 79 58 67 57 80 79 76 68 57 75 55 62 71 73 86 74 78 81 88 63 61 51 87 84 68 67\
 79 80 80 103 84 72 87 80 76 99 101 89 120 100 126 127 126 132 126 144 167 169 157 188 191 173 214 223 237 251 262 287\
 295 296 270 288 331 320 336 373 310 341 349 371 347 353 318 345 318 308 299 279 264 282 245 280 277 236 237 237 207 194 175 179\
 175 165 169 173 181 141 154 157 190 142 149 134 138 195 172 170 180 140 158 152 146 137 145 149 153 147 143 154 152 151 146 154\
 129 116 149 108 134 151 134 122 135 145 104 127 126 116 125 140 135 154 139 151 119 143 142 139 143 154 132 152 122 149 158 134\
 130 142 138 133 154 141 157 160 152 158 140 172 153 161 167 173 162 168 148 178 194 181 184 177 216 173 193 207 220 226 198 187\
 216 218 214 192 227 243 232 215 207 225 205 226 233 202 222 224 243 217 252 272 281 266 261 272 278 286 259 311 255 297 315 321\
 316 310 335 343 339 326 369 333 392 346 374 382 373 366 356 368 386 453 388 408 376 378 412 400 414 431 414 454 432 412 459 450\
 443 471 414 461 481 510 490 482 512 510 528 538 504 549 573 596 558 586 570 646 631 645 644 638 645 635 695 685 670 705 727 683\
 740 747 758 833 790 843 802 848 826 810 917 895 855 965 952 985 1028 1050 1022 1040 1075 1087 1159 1132 1165 1197 1273 1358 1232 1230 1321 1244\
 1394 1380 1379 1419 1428 1469 1489 1526 1549 1571 1584 1627 1590 1671 1678 1642 1712 1728 1768 1788 1789 1776 1832 1852 1917 1969 1958 2055 2078 2019 2032 2158\
 2177 2265 2329 2463 2601 2674 2767 2994 3184 3263 3516 3728 3947 4042 4370 4745 5236 5236 5779 6238 6610 7175 7474 8101 8867 9365 10027 10629 11258 12026 12856 13677\
 14338 15517 16355 17177 18149 19210 20218 21352 22110 23154 24512 25371 26216 27371 28248 28975 30170 30725 32139 32505 32957 33909 34568 35353 35912 36105 36662 36639 37223 37268 37339 37456\
 37674 37216 37694 37529 37632 37914 37571 37730 37504 37587 38094 38199 38135 38537 39393 39513 39815 40566 41048 41775 41914 42872 43279 44017 44423 44730 45198 45243 45255 45524 45116 45087\
 44475 43496 42908 41789 40760 39936 38510 36781 35306 33256 31946 30234 28099 26393 24514 22732 20934 19313 17623 15752 14232 12883 11166 10146 8916 7758 6903 5942 5203 4444 3748 3244\
 2765 2298 1980 1680 1357 1106 966 772 659 511 447 378 321 238 200 169 149 130 99 90 78 80 57 57 55 55 50 53 35 53 40 28\
 37 30 45 33 36 41 36 37 34 21 36 26 25 20 30 27 27 35 15 20 27 26 35 28 15 21 22 21 20 21 16 16\
 14 21 20 16 24 25 19 14 18 17 21 19 16 14 10 8 12 16 18 13 10 17 20 11 17 15 19 14 15 12 16 11


#S 11 mca_save_point Point:10 Scan:140 Datafile:20151023
#D Sun Oct 25 01:12:44 2015
#U Epics mca: dp_vortex_xrd45:mca1
#T 300  (Seconds)
#Q 0 5.67602e-08 0.026017
#Energy 10
#Monc 5563112 71059158
#@MCA %32C
#@CHANN 1000 0 999 1
#@CTIME 300 300 188.342
#@CALIB -17.487 5.2147 0
#N 1
#L Epics MCA
@A 0 0 0 0 0 0 0 0 0 0 0 0 0 0 0 0 0 0 0 0 0 0 0 0 0 0 0 0 0 0 0 0\
 0 0 0 0 0 0 0 0 0 0 0 0 0 0 0 0 0 0 0 0 0 0 0 0 0 0 0 0 0 0 0 0\
 0 0 0 0 0 0 0 0 0 0 0 0 0 0 0 0 0 0 0 0 0 0 0 0 0 0 0 0 0 0 0 0\
 0 0 0 0 0 0 0 0 0 0 0 0 0 0 0 0 0 0 0 0 0 0 0 0 0 0 0 0 0 0 1 0\
 0 0 0 0 0 0 0 0 0 0 0 0 0 0 0 0 0 0 0 0 0 1 1 0 0 0 1 1 1 1 1 1\
 2 1 3 2 2 14 11 8 25 29 23 24 31 33 25 33 45 51 44 61 58 70 61 83 59 84 60 75 56 71 69 75\
 79 64 73 62 72 53 75 68 76 69 73 55 60 64 67 67 66 75 79 61 64 55 65 71 65 65 46 87 49 66 59 71\
 52 66 59 75 67 56 66 52 65 58 61 62 57 57 46 46 66 54 62 56 65 62 68 59 58 64 60 37 61 64 57 65\
 47 77 54 49 56 56 61 51 65 52 58 70 46 64 49 50 49 66 54 44 67 59 63 44 63 59 76 53 60 56 68 62\
 54 59 63 48 62 55 51 56 57 52 57 62 49 40 57 56 47 49 51 56 56 51 55 35 52 46 36 52 50 47 49 48\
 50 39 53 55 50 51 39 60 52 52 59 38 44 59 58 65 48 56 52 52 61 53 53 52 42 49 47 58 46 39 59 51\
 50 43 52 47 47 61 49 59 56 54 40 52 57 55 44 65 50 34 49 65 57 57 64 49 56 59 47 55 56 51 38 58\
 56 44 52 51 47 59 58 51 58 61 54 55 44 64 53 61 56 44 57 68 37 51 67 57 50 42 38 57 49 52 40 47\
 55 42 62 52 57 34 54 66 42 57 68 44 44 46 45 44 59 51 55 59 57 59 63 53 51 37 61 54 55 71 49 51\
 58 47 58 58 57 63 34 43 56 63 41 51 57 41 45 60 43 54 66 50 52 48 47 51 49 43 63 60 45 53 39 57\
 56 55 53 38 30 57 44 40 41 57 62 54 51 40 50 48 50 49 41 64 53 54 38 53 40 52 56 51 54 47 40 57\
 67 50 49 55 60 42 57 51 52 47 46 46 56 48 52 54 41 39 37 47 38 51 57 44 50 35 50 64 55 37 42 54\
 45 51 37 49 55 51 52 44 53 53 38 55 43 47 44 53 57 56 54 54 54 62 62 45 54 47 45 61 47 48 47 35\
 48 42 53 52 47 72 58 54 41 35 47 48 50 47 46 43 62 43 38 41 37 42 42 57 51 41 40 35 48 43 63 34\
 49 54 56 51 44 47 32 48 46 48 49 50 61 40 48 43 39 45 37 47 40 50 51 36 34 47 58 41 52 46 55 45\
 46 46 42 47 47 49 46 46 46 51 42 48 54 51 70 54 46 56 39 54 40 43 53 46 43 49 44 56 43 26 46 46\
 43 46 52 54 40 49 40 50 49 41 41 41 35 41 56 46 37 55 45 45 37 48 39 48 48 56 47 65 50 53 55 66\
 74 66 55 74 57 65 63 80 65 74 57 58 69 63 74 60 52 65 60 65 59 52 52 60 66 57 47 38 36 58 38 49\
 47 44 55 57 47 40 36 49 51 42 52 44 55 54 36 34 39 59 55 44 53 56 41 54 49 64 58 43 56 52 59 40\
 64 43 53 44 55 43 54 48 40 43 53 43 67 63 46 50 42 53 52 48 51 43 53 44 51 50 39 36 44 40 49 36\
 45 46 48 41 40 35 52 44 44 36 39 43 50 48 47 40 49 35 36 40 36 42 47 46 37 35 43 40 39 43 44 41\
 43 43 53 37 46 35 49 51 37 43 43 53 53 43 46 46 47 28 51 54 47 45 41 41 40 55 41 38 43 53 44 49\
 42 65 38 51 48 41 25 41 41 44 46 42 38 51 52 45 37 42 50 49 41 56 30 36 47 28 36 44 39 51 50 47\
 39 39 45 55 42 41 51 42 44 52 45 39 40 40 38 34 39 42 38 40 40 35 55 40 38 49 36 45 43 48 40 46\
 53 53 38 44 55 36 47 36 51 51 34 43 40 37 57 43 56 61 36 52 48 44 45 44 50 55 50 41 37 43 42 31\
 38 43 54 33 47 51 38 48 46 41 46 43 39 38 61 42 49 42 40 39 46 51 55 38 45 39 43 46 59 43 49 52\
 38 44 48 36 50 43 46 32 49 56 37 48 41 44 46 57 53 45 55 34 43 44 27 38 49 43 56 45 42 42 50 46\
 33 53 47 62 46 45 42 43 46 30 45 44 49 29 56 45 48 47 44 51 46 36 41 53 47 55 47 40 39 46 48 53\
 55 35 54 40 49 29 45 48 56 41 43 42 41 45 37 49 50 35 49 37 44 50 51 55 37 50 37 46 39 40 35 44\
 39 45 51 40 46 56 33 53 46 48 50 58 54 47 37 44 46 49 44 44 54 44 49 42 46 50 37 46 57 52 44 49\
 59 52 51 44 50 50 52 41 56 54 56 56 53 60 57 51 62 43 56 61 65 34 66 60 51 55 62 39 54 58 42 55\
 54 44 55 43 55 38 46 44 47 46 50 39 43 45 37 41 35 39 43 46 52 39 42 48 46 57 44 40 34 51 42 39\
 47 63 43 44 46 49 45 52 41 53 54 40 49 43 56 43 40 41 49 45 59 47 56 49 52 49 49 55 65 60 54 50\
 72 61 55 68 76 57 69 63 76 71 52 68 55 68 70 65 49 76 59 79 64 65 60 61 68 52 55 76 54 40 57 60\
 55 52 51 64 59 53 58 55 52 60 39 48 46 58 34 46 43 60 70 49 54 46 53 62 47 43 49 40 47 56 40 47\
 42 45 55 50 49 35 47 49 55 52 50 53 46 60 57 44 51 50 53 45 40 55 54 52 40 53 54 44 40 51 45 42\
 44 56 55 53 48 49 55 47 54 56 59 54 51 46 46 36 48 60 39 46 53 56 58 39 42 58 50 64 59 51 65 50\
 71 61 48 73 52 63 50 54 63 61 56 48 60 53 46 56 53 65 55 50 59 56 54 53 62 68 60 52 48 65 71 52\
 49 63 52 61 47 46 59 66 45 62 49 64 63 57 70 65 67 50 61 50 64 54 57 44 54 47 62 55 56 57 61 53\
 60 49 61 63 70 56 81 49 76 53 63 60 47 56 60 61 63 52 65 61 59 65 73 69 63 58 49 65 62 72 51 75\
 81 78 56 69 55 69 64 57 64 66 60 76 59 61 72 53 67 70 73 75 85 69 72 69 90 73 80 58 63 67 75 80\
 69 71 71 72 70 69 72 68 84 80 67 66 70 63 81 55 68 82 68 81 83 65 85 77 72 69 78 65 80 82 64 72\
 85 86 82 96 96 87 81 87 83 103 93 93 123 121 118 119 132 130 156 161 171 174 196 192 209 212 234 240 246 259 292 322\
 316 302 330 353 322 358 345 356 362 387 380 350 369 377 364 305 374 321 327 307 292 270 284 250 255 248 250 235 222 199 198 199\
 204 185 201 188 176 187 173 166 156 186 165 170 171 166 166 159 181 162 174 166 151 156 176 145 158 151 167 158 154 157 167 142\
 150 124 141 135 157 128 136 130 148 133 138 141 120 143 130 141 130 138 140 150 157 136 130 136 124 143 162 140 184 138 160 152\
 155 140 159 182 166 171 191 173 162 172 183 175 153 180 184 167 169 185 173 193 183 187 178 185 186 227 190 198 194 182 214 196\
 237 245 206 194 221 193 248 239 210 223 228 243 254 235 263 274 274 247 263 266 271 293 262 292 279 282 291 331 357 313 331 336\
 316 300 351 345 355 338 356 345 328 388 385 391 408 395 403 441 419 421 422 417 428 467 460 448 451 435 475 422 495 488 452 470\
 489 495 502 512 553 518 520 504 546 548 559 559 577 609 592 616 640 618 619 615 649 615 638 661 700 714 742 773 655 775 760 785\
 794 744 781 862 852 822 855 865 913 923 913 978 973 1011 1006 1046 1077 993 1086 1136 1103 1155 1197 1150 1210 1289 1345 1327 1344 1374 1338 1445\
 1462 1552 1515 1536 1540 1568 1599 1570 1647 1689 1661 1829 1699 1768 1668 1798 1841 1869 1879 1906 1940 1917 1927 1971 1992 2151 2080 2058 2189 2167 2307 2292\
 2495 2490 2522 2709 2744 2872 2873 3118 3289 3526 3771 3932 4271 4494 4784 5025 5617 5790 6225 6706 7086 7648 8229 8817 9298 10032 10763 11438 12321 12971 13809 14723\
 15582 16514 17249 18617 19449 20545 21788 22853 23790 24509 25814 26763 27983 29246 30111 31149 32294 32928 33828 34658 35573 36254 36642 37256 38071 38343 39152 39158 39726 39613 39880 39758\
 39710 40045 40134 39905 40220 40014 39515 39992 40188 40106 40036 40916 41121 41576 41671 42044 42782 42880 43608 44017 44708 45034 45955 46970 47178 47318 47990 47699 48410 48025 48097 47644\
 46359 46372 45247 44466 43275 42021 40635 38939 37300 35182 33805 31440 29181 27737 25549 23539 21688 20008 18276 16364 14931 13221 11869 10348 9174 7973 6985 6146 5385 4679 3982 3299\
 2895 2405 2068 1696 1399 1199 961 784 624 552 464 356 332 271 200 172 172 117 113 95 105 85 62 49 57 56 54 50 54 59 55 39\
 36 40 42 36 27 34 44 41 23 45 37 30 45 26 24 37 29 32 28 33 29 28 26 21 23 30 29 30 11 15 20 21\
 17 26 25 30 24 26 27 20 11 22 18 17 21 17 26 22 24 18 16 15 10 21 19 16 13 15 20 15 16 21 16 19


#S 12 mca_save_point Point:11 Scan:140 Datafile:20151023
#D Sun Oct 25 01:17:53 2015
#U Epics mca: dp_vortex_xrd45:mca1
#T 300  (Seconds)
#Q 0 -4.70831e-08 0.0269766
#Energy 10
#Monc 5510246 70889237
#@MCA %32C
#@CHANN 1000 0 999 1
#@CTIME 300 300 187.172
#@CALIB -17.487 5.2147 0
#N 1
#L Epics MCA
@A 0 0 0 0 0 0 0 0 0 0 0 0 0 0 0 0 0 0 0 0 0 0 0 0 0 0 0 0 0 0 0 0\
 0 0 0 0 0 0 0 0 0 0 0 0 0 0 0 0 0 0 0 0 0 0 0 0 0 0 0 0 0 0 0 0\
 0 0 0 0 0 0 0 0 0 0 0 0 0 0 0 0 0 0 0 0 0 0 0 0 0 0 0 0 0 0 0 0\
 0 0 0 0 0 0 0 0 0 0 0 0 0 0 0 0 0 0 0 0 0 0 0 0 0 0 0 0 0 0 0 0\
 0 0 0 0 0 0 0 0 0 0 0 0 0 0 0 0 1 0 0 0 0 0 0 1 1 0 1 0 2 0 0 1\
 0 2 3 6 3 5 7 12 9 16 18 17 36 30 41 37 37 37 54 46 63 60 67 62 57 54 78 66 66 57 64 65\
 60 83 57 69 63 89 64 62 65 76 71 76 54 62 76 82 75 69 62 65 65 71 65 77 52 67 71 70 66 63 54 62\
 60 62 47 53 64 51 71 71 55 57 57 55 60 57 58 68 56 57 58 63 55 69 62 54 56 64 54 55 61 65 58 59\
 50 58 46 45 68 57 64 66 59 63 58 58 49 53 53 56 51 63 53 50 46 62 65 45 64 62 52 41 60 61 59 67\
 67 49 61 54 66 58 63 64 68 45 52 57 59 54 57 66 52 47 49 58 56 52 47 51 45 51 53 48 53 63 50 49\
 46 50 48 43 42 31 45 62 51 49 49 65 57 52 51 54 47 55 65 70 53 61 49 47 46 47 57 52 59 48 55 43\
 55 55 56 49 68 51 45 53 47 48 57 47 45 46 60 51 58 49 54 40 38 56 60 56 47 59 77 52 65 56 51 41\
 71 54 45 60 63 60 54 45 56 48 51 47 51 54 59 56 54 60 69 46 56 62 47 49 40 50 53 60 43 40 57 48\
 56 62 50 43 44 71 65 55 52 45 56 51 52 51 60 52 62 45 65 55 63 45 57 55 53 48 55 48 50 46 65 50\
 62 44 61 63 69 44 52 66 62 40 52 50 41 45 52 45 43 50 59 52 48 55 47 51 58 57 53 54 58 44 54 57\
 39 47 37 55 59 42 55 45 47 57 67 63 62 59 49 44 43 49 52 53 52 47 43 60 40 51 33 61 50 36 50 46\
 55 55 51 52 53 45 47 59 73 39 47 42 39 56 42 46 44 53 58 44 46 47 47 57 42 53 34 54 52 54 55 52\
 51 41 52 48 41 41 52 53 46 45 52 32 54 46 37 51 45 43 56 42 50 56 44 77 43 51 51 39 39 44 45 40\
 53 53 50 62 55 50 46 58 42 62 43 46 43 44 30 63 48 60 46 49 47 57 64 55 51 47 47 50 43 37 54 51\
 53 55 48 42 43 55 42 61 39 58 53 47 48 49 41 46 45 39 35 49 63 41 48 50 49 47 58 40 53 62 58 58\
 54 56 49 56 51 41 44 50 52 47 46 46 38 46 42 44 45 36 32 51 42 52 55 45 42 45 47 48 51 35 47 49\
 48 49 55 53 49 51 55 56 51 39 44 32 58 46 55 48 47 47 51 43 45 48 50 55 63 49 54 62 54 42 75 49\
 52 61 51 48 79 66 56 62 60 65 79 55 65 76 68 51 72 57 56 40 57 49 46 44 56 55 49 54 52 50 55 54\
 42 45 48 45 38 40 53 37 49 37 42 44 52 54 50 49 32 45 48 53 31 42 48 54 47 65 41 49 42 47 40 41\
 47 52 44 39 40 54 49 41 52 52 51 60 35 37 49 55 49 40 63 52 52 48 32 44 48 41 47 38 43 45 48 57\
 44 48 40 33 45 59 50 45 42 40 49 44 45 51 59 51 34 33 50 42 38 39 45 52 35 52 47 38 38 44 41 43\
 62 48 48 36 42 43 45 44 48 39 52 58 49 33 53 34 51 38 35 38 34 46 42 50 51 53 52 41 41 39 37 44\
 33 42 39 43 47 48 43 36 35 33 36 48 39 41 38 51 42 49 50 41 46 46 39 53 40 44 40 47 44 38 50 54\
 57 37 39 48 41 41 41 36 47 41 51 57 61 30 54 53 45 50 43 42 41 46 42 36 46 54 50 41 50 47 54 47\
 43 40 52 44 40 40 42 56 38 48 43 43 40 54 40 35 45 35 49 46 36 43 46 46 42 53 52 57 39 45 41 30\
 50 42 38 42 47 42 48 35 38 44 48 44 49 49 45 48 52 41 54 40 56 34 43 44 49 54 31 48 48 39 48 58\
 48 59 54 48 41 55 53 39 45 45 55 34 33 42 50 44 48 48 46 49 47 38 51 50 42 45 52 47 41 49 34 61\
 48 45 43 44 30 40 51 41 50 50 46 45 49 54 45 42 39 50 48 45 46 54 49 45 50 32 43 52 50 48 64 45\
 41 44 47 50 40 39 55 41 50 38 40 36 50 43 39 37 45 40 39 36 49 40 38 48 38 41 45 44 35 40 41 47\
 49 50 45 51 46 48 44 58 45 52 43 44 43 53 47 49 47 48 39 40 48 38 42 43 41 41 55 49 44 43 50 50\
 54 52 61 51 69 49 50 54 55 59 47 58 56 62 52 66 56 57 51 53 66 43 63 50 53 65 49 55 44 51 44 49\
 40 59 44 50 55 53 52 48 47 42 49 41 53 50 42 43 37 46 51 42 43 44 53 50 54 48 40 46 39 42 45 38\
 46 39 50 58 40 41 46 37 45 41 41 40 53 40 39 53 38 62 50 46 54 64 47 48 55 47 52 58 51 41 53 39\
 48 69 62 60 78 62 63 52 67 81 51 77 67 74 67 82 69 63 74 69 63 63 69 55 56 71 66 63 58 56 58 57\
 59 65 55 38 47 51 49 61 52 49 47 63 51 50 47 54 48 56 49 30 54 34 44 50 42 54 47 52 43 54 39 53\
 53 37 55 47 52 45 59 48 62 65 53 59 64 50 52 61 58 44 58 47 60 47 41 46 46 59 57 57 61 47 54 38\
 43 58 70 57 44 45 52 44 69 45 48 58 38 48 58 52 54 55 44 53 48 50 57 53 42 50 51 59 55 66 59 51\
 50 57 50 58 51 60 69 59 52 51 57 71 47 51 51 62 58 58 58 49 60 52 57 57 71 50 68 67 57 55 48 53\
 54 42 47 62 53 56 56 58 54 59 74 63 73 56 55 59 56 52 73 58 56 54 64 57 48 56 58 50 58 56 54 60\
 67 60 67 78 52 59 63 71 63 62 65 61 60 62 59 66 61 64 81 62 46 56 64 61 63 69 60 67 66 87 56 63\
 71 73 48 61 57 66 67 80 65 57 76 66 69 78 62 57 64 78 66 62 72 75 83 64 64 67 63 54 70 68 64 69\
 77 52 72 73 88 72 83 87 80 63 71 71 73 70 69 74 72 66 90 68 97 74 75 89 88 68 90 96 72 73 76 70\
 68 66 111 78 87 115 102 115 80 92 103 128 124 115 133 109 143 133 162 146 165 170 189 196 209 200 202 250 258 315 270 278\
 309 354 309 342 319 321 370 358 353 377 370 351 359 351 390 350 341 344 326 306 273 308 302 249 266 246 245 214 246 221 176 201\
 186 166 168 184 163 204 192 164 155 185 175 161 194 173 173 157 180 177 177 166 173 152 149 180 152 156 152 152 159 152 165 144\
 167 164 146 169 149 159 157 137 137 133 139 139 147 139 130 128 102 142 140 147 127 121 162 139 143 136 170 147 149 149 163 160\
 150 169 143 152 155 164 168 159 164 172 151 185 181 179 160 161 175 165 213 179 199 180 199 214 188 215 205 190 207 223 225 215\
 208 229 241 241 242 241 216 217 225 253 230 246 250 256 272 255 218 278 266 266 278 262 277 265 251 327 312 318 313 306 318 338\
 322 329 330 333 373 360 337 339 387 361 359 379 398 402 442 443 384 401 447 403 467 436 465 437 429 446 433 473 486 489 490 505\
 486 512 502 483 523 489 502 547 553 511 539 528 571 579 583 624 644 622 676 631 722 658 707 693 664 701 757 719 761 745 755 740\
 752 761 851 864 821 881 870 922 929 952 933 967 1021 1002 1057 1057 1020 1122 1068 1210 1132 1159 1183 1227 1159 1204 1305 1344 1290 1341 1405 1387\
 1419 1469 1440 1481 1485 1540 1515 1678 1621 1659 1709 1766 1735 1754 1743 1851 1820 1798 1883 1973 1846 1844 1922 1968 2031 2038 2012 2087 2201 2247 2302 2357\
 2301 2457 2490 2693 2818 3031 2961 3190 3385 3530 3879 4043 4244 4464 4727 5002 5647 5840 6277 6771 7159 7564 8190 8769 9354 10035 10826 11507 12334 13107 14003 14737\
 15376 16525 17542 18538 19720 20524 21923 22914 24220 25182 26436 26728 28088 29557 30169 31370 32247 33305 33970 35138 35586 36493 36751 37861 38301 38616 38969 39457 39290 39780 40162 39778\
 39975 40501 40262 40378 40342 40174 40564 40631 40297 40387 40706 40873 41159 41495 42091 42382 42621 43281 43855 44142 44977 45556 46147 46982 47015 47687 47808 48369 48329 48320 47992 47896\
 47590 46579 46191 44680 43698 42485 40463 39227 37565 35267 33661 31791 29875 27609 25548 23777 21954 20095 17877 16555 14744 13316 11720 10646 9296 8063 7134 6310 5275 4644 4016 3360\
 2856 2382 2045 1660 1443 1198 1023 864 626 555 480 356 330 256 226 161 135 113 118 98 83 76 65 59 63 58 60 53 43 37 59 43\
 37 46 57 40 43 36 48 32 26 25 34 35 35 45 23 31 24 37 23 28 20 32 27 32 31 29 15 25 27 30 25 30\
 20 28 18 21 15 29 23 21 26 12 23 25 14 24 18 25 17 20 20 23 15 14 22 14 14 17 14 16 12 16 14 14


#S 13 mca_save_point Point:12 Scan:140 Datafile:20151023
#D Sun Oct 25 01:23:02 2015
#U Epics mca: dp_vortex_xrd45:mca1
#T 300  (Seconds)
#Q 0 3.66611e-08 0.028007
#Energy 10
#Monc 5505806 70978292
#@MCA %32C
#@CHANN 1000 0 999 1
#@CTIME 300 300 181.15
#@CALIB -17.487 5.2147 0
#N 1
#L Epics MCA
@A 0 0 0 0 0 0 0 0 0 0 0 0 0 0 0 0 0 0 0 0 0 0 0 0 0 0 0 0 0 0 0 0\
 0 0 0 0 0 0 0 0 0 0 0 0 0 0 0 0 0 0 0 0 0 0 0 0 0 0 0 0 0 0 0 0\
 0 0 0 0 0 0 0 0 0 0 0 0 0 0 0 0 0 0 0 0 0 0 0 0 0 0 0 0 0 0 0 0\
 0 0 0 0 0 0 0 0 0 0 0 0 0 0 0 0 0 0 0 0 0 0 0 0 0 0 0 0 0 0 0 0\
 0 0 0 0 0 0 0 0 0 0 0 0 0 0 0 0 0 0 0 0 0 0 1 0 1 0 0 2 1 1 1 0\
 3 2 11 3 6 6 12 11 24 17 25 34 32 43 39 51 47 50 57 61 60 66 60 64 76 65 56 74 59 67 65 87\
 80 79 73 69 70 68 71 69 74 79 77 59 71 58 70 64 81 58 65 45 70 68 63 74 70 74 70 74 51 76 76 65\
 55 51 61 60 67 65 56 57 65 58 64 64 56 55 64 46 69 51 66 66 45 73 63 58 65 53 60 67 61 63 58 69\
 51 54 52 63 55 54 62 54 63 77 53 57 64 65 61 56 60 65 67 60 57 56 46 59 54 59 64 58 66 65 66 55\
 64 65 61 64 48 49 69 65 50 60 58 53 51 48 41 51 69 44 65 53 45 41 46 54 58 55 56 45 58 58 61 39\
 59 64 53 56 59 57 50 51 38 54 48 51 43 46 57 57 60 52 60 57 60 50 62 43 61 43 68 56 47 56 68 54\
 66 47 65 41 62 56 51 53 61 49 58 63 48 31 44 47 61 54 66 53 56 51 55 48 59 40 53 69 54 63 52 55\
 55 69 47 53 46 45 40 59 64 52 61 59 79 57 57 59 60 52 44 52 45 57 65 54 56 64 56 46 45 42 46 57\
 48 45 56 60 49 55 51 48 57 55 50 61 64 56 59 56 53 44 36 69 60 80 51 51 48 58 50 54 49 56 56 61\
 56 57 63 59 52 43 59 53 57 54 43 72 50 60 48 48 55 50 54 66 67 52 45 66 62 54 55 60 66 48 54 54\
 55 57 54 58 57 38 43 53 50 59 50 55 50 63 35 52 60 47 44 55 50 40 53 64 53 55 44 47 59 51 52 57\
 75 51 58 56 52 65 58 41 59 42 58 64 53 58 46 57 61 58 47 46 42 46 47 46 55 56 60 48 52 59 48 54\
 49 49 43 59 56 52 60 42 46 46 47 54 37 56 62 40 56 44 57 54 44 46 54 51 51 60 61 60 52 62 61 46\
 46 50 60 48 45 44 43 61 48 47 49 51 41 49 57 48 40 57 36 49 52 47 51 48 49 52 44 54 38 56 56 52\
 53 60 49 52 51 47 55 39 45 58 41 49 55 66 46 53 63 43 56 52 60 45 46 46 56 54 45 49 60 47 42 62\
 63 47 50 54 50 51 41 45 36 56 38 56 37 49 58 56 56 49 47 48 41 41 49 52 42 55 49 47 50 46 36 50\
 51 52 46 39 49 41 45 48 56 44 43 55 53 54 52 52 42 40 45 50 52 62 55 52 52 62 61 65 56 58 53 57\
 78 68 55 72 70 69 61 59 84 68 69 58 67 70 68 55 67 72 66 55 60 64 42 43 60 44 47 57 48 42 48 52\
 53 40 38 43 44 54 53 46 47 40 50 48 51 44 51 44 52 37 42 30 45 45 50 53 56 46 41 56 44 52 45 50\
 54 45 47 47 49 45 49 56 63 50 69 42 50 53 54 58 40 49 50 48 50 48 62 58 41 45 50 44 51 55 51 42\
 53 49 42 56 58 41 47 50 43 46 55 48 31 47 51 51 40 48 38 56 55 45 53 38 40 39 46 48 40 46 47 49\
 37 42 57 53 52 48 35 44 51 47 49 36 48 52 48 47 42 60 48 55 44 41 44 50 37 48 54 54 48 42 48 37\
 46 43 56 49 43 32 55 35 45 45 54 51 28 45 39 54 34 42 51 45 46 56 54 39 30 37 56 56 46 50 37 39\
 48 33 31 39 57 41 37 59 63 49 48 46 41 50 56 39 32 44 33 37 48 51 45 40 39 37 57 36 37 30 56 46\
 41 40 44 59 44 44 51 53 47 41 51 37 49 40 50 41 42 49 46 50 49 34 45 43 52 67 35 37 50 47 55 45\
 34 44 42 46 39 45 51 51 57 59 45 51 38 47 49 47 50 37 53 59 43 44 56 42 38 47 38 59 57 56 39 52\
 45 57 44 45 38 50 45 52 46 38 50 45 48 45 44 45 53 63 52 56 46 53 45 40 32 48 51 43 47 41 47 55\
 35 39 36 48 46 38 45 54 50 58 51 52 47 31 61 54 41 47 38 51 43 32 42 45 56 53 44 59 46 52 44 72\
 49 56 48 53 37 57 49 49 63 40 46 43 47 42 50 39 58 51 49 40 41 43 45 42 42 49 42 43 39 49 41 54\
 54 53 36 53 42 44 51 43 40 51 54 50 57 50 48 47 46 54 41 52 44 34 43 27 43 54 46 49 44 34 52 47\
 43 48 59 46 72 57 60 62 45 53 54 63 68 64 62 52 57 63 53 54 62 69 52 49 51 58 52 48 59 41 47 46\
 39 49 50 53 54 49 43 53 31 49 47 47 49 43 43 47 52 41 52 56 43 41 49 46 59 49 45 41 56 54 54 43\
 46 41 47 47 40 49 49 43 45 38 40 50 43 53 55 62 59 60 52 47 54 60 61 58 46 41 55 54 52 62 65 54\
 52 59 56 56 68 58 52 53 60 71 73 65 69 79 72 73 80 71 78 61 68 61 65 71 65 67 61 45 50 53 58 65\
 48 46 50 70 52 62 61 59 49 53 59 49 61 57 48 43 50 54 55 56 52 39 43 45 57 45 64 54 56 50 53 49\
 51 58 54 54 55 57 49 58 52 53 50 36 62 55 47 52 49 71 62 50 46 53 51 53 57 57 51 56 53 54 51 46\
 56 59 48 60 56 47 45 57 55 54 51 47 53 57 60 70 57 54 49 47 53 48 48 62 50 50 55 57 83 55 56 59\
 54 63 52 64 60 59 55 49 60 63 60 54 62 73 64 61 52 74 44 61 62 47 64 52 54 45 42 60 59 71 65 62\
 57 64 48 52 59 56 54 55 52 55 59 53 55 70 64 48 57 58 60 58 48 65 68 52 69 69 71 59 50 53 48 62\
 54 73 65 77 61 65 63 52 65 61 56 68 63 63 57 75 54 79 49 61 71 49 65 75 67 70 71 62 56 59 62 70\
 63 70 80 68 68 77 83 62 78 68 63 55 56 64 73 72 68 80 69 73 81 68 78 79 62 61 70 71 67 69 70 83\
 65 65 71 70 60 83 83 86 63 57 70 65 65 78 68 89 75 69 75 63 89 73 86 92 82 81 75 81 88 81 85 62\
 71 88 106 98 105 84 103 99 84 101 105 128 98 106 130 153 137 135 157 163 175 179 190 213 219 231 229 250 259 268 265 295\
 305 332 321 388 400 367 361 382 352 395 365 398 369 374 353 353 334 329 357 312 318 306 277 245 280 235 249 243 200 207 214 220\
 206 182 176 170 204 193 178 189 201 184 165 174 174 173 205 193 175 156 178 159 150 163 164 171 172 177 170 174 160 143 157 154\
 155 134 156 130 159 139 140 125 139 131 134 161 152 137 162 128 149 162 150 162 135 130 138 156 140 154 161 156 166 163 162 142\
 153 165 162 172 175 139 150 185 164 162 182 179 187 191 218 187 198 201 203 218 205 205 170 183 203 207 229 199 216 209 215 214\
 234 219 221 229 216 251 253 238 251 270 239 242 261 217 258 233 264 285 291 296 297 309 284 295 287 319 325 316 337 345 332 335\
 346 336 355 363 348 375 338 432 374 401 384 397 392 419 446 415 446 469 455 415 441 442 442 443 482 454 528 495 524 482 482 549\
 564 510 537 547 555 511 517 490 588 583 576 597 609 602 655 595 623 619 666 687 698 706 731 689 740 751 770 757 818 752 821 852\
 834 812 920 905 908 903 944 908 915 965 973 1008 952 1058 1097 1115 1117 1132 1237 1260 1248 1241 1233 1310 1305 1280 1385 1375 1404 1473 1452 1480\
 1537 1584 1536 1569 1554 1553 1660 1712 1770 1647 1709 1858 1838 1873 1811 1872 1931 1923 2000 2028 1986 1931 2012 2056 2104 2133 2186 2241 2299 2307 2361 2397\
 2484 2579 2550 2770 2903 2959 3221 3355 3523 3658 3839 4099 4390 4608 5055 5388 5729 6224 6532 6831 7568 8061 8625 9198 9808 10609 11095 11802 12748 13660 14423 15360\
 16593 17448 18599 19263 20471 21337 22875 23682 25146 26114 27361 28320 29175 30344 31684 32702 33594 34407 35374 36212 37280 37743 38329 38918 39853 40321 40318 40919 41251 41363 41603 41822\
 41660 41931 41959 41675 41731 41805 41673 41819 41811 41873 41850 42114 42913 43247 43302 43464 44371 44887 45572 46016 47203 47526 48138 48540 48994 49438 49711 49923 50403 50125 50123 49732\
 49573 48214 47742 46132 45125 43387 42003 40291 38665 36474 34658 32812 30678 28530 26271 24785 22600 20674 18615 17006 15255 13438 12287 10690 9370 8227 7348 6434 5516 4691 4025 3468\
 2824 2411 2085 1804 1414 1178 964 848 671 559 492 364 342 246 218 178 157 132 111 87 81 73 81 83 52 65 60 45 50 55 48 56\
 60 49 40 43 44 37 46 46 55 33 54 33 45 41 29 34 29 29 23 28 36 26 28 34 32 34 31 26 34 26 32 19\
 19 21 20 21 20 16 26 25 20 23 19 24 22 28 17 18 16 19 23 20 20 19 26 13 19 20 18 23 21 17 15 25


#S 14 mca_save_point Point:13 Scan:140 Datafile:20151023
#D Sun Oct 25 01:28:11 2015
#U Epics mca: dp_vortex_xrd45:mca1
#T 300  (Seconds)
#Q 0 2.53091e-08 0.0290021
#Energy 10
#Monc 5495846 70992563
#@MCA %32C
#@CHANN 1000 0 999 1
#@CTIME 300 300 181.708
#@CALIB -17.487 5.2147 0
#N 1
#L Epics MCA
@A 0 0 0 0 0 0 0 0 0 0 0 0 0 0 0 0 0 0 0 0 0 0 0 0 0 0 0 0 0 0 0 0\
 0 0 0 0 0 0 0 0 0 0 0 0 0 0 0 0 0 0 0 0 0 0 0 0 0 0 0 0 0 0 0 0\
 0 0 0 0 0 0 0 0 0 0 0 0 0 0 0 0 0 0 0 0 0 0 0 0 0 0 0 0 0 0 0 0\
 0 0 0 0 0 0 0 0 0 0 0 0 0 0 0 0 0 0 0 0 0 0 0 0 0 0 0 0 0 0 0 0\
 0 0 0 0 0 0 0 0 0 0 0 0 0 0 0 0 0 0 0 0 0 0 0 1 0 0 0 0 0 0 2 1\
 1 2 4 7 2 8 8 18 15 16 23 28 41 36 33 53 49 54 65 64 62 62 62 64 87 71 70 64 82 65 74 64\
 74 70 64 74 79 72 79 79 65 72 75 70 68 73 61 59 64 80 66 76 66 75 67 68 77 62 55 64 72 50 61 62\
 55 66 65 57 69 63 68 59 63 69 63 56 55 40 61 52 71 51 61 75 63 65 48 60 64 65 64 62 48 53 70 67\
 57 55 66 61 55 60 51 63 56 58 43 60 62 63 63 67 64 56 50 62 54 55 65 58 63 55 51 56 68 49 59 60\
 51 61 46 63 70 62 64 66 49 59 56 60 57 59 49 44 47 56 45 69 64 60 46 56 45 54 64 55 51 53 64 44\
 37 55 56 62 54 56 50 50 37 55 56 48 65 45 45 71 62 56 48 55 44 46 58 53 40 60 62 62 50 68 47 51\
 41 60 53 50 48 52 59 57 48 60 46 53 54 58 54 53 61 61 57 39 48 62 54 56 48 51 51 47 53 71 49 55\
 59 59 43 59 57 56 55 45 47 43 52 48 42 56 57 59 57 61 55 50 63 57 56 37 74 51 69 64 66 63 52 58\
 44 45 60 47 58 53 47 53 56 67 66 53 59 55 45 49 56 55 64 47 56 43 53 61 50 66 56 53 66 61 49 45\
 64 67 64 62 52 59 46 42 62 64 56 52 41 43 55 58 63 50 58 59 48 58 53 53 61 54 52 51 57 53 55 43\
 62 50 55 57 60 57 37 54 53 60 41 58 59 35 62 63 60 53 55 60 48 51 55 54 53 55 55 56 52 50 52 53\
 48 38 53 51 52 57 41 54 43 64 54 44 43 38 53 54 55 49 64 37 39 56 59 50 57 44 44 48 56 61 60 58\
 50 48 57 54 55 45 45 48 43 57 48 59 45 51 62 43 50 59 50 41 56 56 51 49 57 54 54 51 53 51 54 50\
 40 64 49 55 50 56 44 47 55 45 45 51 52 49 56 42 46 49 48 54 58 52 55 41 47 56 51 53 56 51 61 51\
 56 47 43 46 53 52 47 44 45 50 62 35 47 47 54 38 47 45 60 48 48 57 43 65 57 36 43 51 54 41 47 48\
 51 42 49 45 49 44 51 46 46 63 48 53 45 46 57 44 45 51 47 37 61 56 27 57 44 41 40 57 51 42 43 52\
 47 62 40 48 39 49 53 48 44 59 54 50 51 50 39 38 44 59 58 57 49 54 58 53 49 51 39 46 52 53 67 64\
 64 66 60 79 53 64 58 71 75 61 58 73 67 63 67 53 57 65 49 45 61 58 56 55 44 55 59 43 52 38 55 36\
 53 49 54 40 54 41 49 49 60 35 51 53 43 48 57 49 42 51 50 36 46 55 36 38 66 45 51 49 48 56 41 52\
 47 65 51 54 42 47 53 45 56 38 60 47 55 48 42 55 45 53 59 45 42 53 58 46 41 65 38 41 45 53 45 45\
 52 51 39 46 52 57 48 46 39 47 42 61 49 43 39 48 55 40 42 49 43 52 42 48 65 38 48 43 52 37 38 62\
 30 41 50 50 46 47 40 45 46 45 50 45 39 47 38 48 51 45 52 45 49 51 51 51 60 50 50 40 52 42 65 46\
 53 40 49 57 39 45 35 57 46 49 40 55 56 49 47 45 39 40 44 45 37 45 44 40 51 51 45 58 49 45 51 40\
 47 52 36 48 48 42 28 46 44 49 49 40 69 45 52 45 59 39 44 42 44 52 44 48 55 39 37 44 39 45 49 51\
 47 43 45 50 44 36 38 34 35 40 37 37 50 55 49 48 59 45 48 46 51 51 44 49 50 45 48 43 47 37 39 54\
 56 48 45 50 40 47 46 41 38 49 45 42 38 55 58 46 51 50 49 47 37 35 57 53 46 44 49 39 45 41 51 46\
 46 45 49 48 43 55 39 42 35 50 41 38 47 36 48 50 57 47 53 46 51 49 52 36 39 48 52 59 37 55 36 39\
 48 35 54 48 55 41 48 50 46 47 49 39 47 55 47 32 49 38 46 41 45 43 40 31 55 40 49 44 48 47 55 50\
 35 51 46 55 55 68 42 46 44 42 37 40 50 53 35 54 43 53 50 44 50 54 64 38 53 45 35 46 47 43 47 51\
 41 54 45 38 58 38 54 58 45 41 64 36 60 44 44 55 59 41 60 50 52 49 46 43 47 50 36 44 52 53 46 48\
 45 54 62 63 59 50 49 52 47 50 47 47 47 47 65 71 69 70 61 46 51 61 63 52 60 59 48 51 50 54 57 58\
 47 48 41 46 49 49 45 44 39 52 45 42 52 48 51 43 64 56 64 61 40 42 34 43 55 48 43 45 55 64 54 51\
 42 45 55 36 47 58 55 44 55 38 56 45 54 58 52 50 58 46 46 43 63 48 56 40 56 55 52 49 64 55 61 62\
 68 62 71 67 68 79 63 79 70 61 65 77 69 75 74 79 80 71 70 70 63 55 51 75 81 53 63 85 55 71 70 54\
 45 57 69 52 69 54 47 66 60 56 40 58 37 42 49 59 54 44 44 47 56 49 53 53 52 44 44 57 52 44 51 51\
 53 52 42 44 58 59 48 56 52 44 47 48 47 36 45 48 58 46 58 61 45 60 52 72 58 52 38 55 50 59 53 56\
 53 57 54 46 54 48 53 38 62 67 56 50 61 70 53 54 61 50 73 44 64 66 59 53 43 56 61 62 47 58 63 47\
 45 64 48 55 70 53 43 58 57 52 54 67 44 57 57 43 62 50 50 56 55 72 53 75 48 64 42 57 65 52 68 60\
 53 50 68 52 63 58 64 46 53 60 53 66 65 56 61 67 48 45 52 68 60 43 73 69 54 65 68 74 60 42 64 62\
 63 54 64 70 70 68 56 65 66 63 67 87 62 71 67 63 52 56 59 63 67 67 64 65 71 52 62 72 65 67 65 68\
 62 70 64 71 55 65 82 68 63 66 67 74 75 52 59 63 64 61 81 72 78 69 72 80 72 62 48 78 65 64 79 80\
 83 73 63 60 67 84 65 80 72 74 78 79 74 94 76 82 81 82 87 69 75 72 82 72 75 79 74 90 77 72 81 98\
 85 76 82 99 104 92 76 97 108 105 114 103 112 122 123 123 140 134 167 178 174 176 182 174 195 224 250 251 279 279 287 329\
 294 354 357 349 354 339 395 379 345 374 395 395 369 382 382 371 335 350 368 297 350 313 317 259 283 245 276 218 261 238 219 198\
 204 205 179 178 191 181 157 168 195 175 167 184 179 203 191 191 163 166 154 185 171 160 182 191 140 152 157 158 164 164 173 141\
 159 155 146 132 157 158 139 132 140 163 139 137 134 146 128 141 144 155 153 135 134 156 134 147 141 175 159 157 162 146 152 160\
 180 150 167 167 183 166 157 163 182 167 174 193 173 197 201 182 191 206 218 209 195 173 207 202 170 210 228 192 232 209 214 210\
 222 195 219 220 232 246 210 218 228 235 230 267 265 279 264 265 237 253 299 271 267 287 270 269 285 298 310 292 329 306 321 342\
 348 338 345 366 363 352 371 440 405 411 399 452 394 397 398 418 417 451 429 423 446 474 438 449 454 457 498 446 517 505 537 521\
 512 524 469 481 511 539 587 587 571 561 579 594 597 610 604 625 597 654 664 730 676 656 696 735 716 713 772 750 775 788 829 778\
 828 869 884 856 859 871 969 938 1002 927 1016 953 982 986 1075 1052 1115 1142 1156 1143 1206 1200 1244 1213 1296 1302 1348 1375 1428 1430 1402 1484\
 1490 1565 1586 1557 1581 1618 1634 1722 1680 1734 1702 1735 1809 1835 1849 1885 1904 1865 1961 1994 1994 1997 2083 2056 2055 2140 2228 2255 2211 2196 2307 2353\
 2531 2566 2667 2769 2907 3010 3054 3281 3476 3592 3984 4153 4372 4607 5001 5414 5695 6048 6594 6974 7447 7934 8491 9146 9697 10483 11060 11878 12979 13616 14328 15308\
 15829 17483 18653 19268 20497 21560 22521 23487 24762 25594 27188 28294 29588 30679 31311 32211 33589 34657 35157 35910 37149 37970 38355 39210 39652 40361 40046 40764 41071 41110 40624 41667\
 41233 41242 41503 41684 41894 41558 41494 41442 41966 41625 42207 42103 42247 42760 43364 43858 44336 44933 45100 46236 46676 47160 47688 48275 49247 49376 49751 50450 49858 50301 49872 49560\
 48704 48459 47397 46204 44817 43283 41697 40491 38587 36675 35000 32623 30757 28287 26191 24640 22449 20763 18705 17106 15383 13510 12031 10784 9400 8247 7430 6426 5505 4581 4038 3460\
 2857 2501 2094 1658 1412 1207 950 832 677 563 470 393 304 279 217 180 173 114 129 105 103 82 78 57 74 49 59 64 61 57 56 33\
 37 36 50 43 43 46 39 41 41 36 37 42 38 46 40 51 40 32 43 38 25 34 33 34 35 23 28 31 31 29 34 17\
 29 21 29 34 20 24 24 19 26 17 17 23 22 15 22 12 19 20 26 16 30 13 15 9 16 18 19 14 15 15 22 13


#S 15 mca_save_point Point:14 Scan:140 Datafile:20151023
#D Sun Oct 25 01:33:20 2015
#U Epics mca: dp_vortex_xrd45:mca1
#T 300  (Seconds)
#Q 0 -5.23317e-08 0.0299838
#Energy 10
#Monc 5505291 70836037
#@MCA %32C
#@CHANN 1000 0 999 1
#@CTIME 300 300 176.62
#@CALIB -17.487 5.2147 0
#N 1
#L Epics MCA
@A 0 0 0 0 0 0 0 0 0 0 0 0 0 0 0 0 0 0 0 0 0 0 0 0 0 0 0 0 0 0 0 0\
 0 0 0 0 0 0 0 0 0 0 0 0 0 0 0 0 0 0 0 0 0 0 0 0 0 0 0 0 0 0 0 0\
 0 0 0 0 0 0 0 0 0 0 0 0 0 0 0 0 0 0 0 0 0 0 0 0 0 0 0 0 0 0 0 0\
 0 0 0 0 0 0 0 0 0 0 0 0 0 0 0 0 0 0 0 0 0 0 0 0 0 0 0 0 0 0 0 0\
 0 0 0 1 0 0 0 0 0 0 0 0 0 0 0 0 0 0 0 2 1 0 0 1 0 0 2 0 0 1 2 3\
 1 5 3 5 6 7 13 9 16 13 24 33 28 34 41 42 43 59 55 56 56 61 64 66 65 70 68 67 77 79 72 82\
 76 66 58 62 88 75 81 90 69 74 69 61 75 76 69 59 78 71 69 57 81 67 73 62 62 72 66 74 58 62 82 72\
 70 70 55 55 69 65 68 75 65 56 61 68 58 72 60 62 62 56 65 64 69 54 60 44 63 67 59 59 66 52 61 63\
 66 58 75 71 64 59 76 54 56 56 55 67 69 70 53 41 46 66 55 58 61 64 54 54 66 66 61 59 64 62 69 77\
 65 54 68 59 60 60 59 61 58 53 50 59 58 57 56 71 55 43 55 56 55 34 53 72 59 60 51 45 55 76 58 57\
 57 51 42 52 42 60 53 62 71 50 59 50 58 40 60 56 57 62 54 57 46 65 65 50 52 48 53 47 54 71 67 47\
 36 56 59 53 60 54 45 63 52 48 57 47 52 68 51 47 52 55 53 62 51 58 63 55 56 51 67 59 47 51 66 48\
 57 68 51 52 57 67 60 43 47 54 66 61 57 57 42 65 67 54 69 69 54 50 63 65 57 69 77 56 55 59 58 60\
 52 53 60 50 56 68 62 45 42 59 57 54 61 50 64 52 55 55 66 60 63 52 67 54 44 68 57 61 54 46 52 56\
 53 60 71 43 55 60 49 51 53 57 64 62 51 59 54 53 67 58 54 72 52 61 42 65 53 59 53 72 55 49 65 64\
 55 54 63 40 51 53 63 48 55 63 52 45 46 46 49 59 63 49 56 54 60 60 52 54 63 62 53 53 49 67 51 75\
 54 57 56 43 37 58 51 64 59 37 43 41 48 53 45 58 57 59 52 59 68 50 42 44 50 48 53 46 54 62 33 51\
 50 40 45 48 38 49 54 53 56 50 49 48 42 58 74 52 54 46 39 67 51 50 52 47 50 50 52 55 40 64 52 58\
 44 61 57 54 55 59 57 46 57 52 62 52 46 51 50 41 45 56 53 58 55 52 46 48 54 54 48 51 30 47 56 54\
 51 53 62 52 48 47 51 49 37 53 44 49 50 53 57 59 46 46 58 62 45 49 61 48 58 51 55 47 46 60 53 33\
 49 52 47 41 49 54 46 51 52 49 37 45 61 49 34 50 50 50 47 47 51 58 61 42 59 56 53 56 52 41 48 56\
 55 47 46 54 63 43 51 34 48 40 46 45 43 55 51 62 55 57 51 40 41 55 68 46 52 55 59 61 50 65 69 63\
 62 63 61 68 83 68 65 73 72 57 55 67 84 55 58 54 62 59 65 45 67 44 59 54 65 66 53 61 53 60 42 48\
 54 58 44 42 38 56 50 46 60 42 56 48 39 54 45 43 52 43 49 42 59 38 55 46 42 54 53 51 49 51 50 55\
 58 63 53 49 52 50 51 65 49 49 47 48 48 48 42 39 40 49 45 47 53 44 56 36 56 47 42 41 34 48 37 57\
 48 43 49 45 46 51 57 47 39 56 44 51 60 36 58 48 53 51 44 45 55 43 48 53 51 48 51 48 52 37 48 41\
 50 47 52 42 55 51 43 48 44 32 44 52 47 50 50 49 49 38 56 50 46 50 45 56 48 54 54 47 49 64 38 57\
 39 53 46 39 49 35 45 45 43 46 48 42 53 47 53 42 48 45 45 44 48 34 63 43 35 43 47 50 37 37 61 67\
 58 58 44 57 47 42 46 46 46 63 39 43 39 51 47 43 48 56 43 49 41 40 51 45 46 51 53 43 54 50 47 58\
 32 58 54 53 51 43 53 39 49 51 59 53 58 53 59 49 56 43 40 48 51 49 49 45 56 44 47 50 45 51 52 48\
 39 55 41 45 54 45 46 52 51 52 45 32 52 45 40 53 47 66 46 36 36 42 43 48 49 49 43 62 50 54 42 39\
 49 43 36 29 46 50 45 41 54 43 47 57 47 53 43 51 48 51 53 49 48 53 52 50 49 52 36 56 38 53 45 63\
 46 52 50 47 68 48 47 48 50 55 52 53 56 48 52 55 50 54 43 46 55 46 42 46 54 48 52 48 52 52 49 47\
 36 46 52 50 43 46 47 38 53 49 56 43 56 47 43 44 58 46 57 56 52 35 48 45 41 57 51 53 49 54 45 48\
 43 53 50 43 56 43 50 59 56 40 53 47 37 49 45 54 48 54 37 42 44 40 43 45 52 45 57 48 48 65 51 49\
 40 55 49 62 59 61 59 58 70 58 63 53 64 61 67 75 75 61 65 63 52 75 44 62 54 51 43 48 58 68 58 53\
 56 49 59 47 50 45 54 54 57 57 52 40 46 52 41 50 55 61 59 46 53 39 51 48 55 51 44 50 52 46 53 44\
 58 45 39 36 36 45 34 44 58 47 59 48 48 61 53 49 37 60 37 71 39 54 62 55 49 44 40 48 63 64 55 75\
 57 55 54 64 80 55 63 65 65 76 60 58 68 69 58 75 68 76 61 72 77 75 88 68 63 61 71 77 71 67 57 62\
 62 75 49 58 74 48 40 56 54 46 72 56 57 48 35 59 46 52 50 59 52 55 49 59 58 66 56 43 58 54 45 54\
 57 42 61 53 44 55 51 51 43 45 52 52 50 48 57 48 47 57 59 52 53 47 55 43 59 44 53 49 61 57 50 58\
 62 58 49 40 59 47 45 54 68 57 53 57 46 45 58 71 52 53 44 54 64 54 55 62 65 50 56 45 54 57 66 52\
 57 64 66 65 65 61 51 68 48 54 61 59 61 55 59 54 60 60 57 50 59 56 61 60 63 65 62 64 58 54 50 54\
 52 51 67 57 52 53 66 78 39 61 56 59 61 62 61 54 57 47 60 58 59 65 37 68 52 58 58 61 67 67 63 52\
 55 58 73 78 54 61 54 78 72 59 62 74 67 70 69 66 56 63 69 70 68 45 73 54 71 64 63 51 58 69 60 69\
 56 78 72 61 78 80 63 67 63 53 58 67 73 74 65 87 59 74 62 76 80 88 56 56 90 76 81 69 81 72 79 64\
 63 69 69 81 66 76 82 86 67 75 81 94 87 101 85 78 75 72 82 89 73 72 83 82 73 71 86 82 93 92 91 99\
 66 99 93 91 70 78 88 93 108 109 107 122 122 127 149 141 131 154 178 178 185 177 184 185 219 239 249 273 280 294 303 273\
 348 331 340 361 399 374 391 361 405 385 398 411 392 378 393 364 357 357 358 325 300 303 312 257 275 243 240 230 208 223 221 198\
 217 211 193 171 205 180 224 175 172 187 159 174 172 183 178 194 188 208 173 177 173 195 176 176 177 161 151 183 142 182 161 156\
 149 145 154 153 155 161 172 147 144 150 139 134 155 134 146 135 165 165 141 171 158 152 173 154 170 130 169 159 167 145 159 169\
 147 157 193 175 162 177 183 190 184 172 194 168 171 177 204 201 187 180 193 192 195 218 195 213 235 204 203 201 215 238 225 230\
 237 231 249 247 256 232 251 244 259 259 279 259 271 274 258 274 259 283 303 283 293 308 288 298 323 290 338 333 311 344 378 337\
 312 376 370 380 376 356 420 406 395 428 421 439 395 428 421 453 431 432 454 452 503 476 471 469 455 490 480 497 472 488 528 507\
 492 514 584 553 600 549 570 587 545 569 612 629 595 626 625 636 637 612 666 695 708 643 709 695 705 770 817 751 785 790 766 885\
 880 859 854 910 914 928 929 1033 980 977 1007 1051 1104 1057 1091 1157 1152 1186 1177 1198 1249 1196 1232 1278 1300 1321 1397 1332 1379 1513 1442 1611\
 1595 1565 1682 1565 1620 1648 1703 1783 1811 1802 1847 1917 1831 1948 1900 1948 1932 2005 1957 2030 2053 2022 2164 2105 2224 2199 2203 2249 2272 2351 2448 2580\
 2529 2623 2717 2900 2917 3089 3293 3429 3526 3661 4107 4256 4548 4940 5207 5463 5794 6232 6672 7084 7647 8328 8945 9406 10080 10800 11709 12366 13101 13989 14880 15861\
 16720 17878 18885 19837 20976 22136 23507 24295 25730 26677 27629 28724 30362 31523 32278 33506 34490 35706 36242 37273 37918 38731 39870 39808 40460 41205 41697 41908 42047 42371 42331 42499\
 42630 42613 42395 42294 42833 42611 43015 42586 42991 43174 43315 43357 43781 43999 44253 45105 45551 46055 46542 47028 48065 48803 49109 50114 50352 51530 51306 51678 51423 51344 51332 50472\
 49715 49227 48567 47289 46379 44463 42977 41438 39409 37527 35450 33790 31286 28914 27292 25202 22809 21291 19137 17228 15470 13857 12444 10899 9666 8437 7607 6511 5453 4669 4105 3401\
 2931 2486 2072 1808 1432 1230 992 868 675 606 482 351 317 277 224 220 148 142 106 107 89 72 86 58 64 47 43 66 46 61 63 55\
 44 59 46 53 58 45 49 49 34 48 33 42 43 37 34 38 46 35 38 42 30 36 31 27 31 28 33 29 41 22 32 33\
 27 21 16 22 26 25 17 30 26 40 23 19 11 26 28 21 22 16 22 21 25 21 20 19 14 17 30 24 24 14 24 12

