#F ./vortex/20151023_334_mca
#E 1445948521
#D Tue Oct 27 07:22:01 2015
#C surf  User = epics

#C Saving MCA data for Scan:334 in Datafile:20151023

#S 1 mca_save_point Point:0 Scan:334 Datafile:20151023
#D Tue Oct 27 07:22:01 2015
#U Epics mca: dp_vortex_xrd45:mca1
#T 120  (Seconds)
#Q 0 5.5944e-08 0.0160268
#Energy 10
#Monc 2096081 28009416
#@MCA %32C
#@CHANN 1000 0 999 1
#@CTIME 120 120 118.289
#@CALIB -17.487 5.2147 0
#N 1
#L Epics MCA
@A 0 0 0 0 0 0 0 0 0 0 0 0 0 0 0 0 0 0 0 0 0 0 0 0 0 0 0 0 0 0 0 0\
 0 0 0 0 0 0 0 0 0 0 0 0 0 0 0 0 0 0 0 0 0 0 0 0 0 0 0 0 0 0 0 0\
 0 0 0 0 0 0 0 0 0 0 0 0 0 0 0 0 0 0 0 0 0 0 0 0 0 0 0 0 0 0 0 0\
 0 0 0 0 0 0 0 0 0 0 0 0 0 0 0 0 0 0 0 0 0 0 0 0 0 0 0 0 0 0 0 0\
 0 0 0 0 0 0 0 0 0 0 0 0 0 0 0 0 0 0 0 0 0 0 0 0 0 0 0 0 0 0 0 0\
 0 0 0 0 0 0 0 0 0 0 0 0 0 0 0 0 1 0 0 0 1 2 0 0 0 0 1 0 0 0 2 0\
 0 2 1 0 0 1 2 0 0 0 0 1 1 0 0 0 0 0 0 0 0 0 0 0 0 2 0 1 0 0 0 0\
 0 0 1 0 1 0 0 1 0 0 0 0 1 0 0 0 0 1 0 0 0 0 0 0 1 0 0 0 0 0 0 0\
 0 0 1 1 1 1 0 0 1 1 0 0 0 0 0 0 0 0 0 0 0 0 1 0 0 0 0 0 1 0 0 0\
 0 0 0 1 0 0 0 0 0 0 1 2 1 0 0 0 0 0 1 0 0 0 0 0 1 2 0 0 0 0 0 0\
 0 0 0 0 0 0 0 1 1 0 0 0 1 1 0 0 0 0 0 0 0 0 1 1 1 1 0 0 1 0 1 0\
 0 1 1 0 0 0 1 0 0 0 0 0 1 1 1 0 0 0 0 0 0 0 0 0 0 0 1 1 0 0 0 0\
 0 0 0 0 0 0 0 0 0 0 0 0 0 0 0 1 0 0 0 0 1 0 0 0 0 0 1 0 0 0 0 0\
 0 0 1 0 0 0 0 1 1 1 0 0 0 0 0 1 0 0 0 0 0 0 0 1 0 1 0 0 0 2 0 1\
 0 0 0 0 0 0 1 0 0 0 0 2 0 0 0 0 0 0 0 0 0 0 0 0 0 0 0 0 0 0 1 1\
 0 0 0 0 1 1 0 0 0 1 0 0 0 0 0 1 1 0 2 0 1 0 0 0 0 0 0 0 0 0 0 0\
 0 0 1 0 1 0 0 0 0 1 0 0 1 0 0 1 1 0 0 0 0 0 0 0 1 0 0 0 0 0 0 0\
 0 0 0 0 0 0 0 0 0 0 0 2 0 0 1 1 1 1 0 2 2 1 2 0 1 2 3 4 1 1 0 2\
 6 1 0 1 2 2 2 0 2 0 4 0 0 1 0 1 0 1 0 0 0 0 0 0 1 1 0 0 0 0 0 0\
 3 0 0 2 1 0 1 0 0 0 0 0 1 0 0 0 1 2 1 1 1 2 0 1 0 0 0 0 0 0 0 0\
 1 0 1 0 0 0 0 0 0 0 0 0 0 1 0 0 0 0 0 1 0 0 1 0 0 0 1 0 0 1 0 0\
 0 0 0 1 0 1 0 0 0 1 1 0 0 0 0 2 0 0 0 0 2 0 0 2 1 1 2 2 1 2 4 5\
 6 1 4 2 5 5 6 4 1 12 6 4 7 9 4 3 3 1 6 1 4 2 2 3 1 2 2 1 1 1 2 0\
 1 0 1 2 1 0 0 0 0 0 0 0 0 0 0 0 0 1 1 0 0 0 0 0 0 0 1 0 0 0 0 1\
 2 0 0 0 0 0 0 1 2 0 3 1 1 1 0 1 0 0 0 1 0 2 0 1 0 0 1 0 1 1 0 0\
 0 0 0 0 0 0 0 0 0 1 0 1 0 0 0 0 0 0 0 0 0 0 0 0 0 0 0 0 0 0 0 0\
 0 0 0 0 1 0 0 0 0 0 0 0 0 0 0 0 0 0 1 0 0 0 1 0 0 0 0 0 0 0 0 0\
 0 1 0 1 0 0 0 0 0 0 0 0 0 0 0 0 0 0 0 0 0 1 0 1 0 0 0 0 1 1 0 0\
 1 0 0 0 1 0 0 0 0 0 0 0 0 1 0 0 0 0 0 0 0 0 0 0 0 1 0 0 0 0 0 0\
 0 1 0 0 0 1 0 1 3 0 0 0 0 0 0 0 0 0 1 0 0 0 0 1 0 0 1 0 0 0 1 0\
 0 0 2 0 0 0 1 1 0 0 0 0 1 0 0 0 0 0 0 0 0 0 0 0 0 0 0 0 0 0 0 0\
 0 0 0 0 0 0 2 1 0 0 0 0 0 0 0 0 0 0 0 0 0 0 0 0 1 1 0 0 0 0 0 0\
 2 1 0 1 0 0 0 0 0 0 0 0 0 0 0 0 0 0 0 0 0 0 0 1 0 0 0 1 0 0 0 0\
 1 0 0 1 0 0 1 0 1 0 0 0 0 0 0 0 0 0 1 0 0 0 0 0 0 0 0 0 0 0 0 0\
 0 0 0 0 0 1 1 0 0 0 0 0 1 0 0 0 0 1 0 2 0 0 0 0 1 0 0 0 0 0 1 0\
 0 0 0 0 0 0 0 1 0 0 2 0 0 0 0 1 0 0 0 0 0 0 0 0 0 0 0 1 0 1 0 1\
 0 0 0 0 2 0 1 0 0 0 0 0 1 0 1 0 0 0 0 0 0 1 0 0 0 0 0 0 0 0 1 0\
 1 1 0 0 1 0 1 0 0 0 0 0 1 0 0 0 0 0 0 0 0 0 0 0 0 0 0 0 0 1 1 0\
 1 0 1 0 0 0 0 0 0 0 0 1 0 0 1 0 0 1 0 0 0 0 0 1 0 0 0 0 0 0 0 0\
 0 0 0 0 0 0 0 0 0 0 0 0 1 0 0 0 0 0 1 0 0 0 0 0 0 0 0 0 0 0 0 1\
 0 1 0 0 0 0 0 0 0 0 0 0 0 0 0 0 0 0 0 0 1 0 1 0 0 0 0 0 1 0 0 1\
 0 0 0 0 0 0 0 0 0 0 0 0 0 1 0 0 1 0 0 1 1 0 0 0 0 1 0 0 0 1 0 0\
 1 0 0 0 1 0 0 0 1 0 1 0 0 0 1 0 0 0 0 1 0 0 0 0 0 1 0 0 0 0 1 0\
 0 0 0 0 0 1 1 0 0 0 0 0 0 0 0 1 0 0 0 1 0 0 1 0 0 1 0 1 0 0 0 1\
 0 0 0 0 0 1 2 0 0 0 0 1 0 0 0 0 0 0 0 0 0 0 0 0 0 0 0 0 0 0 0 1\
 0 0 0 0 0 0 1 0 0 1 0 0 0 0 0 1 0 1 0 0 0 0 1 0 0 0 0 1 0 0 0 1\
 0 0 0 0 1 0 0 0 0 0 0 1 0 0 0 2 0 0 2 0 0 0 2 0 0 1 1 0 0 0 0 0\
 0 0 1 1 1 0 0 0 0 0 1 0 0 1 0 1 0 0 0 0 0 0 1 2 1 1 2 1 1 1 0 0\
 3 0 3 0 1 1 1 4 1 0 2 1 3 2 1 1 1 1 1 2 0 3 0 3 0 1 1 2 3 1 2 2\
 0 2 1 3 1 1 2 0 0 1 0 1 0 0 0 1 0 0 0 0 0 0 1 0 0 1 1 2 0 2 0 1\
 1 0 0 0 1 2 1 1 1 0 0 1 1 0 0 0 1 0 0 1 1 0 0 0 0 1 1 0 0 1 0 0\
 0 1 1 0 1 1 0 2 0 1 0 0 1 0 2 0 1 0 0 2 2 3 0 1 0 0 0 0 0 0 1 1\
 2 1 1 0 1 0 2 1 0 2 1 0 0 2 1 0 2 0 1 0 3 1 1 1 1 1 3 1 0 1 1 1\
 0 1 0 1 2 0 1 1 1 2 1 0 3 1 2 1 1 0 2 1 1 1 0 0 0 2 2 0 1 4 1 2\
 3 0 2 1 1 1 3 3 0 2 2 1 2 5 3 2 4 3 3 2 0 0 2 4 1 3 3 1 1 4 3 6\
 2 1 2 1 3 3 1 2 2 0 3 4 3 2 0 2 4 1 1 3 3 5 4 5 1 6 2 5 4 5 7 3\
 3 5 5 5 5 7 4 6 7 7 7 5 5 10 11 4 9 9 4 3 4 6 10 10 7 8 7 9 4 11 4 8\
 10 7 11 8 13 16 9 14 15 17 23 16 16 9 18 17 18 23 25 26 24 26 39 35 30 35 37 38 43 38 35 55\
 49 59 62 74 68 67 77 91 66 102 88 88 105 101 109 136 137 109 146 133 134 145 173 149 140 161 182 145 176 157 185 167\
 152 162 176 177 151 185 151 170 170 175 154 155 167 168 142 155 178 180 173 163 152 159 169 151 147 193 171 179 158 167 152 182\
 169 198 153 151 166 168 128 159 131 153 121 131 104 103 117 93 90 87 76 78 62 70 66 33 49 44 37 41 26 31 23 18\
 14 13 14 4 8 8 4 7 5 5 2 3 3 2 1 0 0 1 0 1 1 0 0 0 0 0 0 0 0 0 1 0\
 0 0 0 0 0 0 0 0 0 0 0 0 0 0 0 0 0 0 0 0 0 0 0 0 0 0 0 0 0 0 0 0\
 0 0 0 0 0 0 0 0 0 0 0 0 0 0 0 0 0 0 0 0 0 0 0 0 0 0 0 0 0 0 0 0


#S 2 mca_save_point Point:1 Scan:334 Datafile:20151023
#D Tue Oct 27 07:24:10 2015
#U Epics mca: dp_vortex_xrd45:mca1
#T 120  (Seconds)
#Q 0 1.48428e-08 0.0170085
#Energy 10
#Monc 2132416 28037628
#@MCA %32C
#@CHANN 1000 0 999 1
#@CTIME 120 120 118.545
#@CALIB -17.487 5.2147 0
#N 1
#L Epics MCA
@A 0 0 0 0 0 0 0 0 0 0 0 0 0 0 0 0 0 0 0 0 0 0 0 0 0 0 0 0 0 0 0 0\
 0 0 0 0 0 0 0 0 0 0 0 0 0 0 0 0 0 0 0 0 0 0 0 0 0 0 0 0 0 0 0 0\
 0 0 0 0 0 0 0 0 0 0 0 0 0 0 0 0 0 0 0 0 0 0 0 0 0 0 0 0 0 0 0 0\
 0 0 0 0 0 0 0 0 0 0 0 0 0 0 0 0 0 0 0 0 0 0 0 0 0 0 0 0 0 0 0 0\
 0 0 0 0 0 0 0 0 0 0 0 0 0 0 0 0 0 0 0 0 0 0 0 0 0 0 0 0 0 0 0 0\
 0 0 0 0 0 0 0 0 0 0 0 1 0 0 0 0 1 0 0 0 0 1 0 0 0 1 0 1 0 0 1 1\
 0 0 0 0 1 1 0 0 0 0 0 0 1 1 1 0 0 0 0 0 0 0 0 1 0 1 0 0 0 0 0 1\
 0 0 0 0 0 0 1 0 0 0 0 0 2 0 0 0 0 0 0 0 1 0 1 0 1 0 1 0 1 0 2 2\
 0 1 2 0 0 0 1 0 0 1 0 0 2 0 0 0 0 0 1 0 0 0 0 0 0 0 0 0 0 0 1 0\
 1 0 0 0 1 0 0 0 1 0 0 0 0 0 0 0 0 0 0 0 2 0 1 0 0 0 0 1 1 0 0 0\
 0 1 1 0 1 0 1 0 0 0 0 0 0 0 0 0 1 0 1 0 0 0 0 0 0 0 0 0 0 0 0 0\
 0 0 0 0 2 0 0 0 1 0 0 0 1 0 0 0 1 0 0 0 1 0 0 1 0 0 0 0 0 0 0 0\
 0 1 1 0 0 1 0 0 0 1 0 0 0 0 0 0 0 0 1 0 0 1 0 0 0 0 0 0 1 0 0 0\
 0 0 0 0 0 1 0 1 0 0 0 0 0 0 1 0 1 0 0 0 1 1 2 0 1 0 0 0 0 0 0 0\
 0 0 1 0 0 1 0 0 0 0 0 0 0 0 0 1 0 0 1 0 0 0 0 0 0 0 0 1 0 0 0 2\
 0 1 0 0 1 0 0 1 0 0 0 0 1 0 0 2 0 0 1 0 0 0 1 1 0 2 2 0 1 0 0 0\
 1 0 0 2 0 0 2 1 1 0 0 1 0 0 0 1 0 0 1 0 0 0 0 0 0 3 0 2 0 0 0 0\
 0 1 0 0 0 0 0 0 1 0 1 1 0 0 1 2 1 1 0 0 0 3 0 1 0 2 3 2 2 1 0 2\
 1 1 1 0 2 1 4 0 0 0 1 0 1 1 0 0 0 0 0 0 2 0 1 1 0 0 0 0 0 0 2 0\
 1 0 1 1 0 0 0 1 0 0 0 0 1 0 0 1 0 2 0 0 0 1 0 0 1 1 1 0 0 1 1 1\
 1 0 0 1 0 0 0 0 1 1 0 0 0 0 0 0 0 0 0 0 0 0 1 0 0 1 0 0 0 0 0 0\
 0 0 0 0 0 0 0 2 1 0 0 0 0 1 0 1 1 0 1 0 2 3 0 2 1 1 1 0 2 2 5 4\
 6 2 3 3 4 3 3 4 11 5 5 3 4 5 6 9 6 3 5 3 5 2 2 4 0 2 1 1 1 1 1 0\
 2 1 1 0 1 0 0 0 1 0 1 0 0 0 0 2 0 0 0 2 0 1 0 0 1 0 1 0 0 1 0 1\
 0 0 0 1 0 4 0 2 1 1 1 1 0 2 2 0 0 0 0 0 1 0 2 0 0 0 2 0 0 1 0 0\
 0 0 0 1 0 0 0 0 1 0 0 0 0 0 0 1 0 0 0 0 0 2 0 0 0 0 0 0 0 0 0 0\
 0 0 1 0 0 0 0 0 0 0 1 0 0 0 0 0 0 0 0 0 0 0 2 0 0 0 0 2 0 0 0 2\
 0 1 0 0 0 0 1 0 0 0 0 0 0 1 0 0 0 0 0 0 0 0 0 0 1 0 0 0 0 0 0 0\
 0 2 0 0 0 0 0 0 0 0 0 0 0 0 0 1 0 0 0 0 0 0 0 0 0 0 0 1 0 0 0 0\
 0 0 0 1 1 1 0 0 0 0 0 1 1 0 0 0 1 0 0 1 0 0 0 0 0 0 0 0 0 0 0 1\
 1 0 0 0 0 1 1 0 0 0 0 0 1 0 0 0 0 0 0 0 0 0 0 0 0 1 0 0 0 0 0 0\
 0 0 0 0 0 1 0 0 0 1 1 1 0 0 0 0 0 0 0 1 0 1 0 0 0 0 1 0 0 0 0 0\
 0 0 1 0 0 0 0 0 1 0 0 0 1 0 0 0 0 0 0 1 0 0 0 0 0 0 0 0 0 0 0 0\
 0 0 1 0 0 1 0 0 0 0 1 1 0 0 0 0 0 0 0 0 0 0 0 1 1 0 0 0 1 1 0 0\
 1 0 0 0 0 0 1 2 0 1 0 0 0 0 1 0 0 0 0 0 0 0 0 0 0 0 0 0 0 1 0 1\
 0 0 0 0 0 0 1 0 0 0 0 0 0 0 1 0 0 0 0 0 0 1 0 1 0 0 0 0 0 1 0 0\
 0 1 0 0 1 0 0 0 0 0 0 1 0 0 0 0 1 0 0 0 0 0 0 0 0 0 0 1 0 1 0 0\
 0 0 1 0 2 0 0 0 0 0 0 0 0 1 0 1 0 0 1 0 0 0 0 1 0 1 0 0 1 0 0 0\
 1 0 0 1 1 0 0 0 0 1 0 0 0 0 0 0 0 0 0 0 1 0 1 0 0 1 0 0 0 0 0 0\
 0 0 1 0 0 0 0 1 0 1 0 0 0 0 0 0 0 0 1 1 0 0 0 0 1 0 1 0 1 0 0 1\
 0 0 0 0 1 1 0 0 0 0 0 0 0 0 0 0 0 1 0 1 0 0 1 0 0 1 0 0 0 0 1 0\
 0 0 0 0 0 0 1 1 0 0 0 0 0 0 0 1 0 0 0 0 0 0 0 0 0 0 0 2 0 0 0 2\
 0 1 0 0 0 1 0 0 1 0 1 0 1 0 0 0 0 1 0 1 0 0 1 0 1 1 0 0 0 0 1 0\
 0 0 0 0 0 0 2 1 0 0 0 0 0 0 0 0 0 2 0 0 0 0 0 0 0 0 0 0 0 0 0 0\
 0 0 1 0 1 0 2 0 0 0 1 0 0 0 0 0 0 0 0 0 0 0 1 0 1 0 0 0 2 1 0 0\
 0 0 0 0 0 1 0 1 0 0 0 0 0 0 0 0 0 0 0 0 0 0 1 0 0 0 0 1 0 0 0 0\
 0 0 0 0 1 0 1 0 0 0 0 0 1 0 0 1 0 0 0 0 0 2 1 0 1 0 0 0 1 0 0 1\
 0 1 0 0 0 0 0 0 0 0 0 0 0 0 1 0 0 0 0 0 0 0 0 0 0 3 4 0 1 1 0 0\
 0 1 0 1 1 1 4 2 3 4 4 2 4 2 2 2 1 1 0 0 1 0 1 2 0 2 2 0 2 1 1 0\
 2 1 1 1 1 0 1 1 3 2 4 1 2 1 1 0 0 1 1 0 0 1 0 0 0 1 1 0 0 0 0 1\
 2 0 0 0 0 0 0 2 0 0 0 1 1 1 2 2 0 0 0 1 1 0 1 0 2 0 0 0 0 0 0 1\
 0 0 0 0 1 1 1 1 1 2 2 0 2 0 2 0 1 0 2 0 0 1 0 1 0 1 0 1 0 0 2 0\
 1 1 0 1 0 1 0 1 1 0 1 1 0 1 0 0 2 1 0 2 1 0 1 0 1 1 0 1 3 1 2 1\
 0 2 1 1 1 3 3 2 0 2 3 4 1 0 1 1 5 1 4 3 1 6 1 2 0 1 1 3 7 1 0 2\
 5 1 0 2 3 0 2 1 1 2 3 0 5 1 1 2 4 4 2 2 3 1 0 3 2 5 0 4 3 1 1 5\
 1 1 3 5 6 4 2 1 2 2 1 3 5 3 5 5 4 4 8 3 5 1 4 1 4 7 3 10 8 6 5 4\
 6 7 3 5 9 4 5 3 3 5 11 6 7 11 6 7 5 9 6 2 8 5 13 10 4 12 5 5 3 7 8 10\
 5 12 14 10 11 9 13 11 14 13 19 18 11 15 24 19 22 20 22 22 28 36 38 33 31 49 53 50 50 38 44 61\
 61 53 63 79 58 90 71 89 95 105 106 120 87 114 118 112 140 129 123 150 166 155 177 148 145 207 165 147 201 189 172 181\
 194 172 213 175 172 184 169 181 178 182 177 201 177 164 150 165 163 195 169 170 175 169 199 185 146 170 191 187 203 176 173 166\
 196 166 149 198 191 162 188 178 140 152 143 130 125 119 101 112 111 100 80 86 97 70 60 68 48 41 34 29 27 25 30 21\
 19 18 13 9 8 2 4 4 2 3 2 3 3 0 1 1 0 1 1 0 0 0 0 2 0 0 0 0 0 0 0 0\
 0 0 0 0 0 0 0 0 0 0 0 0 0 0 0 0 0 0 0 0 0 0 0 0 0 0 0 0 0 0 0 0\
 0 0 0 0 0 0 0 0 0 0 0 0 0 0 0 0 0 0 0 0 0 0 0 0 0 0 0 0 0 0 0 0


#S 3 mca_save_point Point:2 Scan:334 Datafile:20151023
#D Tue Oct 27 07:26:18 2015
#U Epics mca: dp_vortex_xrd45:mca1
#T 120  (Seconds)
#Q 0 7.85555e-09 0.0180036
#Energy 10
#Monc 2112280 28003120
#@MCA %32C
#@CHANN 1000 0 999 1
#@CTIME 120 120 118.442
#@CALIB -17.487 5.2147 0
#N 1
#L Epics MCA
@A 0 0 0 0 0 0 0 0 0 0 0 0 0 0 0 0 0 0 0 0 0 0 0 0 0 0 0 0 0 0 0 0\
 0 0 0 0 0 0 0 0 0 0 0 0 0 0 0 0 0 0 0 0 0 0 0 0 0 0 0 0 0 0 0 0\
 0 0 0 0 0 0 0 0 0 0 0 0 0 0 0 0 0 0 0 0 0 0 0 0 0 0 0 0 0 0 0 0\
 0 0 0 0 0 0 0 0 0 0 0 0 0 0 0 0 0 0 0 0 0 0 0 0 0 0 0 0 0 0 0 0\
 0 0 0 0 0 0 0 0 0 0 0 0 0 0 0 0 0 0 0 0 0 0 0 0 0 0 0 0 0 0 0 0\
 0 0 0 0 0 0 0 0 0 0 0 0 0 0 0 0 1 0 0 0 0 1 0 1 1 1 0 0 0 1 0 1\
 0 0 0 0 0 1 0 0 0 2 0 0 0 0 0 2 0 1 0 2 0 0 0 0 0 1 1 0 1 0 0 0\
 0 0 0 1 0 0 0 0 0 0 0 0 0 0 0 0 0 0 0 2 0 1 0 0 0 2 1 1 0 1 1 0\
 0 2 0 0 0 0 0 2 0 0 0 1 0 2 1 0 1 0 0 1 1 0 0 0 0 0 0 0 1 1 0 1\
 0 0 0 0 1 0 0 0 1 0 0 0 1 2 0 0 0 2 0 0 0 0 0 1 0 0 2 0 0 0 0 1\
 0 0 0 1 0 0 0 1 0 0 0 0 0 2 0 0 1 0 1 0 1 0 1 0 0 0 0 0 0 0 0 0\
 0 0 0 2 0 0 0 1 0 0 0 0 0 0 0 0 0 0 0 0 1 0 1 0 0 0 0 0 0 0 0 0\
 2 1 0 0 0 0 0 0 1 1 1 0 0 0 0 0 0 0 1 0 0 0 1 0 0 1 0 0 0 0 0 0\
 0 0 1 0 0 0 1 1 0 0 1 0 0 0 0 0 1 0 0 0 0 0 0 0 0 0 0 0 0 1 0 0\
 0 0 0 0 1 0 0 1 0 0 0 0 0 1 0 0 0 0 0 0 0 0 0 1 0 0 1 0 0 0 2 1\
 0 0 0 0 0 0 0 0 0 0 0 1 0 2 0 0 0 0 0 0 0 0 1 0 0 3 0 0 0 0 0 1\
 0 0 0 1 0 0 0 0 0 0 0 0 0 0 0 0 0 1 0 1 0 0 0 0 0 0 1 2 0 0 0 0\
 0 0 2 0 0 1 0 0 0 0 1 0 0 0 2 0 1 0 0 1 3 0 0 1 1 2 1 2 1 2 0 1\
 2 1 1 3 1 2 3 1 2 2 0 0 1 0 1 1 1 1 0 1 0 0 0 0 0 0 1 0 1 0 0 0\
 1 1 2 1 2 0 0 1 0 0 3 0 0 1 1 1 1 2 0 1 1 0 0 0 1 1 1 0 0 1 0 0\
 1 0 0 0 0 0 0 0 0 0 0 0 0 1 0 0 0 0 0 0 0 0 0 2 0 0 0 0 0 1 0 0\
 1 0 0 0 0 0 1 0 0 1 0 0 0 1 1 0 1 0 0 0 0 2 0 0 1 0 3 1 1 4 4 0\
 2 9 2 1 8 1 6 10 3 3 1 3 9 4 5 4 1 3 3 4 5 1 1 2 3 4 3 1 0 2 1 0\
 1 0 0 0 0 0 0 0 0 0 0 0 0 0 0 1 0 0 0 0 1 0 0 0 0 1 0 1 1 1 0 0\
 0 1 2 1 2 1 1 0 2 1 1 0 1 1 2 1 1 1 0 0 1 1 0 1 0 0 0 0 0 1 0 0\
 0 0 0 0 0 0 1 1 0 0 1 0 0 0 0 0 0 1 0 1 0 0 0 0 0 0 1 0 0 0 0 1\
 0 0 1 0 2 0 1 0 0 0 0 0 0 1 0 0 0 0 0 1 0 0 0 0 0 0 0 0 0 0 0 0\
 0 0 0 0 0 0 2 1 0 0 0 0 1 0 0 0 0 0 0 0 0 0 0 1 1 0 0 0 0 0 0 0\
 0 2 0 1 0 1 0 0 0 0 0 2 0 1 0 0 0 0 0 0 0 0 1 0 0 0 1 0 1 0 0 0\
 1 1 0 0 0 0 1 0 1 0 0 0 0 0 0 0 0 1 0 0 0 0 0 0 0 0 0 0 0 0 0 1\
 0 0 2 0 0 0 0 1 0 0 0 1 0 0 0 0 0 1 0 0 0 0 1 0 0 0 0 1 1 0 0 0\
 0 0 0 0 1 0 0 0 0 0 0 1 1 1 0 0 0 0 0 1 0 0 0 0 0 0 0 0 0 0 1 0\
 0 0 0 0 0 0 0 0 0 0 0 0 0 1 0 0 0 1 0 0 0 0 1 0 0 0 0 0 0 0 0 0\
 0 0 0 1 2 0 0 0 0 0 0 0 0 1 1 0 0 0 0 0 0 0 0 0 0 0 0 1 0 0 0 0\
 1 0 0 0 0 1 0 0 0 0 0 0 0 0 0 0 1 0 0 1 0 0 0 1 1 0 0 0 0 0 1 0\
 0 0 0 0 0 0 0 1 0 0 0 1 0 0 0 0 1 1 1 0 0 0 1 0 0 1 0 1 0 1 0 1\
 0 0 0 0 0 0 0 0 0 0 0 1 0 0 0 0 0 0 1 0 0 0 0 0 0 0 0 0 0 0 0 0\
 0 0 1 0 0 0 0 0 0 0 0 0 1 0 0 0 0 0 0 0 0 1 0 0 0 1 0 0 0 1 1 0\
 1 0 0 0 0 0 0 0 0 0 0 0 0 1 0 0 1 0 3 0 1 0 0 0 0 0 0 0 0 1 0 0\
 0 0 0 0 0 0 0 0 0 0 0 0 0 1 0 0 0 0 0 0 0 0 0 0 1 0 1 0 0 0 0 0\
 0 0 1 0 0 0 0 0 0 0 0 1 0 0 1 0 0 0 0 0 0 1 0 1 0 0 1 0 0 0 0 0\
 0 0 0 0 0 0 0 0 0 0 0 2 0 0 0 1 0 0 0 0 1 0 0 0 1 0 0 1 0 0 0 0\
 0 0 1 1 0 1 0 0 1 0 0 1 0 0 0 0 0 0 1 0 0 0 0 0 0 0 0 0 0 0 0 0\
 1 0 0 1 0 0 0 0 0 1 1 0 0 0 0 1 0 1 0 0 1 0 0 0 0 0 0 0 0 0 0 0\
 1 0 0 0 0 0 1 1 0 0 0 1 0 0 0 2 0 0 0 0 0 1 1 1 1 0 3 0 0 0 0 1\
 0 0 1 0 0 0 0 0 0 0 0 0 0 0 0 0 0 2 0 1 0 0 0 0 0 1 0 0 0 1 0 0\
 0 0 0 0 0 0 0 2 0 0 0 0 0 0 0 0 0 0 1 0 0 0 0 0 0 0 1 1 0 0 0 0\
 0 0 0 1 0 1 0 1 0 0 0 1 0 0 0 0 0 1 0 1 0 0 0 1 2 0 1 0 0 0 0 1\
 1 0 0 2 0 1 2 3 1 1 6 1 1 2 3 0 3 0 0 0 2 1 2 2 2 0 2 0 2 2 0 1\
 1 0 2 1 1 0 2 0 0 1 0 1 1 1 0 0 2 0 0 2 0 2 1 0 1 0 1 0 0 1 0 1\
 0 1 1 0 1 0 1 1 1 0 1 2 1 0 1 0 1 0 0 0 0 1 0 1 0 0 0 2 1 1 1 0\
 0 1 1 1 0 1 1 0 1 0 1 3 0 0 1 0 1 1 0 1 0 2 0 0 0 1 1 1 2 3 2 2\
 0 1 1 0 0 1 0 2 0 1 1 1 1 1 1 1 1 0 1 1 0 2 1 1 0 1 0 1 1 1 2 1\
 2 2 2 0 1 5 0 1 2 1 1 2 1 1 1 1 6 0 1 0 2 2 0 1 1 1 1 3 2 1 3 1\
 0 3 2 2 4 5 2 1 4 2 4 0 2 4 1 3 0 3 4 1 3 1 1 4 7 4 4 1 4 3 5 0\
 1 2 2 2 5 3 6 3 4 5 2 4 2 0 7 3 3 0 4 3 4 6 4 7 1 4 10 2 7 6 1 7\
 4 7 4 7 12 5 5 7 8 7 3 2 4 5 7 5 8 9 6 4 4 5 9 8 9 9 6 5 9 12 10 14\
 8 12 1 6 11 10 13 11 20 9 17 17 12 18 23 20 16 26 21 21 37 38 21 28 29 40 30 55 39 49 51 50\
 56 60 65 67 69 84 91 105 88 86 98 111 99 96 134 118 132 145 150 175 161 136 164 161 179 170 160 184 171 199 188 172\
 206 174 169 182 182 190 171 185 188 153 164 170 181 186 198 181 197 196 183 181 196 174 193 179 204 168 195 196 187 209 183 179\
 183 186 165 193 161 208 168 166 179 138 183 130 147 127 115 121 115 106 96 94 79 79 71 56 54 44 42 39 36 31 24 18\
 16 6 11 16 12 5 5 4 3 4 2 1 0 1 2 1 3 1 0 1 0 0 0 0 0 0 0 0 0 0 0 0\
 0 0 0 0 0 0 0 0 0 0 0 0 0 0 0 0 0 0 0 0 0 0 0 0 0 0 0 0 0 0 0 0\
 0 0 0 0 0 0 0 0 0 0 0 0 0 0 0 1 0 0 0 0 0 0 0 0 0 0 0 0 0 0 0 0


#S 4 mca_save_point Point:3 Scan:334 Datafile:20151023
#D Tue Oct 27 07:28:27 2015
#U Epics mca: dp_vortex_xrd45:mca1
#T 120  (Seconds)
#Q 0 0 0.0189986
#Energy 10
#Monc 2112872 27953825
#@MCA %32C
#@CHANN 1000 0 999 1
#@CTIME 120 120.001 118.415
#@CALIB -17.487 5.2147 0
#N 1
#L Epics MCA
@A 0 0 0 0 0 0 0 0 0 0 0 0 0 0 0 0 0 0 0 0 0 0 0 0 0 0 0 0 0 0 0 0\
 0 0 0 0 0 0 0 0 0 0 0 0 0 0 0 0 0 0 0 0 0 0 0 0 0 0 0 0 0 0 0 0\
 0 0 0 0 0 0 0 0 0 0 0 0 0 0 0 0 0 0 0 0 0 0 0 0 0 0 0 0 0 0 0 0\
 0 0 0 0 0 0 0 0 0 0 0 0 0 0 0 0 0 0 0 0 0 0 0 0 0 0 0 0 0 0 0 0\
 0 0 0 0 0 0 0 0 0 0 0 0 0 0 0 0 0 0 0 0 0 0 0 0 0 0 0 0 0 0 0 0\
 0 0 0 0 0 0 0 0 0 0 0 0 0 0 0 0 1 0 0 0 1 1 0 2 2 1 2 0 0 0 0 0\
 0 0 0 0 1 2 0 0 0 0 0 0 0 0 0 1 0 0 0 0 0 0 0 0 0 0 0 0 1 0 0 0\
 0 0 1 0 0 0 0 1 0 0 1 0 0 0 0 0 0 1 1 0 0 0 3 1 0 0 0 0 0 0 1 1\
 0 0 1 0 0 1 0 1 0 0 0 1 0 0 0 0 0 0 1 0 0 0 1 0 0 0 0 2 0 0 0 0\
 0 0 0 0 1 1 0 0 1 0 0 1 1 0 0 0 0 0 0 0 0 0 1 0 0 0 1 0 1 1 0 0\
 1 0 0 1 0 1 0 0 0 1 0 0 1 0 0 1 0 0 0 0 0 0 0 0 2 1 0 1 1 1 0 0\
 0 0 0 0 0 0 0 1 0 0 0 0 0 0 0 0 0 0 1 2 0 0 0 0 1 0 1 0 0 1 0 1\
 0 0 0 0 0 2 0 0 1 0 0 2 1 0 0 0 0 0 0 0 0 1 0 1 0 0 0 0 1 1 0 1\
 0 0 1 0 0 0 0 1 0 0 0 0 0 2 0 0 0 0 0 0 2 0 0 0 0 0 0 0 1 0 0 2\
 1 0 0 0 1 0 0 1 0 0 1 0 0 1 0 0 0 0 1 1 0 0 1 0 0 2 1 0 0 0 0 0\
 0 0 1 0 0 0 0 0 0 0 0 0 0 1 1 1 0 0 0 0 0 0 0 0 0 0 0 1 1 1 0 1\
 0 1 0 1 1 0 1 1 0 0 0 1 0 0 0 0 1 0 0 0 0 0 0 0 0 0 0 0 0 1 0 0\
 0 0 1 1 0 0 0 0 0 0 0 2 0 1 2 0 3 1 0 0 0 1 1 1 3 0 3 3 1 0 1 0\
 0 5 2 1 2 0 0 1 1 2 1 1 0 0 3 0 0 0 0 0 0 0 0 1 0 0 0 0 0 0 1 0\
 0 0 0 0 0 0 0 0 0 0 2 1 1 0 0 0 0 0 0 0 0 0 0 0 0 0 0 0 0 0 1 0\
 0 0 1 0 1 0 0 2 1 0 0 0 1 0 1 0 0 0 0 0 0 0 1 1 0 1 0 0 1 1 0 0\
 0 1 0 0 1 1 0 0 0 0 1 0 0 0 1 0 2 0 1 0 0 0 0 0 3 1 2 3 1 2 2 3\
 6 4 3 2 6 4 3 3 9 6 5 7 7 5 5 9 4 9 6 7 3 7 4 6 1 4 3 0 2 1 1 3\
 1 1 1 2 0 1 0 0 0 1 0 0 0 1 0 1 0 0 0 0 0 0 0 2 1 1 1 1 0 2 0 0\
 2 1 1 2 1 1 3 2 1 0 0 2 0 2 0 0 2 0 1 0 1 3 2 1 0 1 0 0 0 0 0 0\
 1 0 0 0 0 0 0 0 1 0 0 0 0 0 0 0 0 0 0 1 0 0 0 0 0 0 0 0 0 1 0 1\
 0 0 0 0 0 0 0 1 0 0 0 2 0 0 1 0 0 0 1 0 0 0 0 0 0 0 1 0 0 0 0 0\
 0 0 0 0 0 0 0 0 0 0 0 1 0 0 0 0 0 0 1 1 0 0 0 1 0 0 0 0 0 0 0 0\
 1 0 0 0 0 2 0 0 1 1 0 0 0 0 0 0 0 0 0 1 0 0 0 0 0 0 0 0 0 0 0 0\
 0 0 1 0 0 0 0 0 0 1 0 0 0 0 1 0 0 1 0 0 0 0 0 0 0 0 0 2 1 0 0 1\
 0 0 1 0 0 0 0 0 0 0 0 0 1 1 0 0 1 0 0 0 1 0 0 0 0 1 0 0 1 0 1 0\
 0 1 2 0 0 0 0 1 0 0 0 0 0 0 0 0 0 1 1 0 0 1 1 0 0 0 0 0 1 0 1 0\
 1 0 0 0 0 0 0 0 0 0 0 0 1 0 0 0 1 1 0 0 0 0 0 1 0 0 0 0 0 0 0 1\
 0 0 1 0 0 0 0 1 0 0 1 0 0 0 0 0 0 0 0 1 0 0 0 1 0 0 0 1 1 0 0 0\
 0 1 0 0 0 2 0 0 0 0 0 1 0 1 1 0 1 1 1 0 0 0 0 0 0 0 0 0 1 0 0 0\
 1 0 0 0 0 0 0 0 1 0 0 0 0 0 0 0 0 1 0 0 1 0 1 1 0 0 0 0 1 0 0 0\
 0 0 0 0 1 0 0 1 0 1 0 0 0 1 1 0 0 0 0 0 0 0 1 0 1 0 1 0 1 0 1 0\
 0 0 0 0 0 0 0 0 0 0 1 0 0 0 1 0 0 0 0 1 0 1 2 0 0 0 0 1 0 0 2 1\
 1 0 1 0 0 1 0 0 2 0 0 0 0 0 0 0 0 0 0 1 0 0 1 0 0 1 0 0 0 0 1 1\
 0 0 0 0 0 0 0 0 0 0 0 0 0 0 0 0 0 0 1 0 0 1 0 0 0 0 1 0 0 0 0 0\
 1 0 1 0 0 0 0 0 0 0 0 1 1 0 0 0 0 0 1 0 0 1 0 0 0 0 0 0 0 1 0 0\
 0 0 0 0 0 0 0 0 0 0 0 0 1 0 1 1 0 0 0 0 0 1 0 0 0 0 1 0 0 0 0 0\
 1 1 0 1 0 0 0 0 0 1 0 0 0 1 0 0 1 0 0 1 1 0 0 0 0 1 0 0 1 0 2 0\
 0 0 0 0 0 0 0 0 0 1 0 0 0 0 0 1 1 1 0 0 0 1 0 0 0 0 0 0 0 0 0 0\
 0 1 0 0 0 0 0 0 0 1 0 0 0 1 0 2 1 0 0 0 0 0 0 1 0 0 0 0 1 1 0 0\
 0 0 0 0 0 0 0 0 0 1 0 0 1 0 0 0 1 0 0 0 1 0 0 1 2 0 1 0 0 2 0 0\
 0 0 0 0 0 0 0 0 0 1 0 0 0 0 0 0 1 0 0 1 0 0 0 0 0 0 0 1 3 0 0 0\
 0 1 0 0 0 0 0 0 0 0 0 0 2 0 0 0 0 0 0 0 0 0 0 0 0 0 1 0 1 0 0 0\
 2 1 1 0 0 0 0 2 2 0 1 0 1 0 2 3 1 0 0 1 5 1 3 1 2 1 1 0 2 0 1 1\
 2 0 1 0 3 1 0 1 1 1 2 1 1 0 0 1 0 1 1 0 2 1 0 2 0 1 0 1 0 0 0 0\
 1 0 1 0 0 2 0 0 0 0 1 0 0 2 0 0 1 1 0 0 0 2 2 0 0 1 1 0 2 1 0 1\
 0 0 0 0 0 0 0 1 1 1 0 1 1 1 2 0 0 0 0 1 2 1 2 1 1 1 3 1 0 1 1 1\
 0 1 2 0 1 0 2 3 0 1 2 1 1 1 0 2 1 1 2 0 3 2 1 2 1 1 0 1 3 1 1 3\
 2 3 0 1 2 1 1 3 1 0 2 1 2 0 1 0 2 2 0 3 2 1 6 3 3 3 2 4 1 0 2 3\
 1 2 4 2 3 1 2 2 4 0 1 3 0 3 1 2 0 3 0 4 2 4 0 2 3 6 3 4 6 1 7 3\
 2 2 4 5 2 4 8 1 6 2 1 7 2 3 0 7 5 3 2 4 3 6 4 4 4 5 1 5 6 8 8 6\
 4 8 11 3 3 4 8 4 2 6 12 9 5 11 7 7 9 4 12 10 12 9 10 11 10 9 11 6 13 8 8 8\
 8 12 6 5 12 4 14 9 17 15 30 25 11 14 13 22 25 22 27 18 27 37 24 36 38 47 42 45 54 43 64 70\
 54 56 72 62 68 90 92 99 103 99 104 116 102 116 131 159 141 154 145 172 169 166 170 173 184 178 191 187 168 169 172 215\
 215 234 201 198 196 194 189 181 195 199 198 232 201 218 205 177 200 179 185 215 191 185 196 200 183 195 223 217 193 192 201 232\
 186 213 212 202 209 220 180 173 182 158 162 147 157 141 129 133 105 126 99 88 85 67 66 57 49 53 46 39 40 27 29 21\
 20 18 17 5 13 6 6 6 5 2 3 3 2 0 0 1 0 1 1 1 1 0 0 0 0 0 0 0 0 0 0 0\
 0 0 0 0 0 0 0 0 0 0 0 0 0 0 0 0 0 0 0 0 0 0 0 0 0 0 0 0 0 0 0 0\
 0 0 0 0 0 0 0 0 0 0 0 0 0 0 0 0 0 0 0 0 0 0 0 0 0 0 0 0 0 0 0 0


#S 5 mca_save_point Point:4 Scan:334 Datafile:20151023
#D Tue Oct 27 07:30:36 2015
#U Epics mca: dp_vortex_xrd45:mca1
#T 120  (Seconds)
#Q 0 -8.72388e-09 0.0199937
#Energy 10
#Monc 2124723 27995450
#@MCA %32C
#@CHANN 1000 0 999 1
#@CTIME 120 120 118.576
#@CALIB -17.487 5.2147 0
#N 1
#L Epics MCA
@A 0 0 0 0 0 0 0 0 0 0 0 0 0 0 0 0 0 0 0 0 0 0 0 0 0 0 0 0 0 0 0 0\
 0 0 0 0 0 0 0 0 0 0 0 0 0 0 0 0 0 0 0 0 0 0 0 0 0 0 0 0 0 0 0 0\
 0 0 0 0 0 0 0 0 0 0 0 0 0 0 0 0 0 0 0 0 0 0 0 0 0 0 0 0 0 0 0 0\
 0 0 0 0 0 0 0 0 0 0 0 0 0 0 0 0 0 0 0 0 0 0 0 0 0 0 0 0 0 0 0 0\
 0 0 0 0 0 0 0 0 0 0 0 0 0 0 0 0 0 0 0 0 0 0 0 0 0 0 0 0 0 0 0 0\
 0 0 0 0 0 0 0 0 0 1 0 0 0 0 0 0 1 1 0 1 0 0 0 0 0 1 0 1 1 0 0 2\
 0 0 0 0 1 1 3 0 0 0 0 1 1 0 0 0 1 1 1 0 0 0 0 0 0 0 0 0 0 0 0 0\
 0 1 0 1 0 2 1 1 0 0 1 0 0 0 0 0 0 0 0 0 0 0 0 0 0 0 0 0 0 1 1 0\
 0 0 1 0 1 0 0 0 0 2 0 0 0 0 1 1 0 0 0 0 0 0 1 0 0 0 0 1 1 0 2 0\
 0 0 0 0 0 0 1 0 0 0 0 0 0 0 0 0 2 0 0 1 1 0 0 0 0 0 0 2 0 0 1 1\
 0 1 0 0 0 0 0 0 0 1 0 0 1 0 0 1 0 0 0 1 0 0 0 0 0 0 0 0 1 0 0 0\
 0 0 0 0 0 0 0 0 0 0 0 0 0 0 0 0 0 1 0 0 0 0 0 0 0 1 0 0 0 0 0 1\
 0 0 0 0 0 0 0 0 0 0 0 0 1 0 0 0 0 0 0 1 0 1 0 0 0 2 0 1 0 0 0 0\
 0 0 0 1 1 0 0 0 0 0 1 0 0 0 0 1 0 0 1 0 0 0 0 0 0 0 0 0 0 0 0 0\
 0 0 0 0 0 0 0 0 0 0 0 0 0 0 0 0 0 1 0 0 0 2 1 1 0 0 0 0 1 0 1 0\
 0 0 0 0 0 0 0 0 0 0 1 0 0 0 0 0 0 2 0 0 2 1 1 1 0 0 1 0 0 0 0 1\
 1 0 0 0 0 0 1 1 0 0 0 0 0 0 0 0 0 0 0 0 1 0 0 1 0 0 0 0 0 0 0 0\
 1 0 0 0 1 0 1 1 0 0 1 1 0 0 0 1 0 0 1 0 1 2 0 1 0 4 1 7 1 1 1 3\
 1 2 1 1 0 2 2 0 0 0 0 1 1 2 0 0 0 0 0 1 1 0 0 1 2 0 0 0 0 0 0 0\
 2 0 1 0 0 0 0 0 1 2 2 0 0 1 1 3 0 0 1 0 1 1 0 1 0 0 0 1 1 1 0 0\
 0 0 0 0 0 0 0 0 0 0 0 1 0 0 0 0 0 0 0 0 1 0 0 0 1 1 1 0 0 1 0 0\
 1 0 0 1 0 0 0 0 0 0 0 0 0 0 0 0 1 0 0 1 2 1 0 2 2 1 0 3 2 3 1 4\
 2 3 4 6 5 8 9 6 5 10 4 3 12 7 4 7 3 4 5 4 6 3 2 4 2 3 0 0 1 1 0 2\
 0 0 0 0 0 0 1 1 0 0 0 1 0 0 0 0 0 0 1 0 0 1 1 0 1 3 0 0 0 0 1 1\
 1 2 1 1 0 1 0 2 1 1 1 2 0 0 1 1 1 5 1 0 2 0 1 0 0 1 1 0 1 1 0 0\
 0 1 1 0 0 1 2 0 0 1 0 0 1 0 0 0 0 0 0 0 0 1 0 0 1 0 0 0 0 0 0 0\
 0 1 0 0 0 1 0 0 0 0 0 0 0 0 1 0 0 0 0 0 0 0 0 0 0 0 0 0 0 0 1 0\
 0 0 0 2 1 0 0 0 0 0 1 1 1 0 0 0 0 0 1 0 0 1 1 0 0 0 1 0 0 1 0 0\
 0 0 1 0 0 0 0 1 0 0 0 0 1 1 0 0 1 0 1 0 0 0 0 0 0 0 0 0 0 0 1 1\
 0 0 1 1 0 0 1 0 0 0 2 2 0 0 0 0 0 0 0 0 0 0 0 0 0 0 0 0 0 2 0 0\
 0 1 0 0 0 1 0 0 1 0 0 1 0 0 0 0 0 0 1 0 0 2 0 0 0 1 0 0 0 0 1 0\
 0 0 0 1 2 0 1 0 1 0 0 0 0 0 1 1 0 2 0 0 0 0 0 0 0 0 1 0 0 0 0 1\
 0 0 0 0 1 0 0 0 0 0 1 1 0 0 0 1 1 0 0 0 1 1 0 0 0 0 0 0 0 0 0 0\
 1 0 0 0 0 0 0 0 0 0 0 0 0 0 0 0 1 0 0 0 1 1 0 0 1 0 0 1 0 0 0 1\
 0 0 0 0 1 1 1 0 0 0 1 0 0 0 1 0 0 1 0 1 0 0 0 0 0 0 0 0 0 0 0 0\
 0 0 0 0 0 1 1 1 0 0 0 0 0 0 1 0 0 0 0 0 0 0 0 0 0 0 0 1 0 1 0 2\
 0 0 1 0 0 0 0 0 0 0 1 0 0 0 0 0 0 0 0 0 0 0 0 0 1 0 0 1 0 1 1 0\
 0 0 1 0 1 0 0 0 0 0 0 0 1 0 0 0 0 0 0 0 1 0 0 0 1 0 0 1 0 0 0 2\
 1 0 0 0 0 1 1 0 0 1 0 0 1 1 0 0 0 0 1 1 0 2 0 0 1 0 0 1 1 0 0 0\
 0 0 1 1 1 0 0 1 0 0 0 0 0 0 0 0 0 1 0 0 0 0 0 0 0 0 0 0 0 0 0 1\
 0 0 0 0 0 0 1 0 0 1 0 1 0 0 0 0 1 0 1 0 0 1 0 0 0 0 0 0 0 0 0 1\
 1 0 0 0 1 0 0 0 0 1 0 0 0 0 0 0 1 0 0 0 0 0 0 0 0 1 0 1 1 0 0 0\
 0 0 0 0 1 0 0 0 0 0 0 0 0 0 0 0 0 1 0 0 1 0 1 1 1 1 0 0 0 0 0 0\
 2 0 0 0 1 0 0 0 0 1 0 1 0 0 0 0 0 0 0 0 0 0 0 0 0 1 0 0 0 0 0 0\
 1 1 0 0 0 0 0 0 0 0 0 1 1 0 0 0 0 0 0 0 0 1 1 0 1 0 0 0 0 0 1 1\
 1 0 1 0 0 1 0 0 1 0 0 0 1 1 0 0 0 1 0 0 0 0 0 0 1 1 1 0 0 2 0 1\
 0 0 0 1 0 0 0 0 0 0 1 0 3 2 1 1 0 0 1 0 1 0 0 0 0 1 0 1 1 0 1 0\
 0 1 1 0 1 0 0 0 2 2 1 2 0 1 0 0 2 0 1 1 1 0 2 0 1 0 1 0 1 0 2 1\
 2 1 2 1 1 2 6 2 2 3 2 2 0 0 0 1 1 1 1 0 0 1 2 1 1 4 3 1 1 1 1 0\
 1 0 1 2 0 3 1 0 0 0 0 0 1 2 0 0 1 0 2 4 0 0 0 1 0 2 0 0 0 0 2 0\
 0 0 0 1 1 0 1 0 0 2 0 1 1 0 0 0 2 2 0 0 4 0 0 0 0 2 1 0 0 2 1 0\
 0 0 0 1 1 0 1 1 0 0 0 0 0 0 1 0 0 1 1 0 0 2 0 1 0 0 4 1 0 0 3 0\
 2 1 0 1 1 1 1 0 0 1 0 2 0 0 1 1 0 0 0 2 1 0 0 0 1 3 0 1 1 1 1 2\
 6 2 1 3 3 0 2 3 1 1 3 0 5 1 5 1 2 1 3 0 1 5 1 1 3 4 5 3 3 0 1 4\
 1 2 3 3 2 0 2 0 1 3 7 2 1 3 2 4 4 1 1 3 3 3 1 0 1 4 0 3 8 6 6 4\
 3 4 5 5 6 5 3 9 1 1 5 6 5 2 4 4 3 6 6 2 6 8 5 4 3 3 8 8 3 4 3 3\
 5 6 3 4 5 4 9 10 3 9 10 7 7 10 6 5 9 8 4 5 4 12 12 11 7 6 7 9 6 11 12 8\
 14 11 17 11 16 8 31 10 17 12 20 16 22 15 15 20 29 28 34 17 29 30 32 45 37 35 41 43 71 52 59 52\
 66 76 71 88 89 83 104 97 107 108 108 113 112 137 159 157 148 155 161 153 151 187 172 185 187 202 183 213 198 217 213 227\
 241 204 202 233 192 217 224 214 218 209 193 206 215 208 194 230 201 226 195 210 216 176 209 200 218 228 215 220 239 223 216 201\
 181 193 206 217 208 199 200 200 153 179 178 176 169 153 146 154 136 125 111 71 88 72 83 52 53 52 47 30 33 33 26 27\
 19 14 11 17 7 9 7 9 7 6 4 7 1 2 3 2 0 0 0 3 0 0 1 0 0 0 1 0 0 0 0 0\
 0 0 0 0 0 0 0 0 0 0 0 0 0 0 0 0 0 0 0 0 0 0 0 0 0 0 0 0 0 0 0 0\
 0 0 0 0 0 0 0 0 0 0 0 0 0 0 0 0 0 0 0 0 0 0 0 0 0 0 0 0 0 0 0 0


#S 6 mca_save_point Point:5 Scan:334 Datafile:20151023
#D Tue Oct 27 07:32:45 2015
#U Epics mca: dp_vortex_xrd45:mca1
#T 120  (Seconds)
#Q 0 -1.83161e-08 0.0209887
#Energy 10
#Monc 2142232 28029222
#@MCA %32C
#@CHANN 1000 0 999 1
#@CTIME 120 120 118.698
#@CALIB -17.487 5.2147 0
#N 1
#L Epics MCA
@A 0 0 0 0 0 0 0 0 0 0 0 0 0 0 0 0 0 0 0 0 0 0 0 0 0 0 0 0 0 0 0 0\
 0 0 0 0 0 0 0 0 0 0 0 0 0 0 0 0 0 0 0 0 0 0 0 0 0 0 0 0 0 0 0 0\
 0 0 0 0 0 0 0 0 0 0 0 0 0 0 0 0 0 0 0 0 0 0 0 0 0 0 0 0 0 0 0 0\
 0 0 0 0 0 0 0 0 0 0 0 0 0 0 0 0 0 0 0 0 0 0 0 0 0 0 0 0 0 0 0 0\
 0 0 0 0 0 0 0 0 0 0 0 0 0 0 0 0 0 0 0 0 0 0 0 0 0 0 0 0 0 0 0 0\
 0 0 0 0 0 0 0 0 0 0 0 0 1 0 1 0 0 0 0 0 0 0 2 0 1 0 0 0 0 1 1 0\
 0 1 1 0 1 1 0 0 0 1 0 0 1 0 2 0 1 1 1 1 1 0 0 0 1 0 0 0 0 1 2 0\
 1 0 0 0 1 2 1 1 0 0 0 0 1 1 0 1 0 0 0 1 0 0 1 0 1 1 0 0 0 2 0 0\
 0 0 0 0 2 2 0 0 0 0 1 1 0 2 0 1 0 1 0 1 0 1 1 1 0 0 1 1 0 0 0 2\
 0 0 0 0 0 0 0 0 1 0 0 0 2 1 0 1 1 1 1 0 0 0 1 0 0 0 0 0 0 1 0 0\
 0 0 0 1 0 1 0 0 0 1 0 0 0 0 1 0 0 0 2 0 1 0 0 0 2 0 0 1 2 1 0 0\
 1 0 0 0 0 0 0 0 1 0 0 1 1 0 0 0 0 0 0 2 1 1 0 0 1 1 1 0 2 0 0 0\
 0 0 0 1 0 1 0 0 0 0 0 0 0 0 0 1 1 0 0 0 0 1 1 1 0 1 0 0 1 1 0 0\
 0 1 0 0 0 0 0 0 0 0 0 0 4 0 0 0 0 0 0 1 0 0 0 0 1 1 0 0 0 0 0 0\
 0 0 0 1 0 0 0 1 0 0 0 0 0 0 0 0 0 0 1 0 1 0 0 0 0 0 0 0 1 0 0 0\
 0 0 1 1 0 0 0 0 0 0 0 1 0 1 0 0 0 0 0 2 0 1 0 2 0 0 1 1 1 1 0 0\
 1 0 0 3 0 1 1 0 1 0 0 1 0 0 0 1 0 0 0 0 0 0 1 0 0 0 0 0 0 0 0 0\
 1 1 1 0 0 0 1 1 1 0 1 1 1 0 0 1 1 1 0 1 2 1 1 0 0 2 3 3 2 3 2 2\
 1 2 3 0 1 0 3 0 0 0 3 0 0 1 0 0 1 1 1 0 0 0 0 0 0 0 0 0 1 0 0 0\
 0 0 0 1 0 0 0 0 0 1 0 0 1 0 0 1 0 0 0 0 0 0 0 1 1 0 0 1 0 0 1 0\
 0 0 1 0 1 1 0 0 0 1 0 0 1 0 0 0 0 0 1 0 0 0 0 1 0 0 0 0 0 0 0 1\
 2 0 0 0 0 0 1 0 0 0 0 0 0 1 0 0 1 0 2 0 0 2 1 1 0 2 3 3 1 6 5 6\
 1 7 5 9 14 6 6 2 7 6 12 8 11 2 6 3 5 6 10 10 8 7 5 5 2 5 0 0 0 2 1 2\
 1 1 0 1 0 0 0 0 1 0 0 0 0 0 0 1 0 0 0 0 1 0 0 2 2 3 0 0 3 0 1 1\
 1 2 2 1 0 0 2 2 0 1 3 0 0 4 3 1 1 3 0 2 3 4 0 0 0 2 0 1 1 0 1 2\
 0 0 0 1 0 0 0 0 0 1 0 0 0 0 1 1 0 0 0 0 0 0 0 0 1 1 1 1 1 0 0 0\
 0 0 0 0 0 1 0 0 0 0 0 0 0 0 0 0 0 0 0 0 0 0 0 0 0 0 0 1 0 1 0 0\
 0 0 0 0 0 0 0 0 0 0 1 0 0 0 1 1 0 0 0 0 1 0 0 1 0 1 0 1 1 0 0 0\
 0 0 1 0 0 0 0 0 0 0 0 1 0 0 1 1 0 0 0 0 0 0 0 0 0 0 0 0 0 0 0 1\
 0 0 0 0 0 0 0 0 0 0 0 0 0 0 0 0 0 0 0 1 0 0 0 0 0 1 0 0 1 2 0 0\
 0 0 0 0 0 0 0 0 0 0 0 1 1 1 0 0 0 0 0 0 0 2 1 0 0 0 1 0 1 0 1 0\
 1 0 0 0 0 0 0 0 0 0 0 0 0 0 0 0 0 0 1 0 0 0 0 0 0 0 0 0 1 0 1 0\
 0 0 0 0 0 0 0 0 0 0 0 0 0 0 0 2 0 0 0 0 1 0 0 1 0 0 0 0 0 2 0 0\
 0 0 0 0 1 0 0 0 0 0 0 0 0 0 0 0 0 0 0 0 0 0 1 0 0 1 0 0 1 1 0 0\
 1 1 0 0 1 0 0 0 1 0 0 0 0 0 0 0 1 1 0 0 0 1 0 0 1 0 0 0 0 1 0 0\
 0 2 0 0 0 0 0 1 0 0 1 0 0 0 0 0 1 0 0 0 0 0 1 0 1 0 0 0 0 0 0 0\
 0 0 1 0 1 0 0 1 0 0 0 1 0 0 0 0 0 0 1 0 1 0 1 0 0 0 0 1 0 0 1 1\
 0 0 0 0 0 1 1 0 1 1 0 2 1 0 0 0 0 0 0 0 0 0 1 0 0 0 0 1 0 1 0 0\
 0 1 1 0 1 1 1 1 1 0 1 0 0 0 0 0 1 0 0 0 1 0 1 1 0 0 0 0 0 1 0 2\
 0 0 1 0 0 0 0 2 0 0 1 0 0 1 0 0 0 1 1 1 0 0 1 1 0 0 1 0 0 0 0 0\
 0 1 1 0 0 0 0 0 0 2 0 0 1 0 0 0 0 0 0 0 0 2 0 0 0 0 0 0 0 0 0 0\
 0 0 0 0 0 1 0 0 0 0 0 1 0 0 1 0 0 0 0 1 0 0 1 0 1 1 0 0 0 1 0 0\
 1 0 0 0 1 1 0 0 0 0 1 0 1 0 0 0 0 0 0 0 0 0 0 0 0 0 0 0 0 0 2 0\
 0 0 1 1 0 1 0 0 0 0 1 0 0 1 1 1 0 1 1 1 0 0 0 1 0 0 0 0 1 0 0 1\
 0 0 1 0 0 0 0 0 0 0 0 1 0 0 1 0 1 0 0 0 1 0 1 0 0 0 0 0 0 1 2 0\
 0 0 1 0 0 1 0 0 0 0 0 0 0 1 2 0 0 0 0 0 0 0 0 1 0 0 0 0 0 1 1 0\
 1 1 0 2 1 0 0 1 1 0 1 0 0 1 0 1 0 0 0 2 0 1 0 0 0 0 0 0 0 1 0 0\
 0 1 1 0 1 0 0 0 0 0 0 0 0 0 0 2 0 0 0 1 1 1 2 1 0 1 0 0 0 1 0 3\
 4 2 1 2 2 2 1 1 1 2 0 3 2 2 0 1 2 3 1 3 3 2 2 2 5 0 3 1 0 2 3 1\
 1 0 0 1 0 1 1 0 0 0 0 1 2 1 0 1 0 1 2 2 0 1 0 1 1 2 0 1 2 2 4 0\
 0 0 0 0 0 0 0 1 1 0 0 2 3 3 0 0 2 2 0 1 1 0 0 0 1 1 0 1 1 1 1 0\
 2 0 0 0 0 1 1 1 2 0 1 1 1 0 1 1 3 0 0 1 1 0 0 0 0 0 0 0 4 1 0 0\
 0 0 0 0 1 1 1 1 3 0 1 4 1 3 1 0 0 2 3 1 2 1 1 1 1 2 3 2 0 4 0 1\
 1 1 0 3 0 1 0 4 3 3 0 2 2 3 2 3 2 4 1 2 0 2 2 1 2 4 5 1 3 9 2 1\
 2 2 4 1 2 3 1 0 3 3 2 1 3 5 2 3 1 1 4 4 1 5 2 1 4 2 1 2 4 2 3 2\
 2 4 5 2 3 6 3 3 4 3 1 6 9 5 2 4 2 5 3 4 3 3 5 2 9 2 6 10 9 3 5 10\
 6 10 5 6 6 10 2 4 5 6 11 9 11 8 12 12 8 9 17 9 8 6 8 10 15 10 12 16 16 11 8 8\
 13 10 13 14 13 17 10 18 25 24 21 20 17 17 28 33 23 28 24 19 30 35 41 39 44 48 51 52 57 62 67 81\
 67 64 77 93 92 97 102 96 137 124 157 147 136 149 143 143 173 193 173 178 170 200 213 193 199 220 227 208 213 243 239 224\
 254 245 207 225 265 236 256 244 225 221 233 244 210 245 220 215 219 217 214 262 257 236 237 227 231 229 246 247 230 262 214 234\
 257 242 238 259 231 234 211 227 251 203 215 177 182 188 181 139 139 152 138 111 94 90 106 91 63 56 60 50 37 32 28 31\
 19 13 13 15 21 6 8 6 5 6 5 3 2 3 1 0 5 1 1 0 1 0 1 0 0 0 0 0 0 0 0 0\
 0 0 0 0 0 0 0 0 0 0 0 0 0 0 0 0 0 0 0 0 0 0 0 0 0 0 0 0 0 0 0 0\
 0 0 0 0 0 0 0 0 0 0 0 0 0 0 0 0 0 0 0 0 0 0 0 0 0 0 0 0 0 0 0 0


#S 7 mca_save_point Point:6 Scan:334 Datafile:20151023
#D Tue Oct 27 07:34:54 2015
#U Epics mca: dp_vortex_xrd45:mca1
#T 120  (Seconds)
#Q 0 9.59993e-09 0.0220014
#Energy 10
#Monc 2114968 28028654
#@MCA %32C
#@CHANN 1000 0 999 1
#@CTIME 120 120 118.498
#@CALIB -17.487 5.2147 0
#N 1
#L Epics MCA
@A 0 0 0 0 0 0 0 0 0 0 0 0 0 0 0 0 0 0 0 0 0 0 0 0 0 0 0 0 0 0 0 0\
 0 0 0 0 0 0 0 0 0 0 0 0 0 0 0 0 0 0 0 0 0 0 0 0 0 0 0 0 0 0 0 0\
 0 0 0 0 0 0 0 0 0 0 0 0 0 0 0 0 0 0 0 0 0 0 0 0 0 0 0 0 0 0 0 0\
 0 0 0 0 0 0 0 0 0 0 0 0 0 0 0 0 0 0 0 0 0 0 0 0 0 0 0 0 0 0 0 0\
 0 0 0 0 0 0 0 0 0 0 0 0 0 0 0 0 0 0 0 0 0 0 0 0 0 0 0 0 0 0 0 0\
 0 0 0 0 0 0 0 0 0 1 0 0 0 0 0 0 3 0 0 0 1 2 2 0 0 1 0 1 2 1 0 2\
 0 0 1 0 0 1 0 0 0 0 1 0 0 1 0 1 0 1 0 0 0 0 0 1 0 0 0 0 1 1 1 0\
 2 1 0 1 1 1 1 0 1 0 1 1 1 0 0 0 0 1 1 0 0 0 0 0 0 1 1 0 0 0 0 1\
 0 1 0 1 1 0 0 0 0 0 0 0 1 0 0 0 3 1 2 0 0 0 0 1 0 0 0 0 1 1 0 0\
 0 1 0 0 1 0 0 2 0 0 0 0 0 0 0 1 0 0 0 1 1 0 1 0 0 0 0 0 0 1 0 1\
 0 0 0 0 1 1 0 0 0 1 0 0 0 0 0 2 1 1 1 0 0 0 1 1 0 1 0 1 2 0 0 1\
 0 0 0 0 0 0 1 0 1 2 0 0 2 1 3 0 0 0 0 1 0 0 1 0 0 0 2 0 1 0 1 0\
 0 0 1 0 0 0 0 0 0 0 1 0 2 0 1 0 0 0 0 0 0 0 1 0 0 0 0 1 0 1 1 1\
 1 0 1 1 4 0 0 0 5 0 2 0 0 0 0 1 0 0 2 0 0 0 1 0 0 0 0 1 0 0 0 0\
 1 1 0 0 0 0 0 0 0 2 1 0 0 1 0 1 0 1 0 0 1 0 0 1 1 1 0 1 1 0 0 1\
 0 0 1 0 0 1 0 0 0 0 1 0 0 1 0 0 0 0 1 1 1 0 2 0 0 1 1 0 0 0 2 1\
 1 0 1 2 1 1 0 2 0 0 1 1 0 0 0 0 1 0 0 1 0 0 0 0 1 0 0 1 1 1 1 1\
 0 0 1 3 2 0 1 3 1 0 0 1 0 2 0 1 0 0 1 1 1 1 0 2 1 2 0 1 1 1 2 0\
 0 0 4 1 3 1 0 0 1 2 0 1 0 2 0 0 1 0 0 0 0 0 0 0 1 0 0 2 1 1 0 0\
 1 0 0 0 1 0 0 2 0 1 0 0 1 2 1 1 0 0 0 2 0 1 1 0 1 0 2 1 0 0 0 0\
 0 1 0 1 0 0 0 0 3 0 0 1 2 2 0 0 0 0 0 0 1 1 0 1 0 0 0 0 1 1 0 0\
 1 1 1 0 0 1 0 0 0 1 0 2 0 2 2 0 0 0 2 0 1 1 0 2 2 4 6 2 4 3 2 4\
 5 7 8 12 7 8 16 14 18 10 13 7 19 10 12 12 8 8 8 8 7 7 6 5 3 6 3 6 4 2 0 1\
 1 0 1 3 1 0 0 2 0 1 0 1 0 1 0 1 0 1 2 3 0 0 0 2 0 0 3 1 2 0 2 2\
 3 0 1 1 1 0 3 0 2 1 4 1 1 1 1 3 2 2 1 2 4 0 0 0 0 0 1 0 1 0 0 0\
 0 0 0 0 0 0 0 0 2 0 1 0 0 0 0 1 0 1 1 0 0 0 0 0 0 1 0 0 0 0 0 0\
 0 0 0 0 1 1 1 0 1 0 0 0 0 0 0 0 0 0 0 0 0 0 0 0 0 1 0 1 1 0 1 1\
 0 0 0 0 0 1 0 1 0 0 2 0 0 0 0 1 0 0 0 0 0 0 0 0 0 0 0 0 1 0 0 0\
 0 0 0 1 0 0 1 0 0 0 0 0 0 1 2 0 0 0 0 1 0 0 0 1 0 2 0 3 0 0 0 0\
 1 1 1 0 0 0 1 0 0 0 0 0 0 0 1 0 0 1 0 0 0 0 0 0 0 1 1 0 0 1 1 0\
 0 0 1 0 0 0 1 0 1 2 0 2 1 3 1 0 0 0 0 0 0 0 1 0 0 0 0 0 0 0 0 0\
 1 0 0 0 0 2 0 1 0 1 1 0 0 1 0 0 0 0 0 1 0 1 1 0 0 0 0 0 1 1 0 1\
 0 1 0 0 0 0 0 1 0 0 1 1 0 1 0 0 0 0 0 0 0 2 0 0 0 1 0 0 0 0 2 0\
 1 0 0 0 0 0 0 0 2 0 0 0 0 1 0 1 0 0 0 1 0 0 0 0 1 0 0 1 0 0 1 0\
 0 0 2 0 1 0 1 0 0 0 0 0 2 1 0 0 0 0 0 0 0 0 0 0 2 0 0 0 0 1 1 0\
 0 0 0 0 0 0 0 1 0 0 2 0 0 1 0 0 1 1 0 0 1 0 0 0 0 0 0 0 1 1 0 1\
 0 0 0 1 0 0 0 1 0 0 0 0 0 0 0 0 0 0 1 0 0 0 0 0 1 0 0 1 1 1 0 0\
 0 0 1 1 0 0 0 0 1 0 0 0 0 0 0 1 1 1 0 0 0 1 1 0 0 0 1 0 0 0 0 2\
 2 0 0 0 0 0 0 0 1 1 0 1 0 0 0 0 1 0 0 1 0 0 2 0 0 0 0 0 1 0 0 0\
 0 0 1 1 0 0 0 0 2 0 0 1 1 0 1 0 0 0 1 0 0 0 0 0 1 1 0 0 0 0 1 0\
 1 2 0 1 1 0 0 0 0 0 3 0 1 0 1 0 0 1 1 0 0 0 1 0 2 1 0 1 1 2 3 1\
 0 0 0 0 0 0 1 0 0 0 1 0 0 0 1 0 0 2 1 0 0 1 1 0 0 0 1 0 1 1 0 0\
 0 0 1 0 1 1 2 0 0 0 1 0 0 0 0 3 1 0 1 0 3 0 0 0 0 1 1 0 0 0 1 1\
 0 1 0 0 1 0 0 0 2 0 1 0 1 0 0 0 0 0 0 0 0 0 0 0 0 1 0 1 0 0 0 0\
 0 1 0 1 2 2 0 1 0 0 2 1 0 0 0 1 0 0 0 0 0 0 0 0 0 0 2 0 0 1 0 1\
 1 0 1 0 0 1 0 0 0 1 0 0 1 0 0 0 0 1 2 1 0 0 2 0 0 0 0 1 3 0 2 0\
 0 0 0 0 2 0 1 0 3 0 1 0 0 0 1 2 0 3 1 0 0 0 0 0 0 0 1 1 0 0 0 1\
 0 0 0 0 1 0 1 1 1 0 0 1 1 0 1 1 0 0 1 0 0 2 1 1 0 1 2 0 1 4 2 2\
 2 4 2 3 2 0 2 1 4 4 2 1 4 2 2 3 1 3 3 2 1 1 1 6 1 3 3 2 1 1 2 0\
 3 2 0 2 2 2 1 0 3 0 1 2 2 1 2 2 1 2 0 1 1 0 0 1 1 1 2 0 1 1 1 0\
 1 1 0 1 1 1 1 0 1 0 1 0 2 1 1 2 0 1 0 1 3 0 1 2 0 1 1 0 0 0 1 2\
 1 1 2 2 0 2 1 0 0 0 0 0 1 0 1 1 0 2 0 1 1 4 0 1 2 1 1 0 3 2 1 0\
 1 0 3 1 0 1 1 3 2 0 3 2 1 1 1 1 1 1 1 1 6 3 2 2 3 1 1 3 1 2 5 1\
 2 0 3 2 1 2 1 1 2 2 1 3 5 4 2 4 3 2 0 2 3 1 2 1 4 5 0 5 2 5 3 5\
 1 5 0 5 1 3 4 10 4 4 2 5 7 5 3 6 6 0 5 3 3 6 2 4 3 5 8 5 3 4 1 6\
 4 6 7 3 5 2 4 7 6 6 6 6 4 4 7 6 4 9 8 5 9 5 6 6 7 8 8 8 11 10 6 9\
 10 8 9 10 10 9 8 8 11 8 9 6 11 12 6 17 8 13 19 13 14 15 19 12 10 12 13 11 8 13 9 16\
 15 15 12 10 20 25 17 11 23 20 14 24 24 19 28 36 22 37 40 44 39 43 60 58 44 68 58 75 72 78 54 78\
 81 85 112 109 117 116 113 128 150 152 145 170 181 199 205 184 187 216 212 212 266 259 248 265 268 269 246 291 306 292 295 285\
 293 287 285 327 287 305 292 300 278 299 317 315 301 296 301 304 294 305 271 303 297 274 296 310 320 302 303 325 318 301 327 319\
 286 325 334 300 344 264 323 267 287 273 254 232 237 210 222 192 186 180 172 139 130 106 119 110 89 66 62 61 53 60 34 40\
 39 26 20 16 14 20 12 4 12 7 6 6 5 1 2 1 1 1 3 0 2 0 1 0 1 1 0 0 0 0 0 1\
 0 0 0 0 0 0 0 0 0 0 0 0 0 0 0 0 0 0 0 0 0 0 0 0 0 0 0 0 0 0 0 0\
 0 0 0 0 0 0 0 0 0 0 0 0 0 0 0 0 0 0 0 0 0 0 0 0 0 0 0 0 0 0 0 0


#S 8 mca_save_point Point:7 Scan:334 Datafile:20151023
#D Tue Oct 27 07:37:03 2015
#U Epics mca: dp_vortex_xrd45:mca1
#T 120  (Seconds)
#Q 0 0 0.0229965
#Energy 10
#Monc 2117163 27992883
#@MCA %32C
#@CHANN 1000 0 999 1
#@CTIME 120 120 109.931
#@CALIB -17.487 5.2147 0
#N 1
#L Epics MCA
@A 0 0 0 0 0 0 0 0 0 0 0 0 0 0 0 0 0 0 0 0 0 0 0 0 0 0 0 0 0 0 0 0\
 0 0 0 0 0 0 0 0 0 0 0 0 0 0 0 0 0 0 0 0 0 0 0 0 0 0 0 0 0 0 0 0\
 0 0 0 0 0 0 0 0 0 0 0 0 0 0 0 0 0 0 0 0 0 0 0 0 0 0 0 0 0 0 0 0\
 0 0 0 0 0 0 0 0 0 0 0 0 0 0 0 0 0 0 0 0 0 0 0 0 0 0 0 0 0 0 0 0\
 0 0 0 0 0 0 0 0 0 0 0 0 0 0 0 0 0 0 0 0 0 0 0 0 0 0 0 0 0 0 1 0\
 0 0 0 1 1 1 0 0 3 0 1 1 7 2 3 4 6 3 6 8 7 5 10 6 5 6 3 9 7 8 5 10\
 9 7 2 9 7 5 6 5 3 6 3 6 8 7 9 9 5 4 11 9 8 9 9 6 9 7 7 10 9 5 5 4\
 7 9 7 8 3 6 6 6 8 11 8 9 4 7 9 8 2 8 7 7 3 4 5 9 7 8 4 8 3 9 6 6\
 6 6 8 3 7 9 6 4 10 3 5 4 7 11 4 6 6 8 12 2 5 5 9 5 3 3 6 5 6 13 9 11\
 7 5 6 5 5 7 4 7 2 5 6 5 6 9 4 5 3 5 6 4 4 11 7 5 4 6 4 5 1 7 3 4\
 5 9 4 7 6 7 6 5 5 5 5 6 6 6 6 10 6 7 6 6 5 7 5 5 4 8 5 2 6 7 6 5\
 4 2 8 2 4 2 2 5 8 9 2 6 6 3 4 6 8 4 6 5 3 3 6 8 7 10 9 6 6 6 7 7\
 6 7 3 5 5 6 7 4 4 6 4 10 11 6 2 4 2 7 1 6 6 4 10 6 6 8 3 4 5 6 5 5\
 5 7 4 5 3 3 5 5 3 6 7 1 6 8 2 9 6 7 4 8 8 4 5 5 4 6 5 7 4 1 5 3\
 9 3 5 6 1 2 2 4 4 5 5 8 6 5 4 4 7 4 3 2 1 8 3 3 11 4 9 2 3 8 3 9\
 8 6 4 6 7 8 3 5 5 8 10 7 1 11 14 5 11 7 14 11 8 10 12 23 14 13 17 20 22 13 16 13\
 19 14 16 16 12 12 9 10 9 4 8 6 12 13 6 7 4 7 4 4 5 6 8 8 1 4 4 8 9 6 8 4\
 6 4 8 6 4 10 7 4 7 7 7 5 7 4 6 4 4 2 4 6 9 6 3 6 4 5 6 2 2 5 4 6\
 7 4 6 8 5 3 7 4 4 7 4 7 2 7 2 2 9 5 5 3 5 6 5 7 6 1 2 4 8 4 4 4\
 10 8 3 7 4 2 7 8 6 0 5 2 4 3 6 11 3 3 4 5 7 1 3 9 8 9 6 5 5 2 4 1\
 4 5 5 2 6 2 3 5 4 5 2 6 7 9 5 4 4 4 2 7 10 6 5 2 5 6 5 6 5 6 3 7\
 3 8 2 5 5 4 1 7 8 8 7 10 8 9 8 11 6 13 16 19 16 19 27 31 29 48 53 69 62 85 79 84\
 102 128 136 144 142 142 152 191 198 195 181 180 184 164 166 153 146 116 118 103 109 95 94 78 56 53 49 29 30 27 22 14\
 22 10 8 9 8 10 4 6 7 4 6 4 11 3 5 6 12 10 7 14 19 11 18 7 13 14 17 25 16 23 23 23\
 31 28 32 29 46 22 39 30 34 46 27 32 35 35 30 26 29 22 18 20 16 28 17 11 17 6 8 13 6 10 2 4\
 11 8 4 2 4 5 9 4 5 2 1 4 5 6 1 3 4 1 2 2 5 3 6 4 3 5 4 4 8 7 5 2\
 2 6 1 2 6 6 4 7 5 8 4 6 4 4 8 6 3 3 2 5 5 4 2 6 11 2 2 10 7 2 3 5\
 2 4 1 5 7 5 2 4 3 2 3 1 4 7 2 3 7 7 5 7 2 2 3 4 4 4 7 2 3 7 1 3\
 5 6 5 7 4 0 1 6 2 3 2 0 3 2 4 3 2 7 2 6 3 6 6 4 2 2 3 9 1 6 7 7\
 5 4 3 4 3 5 7 3 5 3 3 6 9 4 6 7 6 2 4 4 8 5 2 8 4 3 4 4 1 2 7 6\
 4 6 4 12 5 5 5 5 6 2 4 7 6 3 3 2 3 3 2 3 6 2 6 5 5 2 2 6 3 1 4 5\
 3 5 7 5 4 2 4 6 6 3 3 4 2 1 6 3 6 2 4 4 7 4 4 3 6 1 1 7 5 6 6 3\
 4 3 3 6 0 5 4 8 4 0 3 5 6 5 1 6 5 2 4 3 6 2 2 7 6 2 3 3 4 6 4 4\
 2 6 1 3 4 3 2 2 2 4 5 6 7 3 2 6 4 7 4 4 5 8 5 4 3 6 6 1 5 4 4 2\
 8 5 4 1 3 5 6 3 5 9 8 5 1 5 4 2 5 7 2 4 3 6 9 5 3 2 6 3 5 3 0 4\
 2 5 3 6 5 4 2 11 5 5 8 2 5 5 9 5 8 3 5 5 7 4 5 10 1 3 9 8 4 8 4 3\
 9 1 2 2 5 6 5 8 3 5 3 3 6 2 4 4 4 5 1 4 4 1 6 3 7 1 3 7 2 6 4 3\
 4 5 2 4 4 6 4 0 4 4 6 6 7 2 2 2 6 4 2 3 3 2 2 7 7 5 5 7 10 10 6 4\
 4 3 3 4 3 9 5 7 4 9 2 10 5 5 7 5 6 10 9 8 5 10 8 7 5 5 6 10 5 3 6 7\
 5 1 3 4 10 8 5 7 2 7 6 3 4 6 2 4 7 3 9 1 0 4 3 2 4 4 8 4 2 8 3 4\
 5 4 3 10 1 6 3 4 6 5 4 6 10 2 3 6 8 3 4 4 3 2 4 8 8 2 3 5 3 2 8 6\
 4 7 5 3 4 14 3 4 9 3 6 2 5 10 8 3 4 5 4 2 3 5 4 7 8 5 4 4 9 5 2 2\
 2 1 3 3 4 4 4 9 5 9 6 7 6 8 5 8 5 4 4 2 7 5 5 5 5 2 5 6 4 1 6 9\
 6 2 5 3 4 5 5 8 6 5 2 10 3 5 9 7 1 8 4 5 4 7 4 4 4 2 6 4 9 5 8 6\
 7 1 8 5 3 5 3 6 6 6 6 10 4 7 2 3 9 10 5 7 4 7 10 5 8 5 4 4 8 3 5 8\
 6 6 6 11 7 3 5 6 7 6 3 3 9 2 13 9 10 7 4 4 5 5 9 7 7 9 5 10 7 8 6 3\
 8 6 4 5 6 6 5 9 7 3 5 3 8 12 9 3 6 3 4 5 2 7 12 6 6 7 7 10 4 6 10 6\
 5 10 10 10 7 6 10 8 7 7 7 9 10 8 11 14 14 9 8 13 22 12 8 12 17 23 22 32 18 20 25 24\
 22 25 24 32 24 26 37 34 34 51 41 31 29 33 37 37 23 36 39 28 34 37 34 31 29 26 28 23 26 22 23 21\
 18 17 13 19 10 11 19 16 19 14 13 16 10 13 14 13 13 18 11 16 11 17 17 20 9 13 8 22 18 12 12 20\
 8 17 10 8 17 12 13 16 12 15 12 13 10 12 17 10 13 9 9 13 11 8 12 8 15 17 17 20 13 12 15 12\
 13 13 18 10 18 11 16 12 17 11 19 21 16 9 14 20 9 17 21 18 18 12 13 16 14 19 18 22 20 14 18 11\
 14 20 22 13 20 21 15 24 20 25 16 14 28 25 24 16 33 18 28 24 32 28 25 30 29 26 23 20 30 35 29 24\
 24 30 29 43 32 25 32 28 37 40 33 31 22 39 36 28 35 34 36 46 39 33 38 43 47 37 36 49 29 39 41 37\
 28 41 43 34 54 41 33 39 58 44 55 46 47 55 52 61 46 51 59 50 49 65 68 57 57 44 58 64 65 51 84 59\
 52 69 79 80 73 67 69 61 90 76 90 87 105 80 84 90 89 87 95 104 100 108 88 102 114 111 113 101 121 120 127 102\
 114 139 136 155 146 122 138 133 151 140 135 147 144 138 141 157 169 133 169 164 179 178 177 178 165 187 163 201 192 181 215 192\
 189 220 213 250 252 250 244 257 269 286 283 327 349 340 340 388 431 465 461 481 515 587 621 685 707 753 828 868 876 1011 1035 1174\
 1224 1270 1312 1471 1498 1664 1758 1816 1888 2001 2084 2199 2320 2412 2554 2581 2690 2734 2841 2967 3025 3068 3181 3246 3245 3328 3405 3417 3533 3539 3565 3608\
 3589 3522 3611 3673 3611 3797 3621 3585 3575 3635 3684 3643 3694 3683 3775 3786 3734 3750 3839 3997 3939 4032 4116 3995 4195 4127 4248 4224 4326 4350 4511 4441\
 4397 4403 4335 4310 4281 4209 3927 3961 3824 3710 3480 3351 3106 2999 2772 2704 2459 2246 2118 1892 1840 1599 1408 1360 1120 1095 943 812 697 630 527 478\
 408 322 309 244 204 136 116 92 110 67 68 57 38 37 27 22 14 9 12 10 6 1 5 5 0 0 2 2 1 2 2 1\
 3 1 0 1 1 1 1 1 0 0 0 0 0 0 0 0 2 0 1 1 0 0 0 1 0 0 0 1 0 0 0 0\
 0 0 0 1 0 0 0 0 0 0 0 0 0 0 1 0 0 0 0 0 0 0 0 1 0 0 1 0 0 0 0 2


#S 9 mca_save_point Point:8 Scan:334 Datafile:20151023
#D Tue Oct 27 07:39:12 2015
#U Epics mca: dp_vortex_xrd45:mca1
#T 120  (Seconds)
#Q 0 -5.23027e-08 0.0239738
#Energy 10
#Monc 2119449 27969159
#@MCA %32C
#@CHANN 1000 0 999 1
#@CTIME 120 120 94.6797
#@CALIB -17.487 5.2147 0
#N 1
#L Epics MCA
@A 0 0 0 0 0 0 0 0 0 0 0 0 0 0 0 0 0 0 0 0 0 0 0 0 0 0 0 0 0 0 0 0\
 0 0 0 0 0 0 0 0 0 0 0 0 0 0 0 0 0 0 0 0 0 0 0 0 0 0 0 0 0 0 0 0\
 0 0 0 0 0 0 0 0 0 0 0 0 0 0 0 0 0 0 0 0 0 0 0 0 0 0 0 0 0 0 0 0\
 0 0 0 0 0 0 0 0 0 0 0 0 0 0 0 0 0 0 0 0 0 0 0 0 0 0 0 0 0 0 0 0\
 0 0 0 0 0 0 0 0 0 0 0 0 0 0 0 0 0 0 0 0 0 0 0 0 0 0 0 0 1 0 0 1\
 0 1 0 3 1 2 5 6 5 9 5 8 6 8 8 12 16 9 15 16 17 13 9 13 20 14 26 12 20 23 13 22\
 17 16 17 22 14 15 14 23 14 17 18 15 12 13 11 11 15 24 9 20 17 17 19 17 24 26 18 17 19 14 20 24\
 15 17 15 20 22 21 14 18 13 12 21 17 20 20 13 19 17 19 14 11 17 18 18 9 12 16 22 22 13 19 19 15\
 17 20 16 20 11 17 14 17 19 11 13 16 15 25 12 10 15 21 21 15 13 12 13 16 18 9 12 18 13 22 17 16\
 16 20 14 13 20 19 16 6 13 20 16 19 12 14 15 10 15 13 12 17 9 12 15 13 14 10 16 15 17 12 10 15\
 7 11 16 20 11 19 20 10 20 12 11 17 15 14 15 14 15 13 16 7 17 15 14 18 21 14 12 17 14 16 12 12\
 13 16 14 9 16 18 15 9 15 19 21 11 16 15 20 20 19 12 10 11 18 23 19 19 22 20 24 17 23 19 24 17\
 15 17 18 18 15 22 20 18 10 14 13 16 11 13 17 13 23 8 23 12 13 18 10 15 18 19 11 11 18 11 4 8\
 18 12 15 11 13 13 17 8 18 14 15 11 15 17 16 14 11 24 17 10 18 18 15 16 10 22 18 11 7 16 11 11\
 10 18 17 13 16 10 14 12 20 18 14 16 18 17 8 17 24 12 11 15 10 16 12 12 18 14 13 15 15 15 20 15\
 12 9 14 8 22 13 11 19 15 15 10 22 14 16 19 24 31 27 36 35 34 27 37 44 36 44 42 40 49 47 45 39\
 39 36 38 28 31 28 30 32 26 20 22 23 23 22 17 19 12 16 17 18 23 24 12 18 20 16 21 22 21 12 16 21\
 26 19 19 15 20 17 14 20 11 19 19 25 12 16 12 15 16 12 13 12 20 17 11 10 14 10 14 10 10 13 10 16\
 18 18 12 10 14 11 9 9 15 18 13 16 13 8 8 12 10 20 16 14 9 8 8 16 16 10 12 15 19 16 13 14\
 10 13 14 16 7 9 17 13 13 15 7 11 13 14 15 11 9 8 15 12 12 15 11 13 11 12 13 18 11 13 7 13\
 3 12 21 11 15 6 17 10 8 18 14 11 20 12 14 14 18 21 10 14 17 11 12 17 13 15 23 13 14 21 14 19\
 11 13 13 15 15 14 19 19 25 20 15 15 24 19 27 24 32 33 47 45 55 63 62 97 89 144 202 192 220 223 259 298\
 334 336 369 397 450 433 471 480 470 504 526 476 473 464 413 411 379 364 325 295 275 229 204 152 147 131 109 80 69 56 64 36\
 40 44 33 21 13 20 15 16 27 18 24 13 13 12 20 28 25 20 27 27 37 26 38 35 49 40 42 56 56 64 82 74\
 96 79 85 85 80 94 83 99 87 102 102 86 80 97 79 71 76 58 61 41 57 42 32 34 28 26 28 10 26 15 18 12\
 11 11 24 11 19 13 12 13 9 5 14 8 12 9 14 14 12 10 13 14 12 8 16 12 16 12 12 10 9 11 10 10\
 13 10 15 10 12 15 10 13 13 12 14 12 11 6 15 9 9 11 16 12 10 10 10 12 12 6 15 13 10 6 8 9\
 14 13 11 12 15 16 9 11 9 11 7 10 7 10 13 11 14 16 11 11 14 11 14 8 12 16 11 7 10 15 13 1\
 14 10 11 11 12 5 15 10 10 9 12 8 12 18 13 17 12 7 12 10 9 9 19 8 5 14 19 8 10 18 5 11\
 12 13 7 11 6 14 13 13 12 20 8 8 13 10 11 15 11 13 7 19 7 11 19 9 10 12 8 16 15 15 6 9\
 10 13 12 9 9 11 10 8 13 13 9 15 12 11 17 12 13 15 8 8 12 8 9 9 13 15 11 11 10 13 9 8\
 10 9 15 8 16 18 14 14 9 9 14 13 12 11 16 10 7 7 8 14 8 9 12 11 11 14 6 7 12 9 8 14\
 9 15 7 22 11 20 5 14 17 10 11 13 12 14 15 6 14 11 13 12 11 12 12 17 19 15 7 13 9 12 6 12\
 4 12 10 12 9 3 12 13 8 10 10 15 9 12 16 10 15 15 14 12 14 10 12 11 15 12 14 12 9 12 11 16\
 15 6 11 9 8 10 10 13 9 12 4 10 10 10 12 10 12 10 11 10 10 12 6 14 11 15 12 13 11 10 10 10\
 11 17 13 15 14 15 10 17 14 18 14 18 14 11 11 19 10 12 15 8 13 11 12 15 10 8 11 8 10 10 9 12\
 6 11 8 17 16 10 11 9 10 15 14 10 15 12 11 11 9 8 12 17 11 15 15 9 12 12 10 14 10 5 10 20\
 14 14 4 15 6 8 11 8 11 18 10 8 14 12 19 14 14 12 8 11 13 11 10 6 15 14 8 10 19 13 12 16\
 11 14 15 14 17 12 13 21 14 15 15 11 18 13 21 19 15 17 18 24 18 16 16 13 15 18 16 22 16 15 9 10\
 17 17 14 16 14 15 13 11 14 14 12 14 10 14 12 14 10 12 8 12 9 10 15 10 12 18 20 6 13 8 14 9\
 10 14 12 10 6 8 17 12 9 11 10 10 15 8 11 22 13 9 13 5 7 10 4 8 9 8 10 14 10 7 14 13\
 10 13 7 8 6 18 9 9 10 13 15 8 13 16 10 9 15 11 16 12 14 15 12 19 7 13 14 12 11 9 10 15\
 16 19 18 15 18 11 20 10 14 13 18 14 10 12 13 14 9 13 9 12 19 18 19 17 16 10 10 17 12 9 6 12\
 10 9 15 12 18 20 12 10 18 20 16 17 15 15 19 11 8 12 19 17 13 14 14 12 13 17 12 7 9 13 16 10\
 12 23 14 17 13 16 16 14 15 23 22 26 11 10 13 16 22 15 12 18 11 15 16 9 18 20 19 10 18 11 15 10\
 21 17 17 19 14 15 21 20 10 11 18 19 21 16 16 22 16 13 8 15 16 14 21 12 16 19 21 18 13 14 11 16\
 21 26 16 11 15 10 15 19 21 20 18 17 16 20 23 18 22 21 15 17 16 3 25 30 18 26 23 26 23 19 25 20\
 18 12 21 26 20 18 28 27 19 27 31 33 32 27 20 30 29 32 39 44 45 40 40 50 51 50 48 58 47 66 56 74\
 72 77 75 98 75 89 72 104 88 99 87 108 100 83 84 92 91 92 100 80 86 74 84 68 72 56 78 63 50 46 52 36\
 40 56 48 45 47 39 48 35 36 58 53 33 41 42 37 47 40 36 42 36 35 28 46 48 45 39 26 36 32 32 28 42\
 48 30 47 25 28 39 31 29 28 31 31 41 44 40 39 26 23 42 50 31 37 42 41 43 36 37 39 26 37 30 29 26\
 32 31 30 34 41 48 33 45 43 39 50 28 44 47 40 33 44 35 55 42 56 49 58 44 43 51 53 36 41 54 48 44\
 56 42 44 55 56 52 54 51 59 62 60 56 59 61 60 62 68 63 60 78 72 51 79 68 62 64 69 76 83 75 70 71\
 82 71 72 73 85 106 77 83 77 101 84 98 117 99 94 87 102 108 112 115 101 112 98 107 127 106 120 106 112 111 105 113\
 116 114 108 118 127 124 141 145 134 122 121 136 133 133 141 156 126 139 160 147 153 155 152 165 170 162 166 188 186 191 157 176\
 201 180 188 197 197 215 202 230 223 212 224 212 240 221 243 269 262 252 258 251 267 263 299 309 301 287 291 286 290 296 318 343\
 358 366 361 374 384 371 393 378 416 419 395 401 385 401 432 453 476 452 436 446 438 479 462 488 470 524 488 513 533 483 558 564\
 541 548 578 613 615 646 694 706 757 782 852 852 929 992 1076 1132 1222 1277 1392 1450 1562 1747 1874 1920 2061 2268 2349 2529 2533 2847 3108 3201\
 3407 3672 3872 4107 4338 4587 4852 5167 5519 5621 5971 6187 6466 6760 6949 7318 7472 7690 7861 8154 8400 8783 8760 9044 9205 9294 9239 9464 9548 9715 9639 9687\
 9753 9771 9707 9866 9934 9987 9720 9941 10081 9822 9882 9955 10049 10075 10167 10335 10274 10688 10688 10769 10955 11117 11278 11221 11452 11504 11831 11972 11873 11973 12068 12036\
 12055 11895 11671 11473 11210 10940 10708 10496 9935 9743 9057 8832 8458 7598 7319 6814 6226 5776 5282 4861 4477 3970 3505 3229 2871 2538 2249 1997 1674 1499 1249 1138\
 901 827 702 602 491 372 341 283 229 184 146 129 127 93 71 46 53 39 33 32 28 17 15 14 8 3 10 13 9 6 7 13\
 8 4 11 5 2 2 6 3 6 2 3 5 4 3 4 4 2 3 3 4 4 8 3 4 5 0 2 3 5 6 2 2\
 3 1 2 4 2 1 1 3 1 6 4 0 4 3 2 4 3 1 0 1 1 2 1 1 0 2 4 1 1 3 0 1


#S 10 mca_save_point Point:9 Scan:334 Datafile:20151023
#D Tue Oct 27 07:41:21 2015
#U Epics mca: dp_vortex_xrd45:mca1
#T 120  (Seconds)
#Q 0 2.18203e-08 0.0250042
#Energy 10
#Monc 2117345 27993464
#@MCA %32C
#@CHANN 1000 0 999 1
#@CTIME 120 120 91.2372
#@CALIB -17.487 5.2147 0
#N 1
#L Epics MCA
@A 0 0 0 0 0 0 0 0 0 0 0 0 0 0 0 0 0 0 0 0 0 0 0 0 0 0 0 0 0 0 0 0\
 0 0 0 0 0 0 0 0 0 0 0 0 0 0 0 0 0 0 0 0 0 0 0 0 0 0 0 0 0 0 0 0\
 0 0 0 0 0 0 0 0 0 0 0 0 0 0 0 0 0 0 0 0 0 0 0 0 0 0 0 0 0 0 0 0\
 0 0 0 0 0 0 0 0 0 0 0 0 0 0 0 0 0 0 0 0 0 0 0 0 0 0 0 0 0 0 0 0\
 0 0 0 0 0 0 0 0 0 0 0 0 0 0 0 0 0 0 0 0 1 0 0 0 0 0 0 0 0 0 0 0\
 0 1 1 2 3 1 6 5 7 1 1 6 7 16 9 12 14 16 18 19 13 27 19 22 20 17 22 19 30 25 22 17\
 16 28 18 20 19 16 22 25 14 28 20 25 18 19 20 24 18 20 26 23 27 30 24 20 18 26 19 17 23 19 17 16\
 12 17 28 16 19 14 26 19 17 23 11 25 19 14 14 15 18 19 15 27 23 22 17 19 15 17 17 23 17 15 16 18\
 14 23 25 11 13 16 20 16 17 10 8 15 14 19 18 20 22 15 18 19 7 30 21 19 28 17 15 15 19 19 19 21\
 20 14 18 26 18 12 18 20 19 9 23 15 26 22 17 19 13 13 15 17 15 17 13 17 17 21 17 21 23 15 13 20\
 17 15 22 17 10 16 21 12 14 22 10 20 15 10 21 17 16 16 23 8 20 11 14 20 11 14 17 11 16 17 15 12\
 22 14 17 13 22 16 14 9 23 13 16 29 23 16 27 13 17 23 19 18 22 23 20 24 33 15 15 16 23 19 23 17\
 11 20 14 19 17 11 15 13 18 14 11 15 12 14 7 19 20 11 9 22 19 13 15 21 11 17 10 18 19 16 12 17\
 16 15 18 12 13 14 16 17 13 16 13 21 22 13 19 11 14 13 21 13 11 14 13 21 5 14 15 12 20 14 14 16\
 17 21 15 11 15 14 18 18 10 18 22 15 17 20 16 21 11 16 9 18 13 15 14 19 10 10 9 12 15 14 11 16\
 20 19 18 9 22 11 15 21 18 20 20 16 20 19 22 27 35 27 47 23 48 55 49 43 61 49 55 65 43 49 43 67\
 42 52 56 36 30 34 34 27 21 23 32 30 22 17 20 19 19 12 19 16 13 10 19 26 15 18 24 17 16 26 27 21\
 17 15 17 22 22 25 10 23 24 7 19 15 19 15 21 12 22 21 15 14 16 13 15 20 11 20 17 15 17 10 12 7\
 13 19 14 16 16 16 15 11 18 11 7 20 15 16 12 11 15 13 15 17 14 14 17 15 18 10 13 16 16 6 6 13\
 14 11 16 16 8 14 14 16 9 20 13 12 15 7 10 9 11 16 7 9 14 14 12 15 11 15 13 20 18 15 11 15\
 14 10 12 16 12 13 12 14 12 15 12 13 12 12 13 11 15 23 14 14 15 15 14 19 16 22 10 13 14 19 12 15\
 23 14 22 12 18 18 10 19 19 13 25 18 24 28 24 33 32 43 41 70 57 86 96 108 136 139 184 211 245 279 282 344\
 349 407 448 489 462 543 567 546 524 576 558 528 500 483 486 437 400 391 377 305 267 260 195 192 176 154 120 100 73 69 57 39\
 38 31 31 24 24 19 23 21 20 21 23 22 15 14 15 28 17 24 20 29 22 31 33 41 39 39 56 59 69 75 78 90\
 97 107 100 91 104 127 99 103 102 105 106 91 86 110 99 80 68 70 65 60 47 50 34 25 30 29 22 31 27 25 17 19\
 19 13 13 11 19 17 10 12 6 12 12 13 16 15 18 15 15 11 12 12 20 17 12 11 8 15 13 10 14 11 8 18\
 9 10 10 8 14 21 16 15 16 10 14 14 13 14 14 13 12 15 13 18 18 8 12 15 10 9 12 17 14 14 11 18\
 15 11 18 9 9 10 13 10 15 6 16 12 17 8 10 6 12 10 18 13 9 11 8 16 12 12 8 12 12 9 12 12\
 8 13 12 10 16 13 16 10 15 13 19 13 9 16 11 20 8 8 18 12 15 7 15 10 12 17 10 12 15 10 14 14\
 11 11 15 9 7 12 13 15 14 11 9 17 6 11 12 16 11 13 17 10 15 17 10 12 11 13 12 15 12 9 18 11\
 19 18 13 18 15 17 15 13 15 14 8 14 16 8 11 12 8 14 20 20 10 15 14 15 14 10 12 14 15 13 16 11\
 14 17 19 10 18 8 9 9 17 12 11 12 12 13 20 5 17 10 10 14 14 12 8 13 15 13 9 16 6 6 8 17\
 12 12 10 11 13 10 12 9 15 16 14 10 13 10 13 10 13 10 20 11 18 11 9 14 17 12 11 13 8 12 14 21\
 15 9 11 11 15 13 16 14 9 9 9 14 17 15 22 9 17 5 9 21 11 8 20 12 14 6 21 14 10 10 19 10\
 12 14 10 9 15 12 13 12 8 14 11 17 9 16 17 11 5 12 15 11 16 15 14 16 15 8 13 10 26 15 15 16\
 19 6 16 11 19 14 16 14 18 14 19 20 15 17 17 15 19 19 18 16 16 17 20 11 16 19 17 15 19 12 11 9\
 6 15 15 26 14 13 12 11 16 16 12 14 12 15 10 10 11 13 12 16 16 9 14 10 12 10 22 14 10 10 13 10\
 13 10 12 6 15 17 13 7 13 20 14 12 10 16 16 16 10 11 6 14 11 18 18 10 14 13 19 11 19 18 17 18\
 13 12 10 18 14 21 22 14 23 14 21 21 25 22 22 18 13 16 16 19 13 20 16 21 16 10 14 17 14 19 17 17\
 17 9 18 21 9 13 15 20 14 21 17 6 18 11 15 14 13 18 12 12 11 22 15 11 10 8 9 15 14 17 22 13\
 10 15 12 9 20 19 16 12 14 15 16 13 19 8 18 19 14 16 18 11 13 10 13 10 18 19 21 16 18 7 8 17\
 13 12 13 12 19 16 17 14 14 14 18 14 14 14 15 13 14 19 15 14 7 18 9 9 18 12 11 12 22 15 13 18\
 20 10 11 14 20 15 17 13 16 18 11 19 17 15 18 11 12 11 14 27 12 15 18 21 14 11 15 18 14 20 14 15\
 22 12 19 20 10 8 13 9 13 22 14 12 18 20 19 16 12 23 14 17 20 20 17 15 21 15 13 24 19 16 15 17\
 16 14 8 10 17 18 18 30 16 20 14 8 15 20 9 23 16 13 13 14 18 19 14 18 16 14 22 16 29 17 11 19\
 24 26 14 24 21 14 16 16 15 14 15 22 15 23 18 15 24 23 27 20 25 21 16 15 18 19 23 20 20 16 19 15\
 14 22 17 22 27 15 16 21 23 18 17 20 18 21 23 19 23 23 23 17 21 32 19 24 20 25 30 22 21 15 14 26\
 19 21 24 15 17 21 25 22 28 33 31 28 25 28 36 24 27 33 44 35 37 50 49 51 50 65 73 61 72 79 64 69\
 84 99 94 91 111 96 95 102 112 120 106 126 109 125 100 81 97 106 108 99 84 57 82 78 75 75 82 67 68 56 69 49\
 57 52 48 56 49 50 55 50 63 46 37 37 46 52 51 51 45 42 42 31 36 40 41 50 35 41 51 47 53 36 43 50\
 29 48 38 42 35 36 46 33 32 37 39 36 46 26 33 39 48 39 36 30 39 42 42 32 44 37 42 39 36 41 39 36\
 36 36 30 33 47 48 46 41 45 50 45 51 47 56 45 53 59 59 56 70 50 46 64 51 49 57 54 46 47 47 53 53\
 41 48 54 61 51 77 51 60 75 46 57 57 74 64 48 50 83 78 71 66 94 69 84 68 76 66 82 75 73 80 87 92\
 82 87 88 103 87 86 98 95 113 116 110 114 99 109 115 110 115 100 124 128 121 130 110 117 128 154 132 103 136 125 122 121\
 138 121 121 152 148 152 165 120 146 125 145 138 156 168 174 149 163 145 148 202 171 177 194 193 204 201 181 202 190 190 181 202\
 214 229 229 219 238 230 227 254 236 231 222 263 279 232 307 291 282 301 290 301 304 301 333 331 348 347 327 369 364 382 317 380\
 376 401 404 379 417 419 393 433 423 453 459 468 496 473 474 482 483 477 515 506 482 548 530 510 537 546 525 548 519 614 635 635\
 651 623 696 685 711 734 784 809 812 891 933 1003 1065 1138 1259 1261 1334 1421 1493 1720 1752 1908 2020 2161 2292 2486 2602 2824 2959 3217 3353 3742\
 3903 4120 4394 4643 4967 5221 5566 5816 6167 6502 6748 6955 7095 7583 7775 8228 8590 8695 8943 9233 9601 9639 9808 10001 10285 10434 10510 10675 10607 10913 10764 11151\
 10880 11098 11040 11171 11166 11150 11147 11192 11164 11051 11052 11428 11215 11444 11385 11570 11828 11779 12060 12103 12351 12512 12762 12770 12881 13187 13130 13251 13664 13399 13475 13680\
 13162 13202 13104 12874 12735 12249 12072 11638 11288 10749 10376 9818 9107 8661 8323 7507 7072 6340 6032 5474 4900 4448 3833 3570 3225 2836 2533 2211 1908 1618 1407 1187\
 1032 911 750 687 514 405 363 306 266 229 175 145 119 84 84 41 44 32 33 27 27 17 19 22 16 12 14 15 13 11 9 5\
 7 3 8 9 6 6 2 4 8 6 8 3 7 7 3 6 8 5 5 2 8 6 6 4 2 7 1 5 3 7 9 4\
 3 7 0 0 7 6 2 2 3 4 5 3 3 1 2 3 3 2 5 4 3 4 1 3 6 5 1 2 2 4 4 0


#S 11 mca_save_point Point:10 Scan:334 Datafile:20151023
#D Tue Oct 27 07:43:30 2015
#U Epics mca: dp_vortex_xrd45:mca1
#T 120  (Seconds)
#Q 0 -3.40098e-08 0.0259816
#Energy 10
#Monc 2115989 27961850
#@MCA %32C
#@CHANN 1000 0 999 1
#@CTIME 120 120 89.7911
#@CALIB -17.487 5.2147 0
#N 1
#L Epics MCA
@A 0 0 0 0 0 0 0 0 0 0 0 0 0 0 0 0 0 0 0 0 0 0 0 0 0 0 0 0 0 0 0 0\
 0 0 0 0 0 0 0 0 0 0 0 0 0 0 0 0 0 0 0 0 0 0 0 0 0 0 0 0 0 0 0 0\
 0 0 0 0 0 0 0 0 0 0 0 0 0 0 0 0 0 0 0 0 0 0 0 0 0 0 0 0 0 0 0 0\
 0 0 0 0 0 0 0 0 0 0 0 0 0 0 0 0 0 0 0 0 0 0 0 0 0 0 0 0 0 0 0 0\
 0 0 0 0 0 0 0 0 0 0 0 0 0 0 0 0 0 0 0 0 0 0 0 0 0 0 0 0 0 0 0 0\
 0 0 2 0 0 3 1 1 3 4 6 12 11 13 12 15 18 13 16 15 13 17 25 14 16 23 25 21 22 22 22 14\
 24 24 24 22 19 24 25 25 20 27 23 15 24 15 30 18 16 12 23 16 22 15 19 32 13 23 22 11 16 18 20 24\
 15 29 9 26 18 17 21 11 18 17 20 19 21 19 26 18 15 18 17 15 18 24 20 16 22 16 23 14 11 15 18 14\
 21 15 21 17 16 16 11 23 26 15 15 14 17 20 20 16 22 17 18 23 13 28 19 15 18 14 16 15 21 27 10 23\
 23 10 19 21 17 18 22 15 26 16 22 22 22 16 8 21 16 14 14 22 17 11 25 16 11 14 17 14 25 15 13 12\
 20 12 12 12 14 14 16 11 17 19 16 17 15 12 9 24 15 15 16 17 11 15 13 20 17 18 24 16 10 19 24 17\
 17 15 17 15 14 21 15 21 18 10 13 14 18 14 20 20 23 23 20 23 9 21 28 22 25 29 18 28 28 19 20 22\
 30 20 28 16 12 17 20 16 17 18 16 16 23 7 13 18 16 12 15 18 15 17 12 24 15 13 23 11 13 17 22 10\
 7 15 14 18 11 21 10 19 10 18 16 14 24 19 18 16 12 19 12 19 13 20 14 18 17 16 15 19 19 13 16 24\
 12 19 25 20 16 15 10 25 11 14 20 19 17 10 19 15 20 15 11 24 17 18 18 11 18 9 7 18 19 19 15 15\
 16 21 18 14 18 16 13 17 14 13 22 16 20 22 23 22 22 35 40 32 41 39 41 45 44 47 51 52 41 48 45 45\
 43 50 47 48 40 37 23 33 18 28 19 27 18 22 18 18 11 16 17 23 13 23 16 18 14 16 23 18 23 16 12 25\
 30 25 15 20 22 22 18 19 17 14 17 14 24 9 21 21 20 18 13 18 18 11 20 18 25 14 15 24 19 19 10 13\
 18 18 7 18 11 13 16 18 14 19 13 14 12 15 18 10 12 18 16 17 16 13 20 21 13 5 11 12 21 7 14 12\
 18 16 14 11 13 10 18 17 14 19 15 10 17 19 13 17 13 16 12 18 12 15 14 16 17 16 19 14 15 18 24 12\
 11 8 7 16 17 17 14 15 14 18 18 23 11 13 21 16 17 11 11 16 24 14 11 17 22 19 10 15 13 13 16 18\
 19 17 14 18 19 23 22 17 24 23 26 26 16 19 36 34 44 45 43 51 72 90 89 118 139 166 164 217 221 270 302 328\
 349 419 440 512 514 563 519 599 558 567 540 600 568 504 496 453 433 391 382 338 290 260 231 190 149 153 102 95 95 74 69 45\
 49 41 31 26 18 25 20 22 10 25 15 17 21 26 20 23 16 29 26 42 38 28 30 41 60 59 59 61 83 88 79 71\
 100 91 100 98 116 101 112 125 95 98 108 102 82 93 86 82 87 71 57 52 59 41 37 41 40 30 28 18 20 20 16 23\
 13 16 21 14 9 14 18 10 17 14 12 14 14 21 12 13 21 17 12 11 10 20 5 12 19 8 16 13 14 10 16 10\
 18 15 7 9 7 9 17 12 12 19 12 16 18 11 16 10 13 12 12 16 15 13 17 7 16 14 6 12 15 11 7 17\
 8 14 15 14 12 10 8 9 14 9 18 9 13 10 14 5 8 14 12 14 8 12 8 12 10 13 20 14 13 8 14 17\
 8 10 11 13 12 8 17 11 11 13 12 11 7 20 15 11 9 20 16 14 21 14 12 9 11 8 13 9 19 19 10 11\
 10 12 13 9 11 9 8 13 9 19 12 12 10 20 20 14 15 11 8 14 14 12 16 14 18 12 11 7 9 11 15 12\
 14 13 16 18 11 18 13 11 13 9 8 13 11 9 11 14 6 16 10 14 13 11 13 17 9 20 21 14 9 11 11 23\
 18 20 11 10 9 9 8 18 16 14 10 13 13 21 15 16 11 14 18 13 10 12 14 8 17 11 14 12 12 11 9 11\
 22 19 18 13 13 14 9 17 14 8 17 15 8 9 11 13 16 8 21 13 14 6 14 14 15 19 13 20 12 18 11 15\
 18 16 20 19 12 13 9 10 14 11 10 9 18 12 11 7 12 12 17 11 11 9 13 15 7 12 15 11 13 21 9 12\
 16 12 21 9 11 8 14 11 9 15 10 12 21 10 16 17 13 18 6 12 12 12 17 11 14 16 18 13 24 22 15 15\
 13 12 8 16 13 13 18 10 16 14 16 12 18 15 16 18 21 15 21 8 12 16 19 20 16 19 12 17 15 13 14 21\
 15 21 9 13 14 10 22 10 13 10 12 8 19 6 10 13 8 14 8 17 16 12 15 4 11 16 19 12 17 16 11 13\
 16 11 10 18 17 13 10 14 15 12 14 17 13 13 20 16 17 12 17 10 13 17 18 11 15 19 19 10 25 15 20 14\
 14 14 22 14 12 8 14 24 20 20 19 19 21 22 17 21 18 13 12 27 17 14 24 24 13 13 12 22 17 21 17 19\
 11 18 13 11 15 17 20 13 16 12 20 15 9 16 13 16 15 13 13 13 11 17 8 11 13 9 8 19 13 14 14 15\
 20 24 12 16 21 13 13 15 14 19 14 15 13 12 6 14 11 18 15 11 17 13 16 20 13 12 9 15 12 15 11 14\
 12 10 17 16 15 12 18 16 15 12 17 13 16 16 12 14 16 14 16 18 22 7 14 10 14 16 12 21 14 5 20 14\
 17 19 16 15 12 14 12 15 12 12 22 24 20 13 24 14 16 19 16 15 17 15 18 16 15 11 14 16 17 19 22 16\
 15 21 18 20 11 13 19 19 13 18 19 17 21 17 16 19 20 17 12 19 16 9 17 15 17 16 22 25 11 13 20 12\
 23 17 19 14 17 14 10 22 22 24 16 15 11 26 20 23 15 20 19 15 13 20 19 18 19 20 26 12 21 19 20 15\
 26 14 18 21 12 17 21 18 20 22 24 23 13 24 22 16 22 27 17 16 15 16 13 16 22 15 16 22 26 18 24 20\
 28 17 25 18 15 21 16 17 19 18 21 20 25 24 27 16 22 15 19 21 20 19 26 20 22 21 23 23 15 27 19 19\
 30 31 24 22 28 30 22 39 28 36 23 25 40 29 28 37 37 33 30 37 56 38 50 71 56 61 61 73 87 82 89 80\
 103 81 103 100 118 119 95 112 112 91 107 93 134 108 115 122 109 102 94 98 110 81 73 98 80 88 81 72 92 68 74 52\
 60 53 47 50 55 60 47 43 48 44 48 46 47 57 56 56 50 44 57 43 51 34 45 48 50 52 46 39 45 47 46 35\
 44 43 46 45 37 43 34 36 36 34 38 45 33 34 41 37 47 44 29 34 44 40 33 34 41 35 38 44 42 39 43 38\
 48 52 50 45 49 50 43 44 50 43 45 50 57 52 56 56 51 37 68 54 50 52 45 33 59 57 52 62 56 49 55 72\
 53 50 66 65 56 62 56 58 71 54 62 69 61 70 84 85 75 60 80 65 63 58 67 72 86 84 73 84 80 80 90 85\
 109 87 96 108 100 100 102 105 109 91 108 113 101 108 118 109 111 130 112 121 120 104 118 121 129 141 120 123 157 145 143 120\
 134 138 147 132 142 150 151 147 144 122 166 152 169 157 171 173 168 187 181 198 165 184 185 201 182 177 226 195 215 196 221 202\
 245 248 259 216 234 270 221 277 297 228 266 273 272 282 291 296 279 295 293 294 316 348 323 290 349 367 368 358 393 356 392 422\
 377 400 396 477 456 472 481 479 457 474 439 482 475 500 482 450 494 501 531 532 535 535 555 542 513 540 590 550 612 626 669 689\
 696 699 704 673 758 750 809 827 905 900 999 1044 1111 1170 1196 1353 1408 1441 1555 1710 1760 1931 2027 2244 2352 2604 2792 2991 3250 3370 3506 3892\
 4050 4466 4515 4950 5080 5397 5739 5877 6338 6566 6817 7206 7593 7789 8129 8504 8728 8929 9279 9587 9681 10035 10208 10546 10466 10721 10945 11132 11180 11149 11349 11434\
 11141 11416 11565 11485 11688 11482 11605 11404 11279 11466 11768 11578 11915 11428 11830 11991 11980 12342 12645 12683 12950 12899 12976 13357 13583 13802 13805 13848 14040 13946 14019 14041\
 14080 13922 13801 13558 13242 12722 12661 12058 11582 11029 10767 10122 9548 8962 8248 7817 7264 6708 6277 5614 5154 4532 4175 3598 3319 2853 2595 2196 2063 1662 1493 1225\
 1075 890 764 652 576 457 381 327 239 206 153 138 115 100 98 81 52 40 32 32 25 20 11 20 10 8 11 15 9 9 6 3\
 10 6 9 8 9 12 8 3 2 7 8 7 4 8 7 4 7 8 3 5 4 5 3 6 2 4 4 3 4 4 3 5\
 5 2 8 3 7 7 4 3 1 5 1 2 0 2 2 2 7 3 1 5 0 2 4 4 3 3 3 3 3 6 4 0


#S 12 mca_save_point Point:11 Scan:334 Datafile:20151023
#D Tue Oct 27 07:45:39 2015
#U Epics mca: dp_vortex_xrd45:mca1
#T 120  (Seconds)
#Q 0 -4.70831e-08 0.0269766
#Energy 10
#Monc 2112559 27971555
#@MCA %32C
#@CHANN 1000 0 999 1
#@CTIME 120 120 89.9565
#@CALIB -17.487 5.2147 0
#N 1
#L Epics MCA
@A 0 0 0 0 0 0 0 0 0 0 0 0 0 0 0 0 0 0 0 0 0 0 0 0 0 0 0 0 0 0 0 0\
 0 0 0 0 0 0 0 0 0 0 0 0 0 0 0 0 0 0 0 0 0 0 0 0 0 0 0 0 0 0 0 0\
 0 0 0 0 0 0 0 0 0 0 0 0 0 0 0 0 0 0 0 0 0 0 0 0 0 0 0 0 0 0 0 0\
 0 0 0 0 0 0 0 0 0 0 0 0 0 0 0 0 0 0 0 0 0 0 0 0 0 0 0 0 0 0 0 0\
 0 0 0 0 0 0 0 0 0 1 0 0 0 0 0 0 0 0 0 0 0 0 0 0 0 0 1 0 0 0 0 1\
 1 0 1 4 1 2 4 2 6 7 7 8 8 7 9 15 15 13 10 21 16 16 23 30 23 23 15 18 27 20 26 14\
 23 26 17 12 18 25 17 26 22 24 12 24 23 13 18 16 21 23 19 29 14 21 25 18 26 13 27 19 24 14 16 23\
 21 22 18 26 20 19 10 20 21 28 27 23 16 17 26 16 20 16 20 17 13 28 17 24 14 19 21 25 16 15 16 17\
 13 20 16 15 17 15 13 20 18 20 9 14 13 22 16 18 18 18 20 19 19 20 17 15 19 26 20 21 17 14 19 12\
 13 19 12 23 21 12 21 14 14 10 16 27 9 14 19 21 22 16 15 14 16 20 11 14 15 29 10 20 15 14 11 17\
 23 16 14 11 20 15 15 13 22 19 17 14 14 11 16 21 11 22 16 16 21 15 18 17 11 7 16 21 22 21 21 21\
 16 23 20 25 14 9 19 13 17 19 13 23 18 20 13 27 18 17 23 22 29 25 24 22 22 19 20 17 22 22 22 33\
 18 15 20 14 18 17 20 17 15 21 17 16 14 24 20 16 17 12 11 19 17 12 13 17 8 18 10 18 16 17 15 14\
 17 19 13 18 8 15 15 19 20 16 18 26 12 17 16 24 19 17 25 20 18 17 15 15 22 15 20 11 8 17 11 17\
 15 10 14 10 21 16 20 14 19 12 7 16 14 11 12 11 21 20 14 13 11 23 21 20 18 20 18 9 9 13 12 16\
 18 14 12 19 11 22 22 13 12 14 15 21 21 25 27 28 30 33 26 30 38 46 46 60 44 45 60 46 53 57 41 58\
 42 42 39 32 42 31 25 36 24 30 21 23 22 18 13 24 20 24 15 14 15 17 18 13 20 13 16 20 13 18 29 24\
 28 17 23 22 29 14 27 17 20 21 25 17 24 21 19 19 11 9 17 17 22 9 19 16 16 17 16 16 11 22 17 15\
 12 14 20 17 16 10 12 11 21 16 14 13 16 17 12 11 19 23 16 7 11 15 16 11 19 18 18 12 19 17 24 19\
 14 9 20 17 23 18 19 17 10 19 13 16 13 13 12 17 13 24 16 17 16 12 15 17 17 7 17 19 16 7 18 17\
 12 16 17 15 15 12 16 14 14 17 12 18 21 17 20 10 13 16 19 21 22 22 17 14 18 17 10 17 23 18 18 22\
 26 17 13 21 16 12 19 11 18 16 28 19 15 19 21 33 40 49 53 44 66 83 94 126 125 154 160 203 239 251 303 363\
 379 434 423 480 506 503 524 595 581 590 621 564 505 525 508 466 431 385 333 303 313 240 218 194 146 139 122 104 73 70 65 60\
 32 35 30 24 24 23 25 30 24 22 22 23 17 20 21 26 22 24 20 31 25 37 33 34 47 49 59 52 64 65 79 94\
 99 85 101 89 113 103 116 114 126 90 104 98 84 102 93 100 62 71 76 53 49 42 52 36 26 32 26 19 27 19 14 15\
 18 16 17 17 13 13 14 10 13 16 11 14 11 15 13 9 15 16 12 10 9 19 12 13 11 17 9 9 9 10 14 15\
 14 12 9 12 7 14 8 10 13 10 10 10 17 8 15 11 14 16 10 4 15 10 18 13 13 11 8 19 12 13 11 11\
 9 16 9 14 14 11 17 10 19 14 12 8 20 9 15 7 14 20 15 16 16 14 5 16 16 16 14 21 16 19 23 15\
 18 10 11 9 11 9 9 13 16 10 17 13 11 8 12 13 19 16 15 13 14 11 9 12 17 16 21 11 8 9 16 11\
 12 14 10 10 12 13 14 15 14 13 16 16 24 12 10 12 12 11 5 10 10 16 11 18 11 13 17 13 13 13 15 13\
 14 19 14 14 13 12 12 16 13 12 13 13 8 4 9 19 9 13 20 11 13 12 11 4 13 14 10 18 16 10 8 8\
 16 16 14 12 15 14 20 10 16 18 12 12 8 15 7 13 17 8 12 9 19 16 16 10 18 13 9 8 7 8 11 15\
 17 16 8 20 12 15 19 10 20 9 8 8 19 13 17 15 19 11 12 15 10 24 15 13 12 18 20 10 14 13 16 12\
 18 14 16 16 19 13 14 16 8 21 12 17 7 17 20 7 8 17 11 16 13 10 15 18 17 12 11 15 13 15 16 14\
 14 6 22 13 14 14 10 17 13 26 12 10 14 18 22 7 12 9 19 17 16 13 11 19 13 13 17 15 21 11 15 14\
 12 14 13 15 16 22 11 20 9 19 17 21 24 11 22 13 15 15 15 11 26 21 14 21 20 16 14 15 12 14 14 17\
 16 9 14 15 12 23 13 13 14 19 13 14 17 15 9 12 17 12 13 7 8 15 12 17 14 10 14 13 8 9 12 16\
 19 15 16 6 9 12 8 10 14 16 12 12 14 10 16 16 13 13 20 15 17 18 11 18 19 13 17 14 13 21 24 15\
 19 19 18 21 13 23 13 19 18 12 20 18 25 18 23 23 19 11 15 21 36 23 17 27 14 15 18 21 18 17 14 14\
 23 15 18 19 19 22 13 17 13 16 14 15 11 16 8 16 13 11 14 20 19 13 7 11 12 16 14 8 11 14 9 17\
 24 18 18 20 17 16 15 16 16 15 11 18 16 17 8 10 16 17 9 11 13 14 15 12 11 11 17 12 16 11 19 13\
 11 15 16 15 12 16 13 11 22 14 15 12 13 11 8 17 14 16 11 21 13 16 11 26 11 14 10 12 15 19 19 14\
 23 15 21 16 13 6 15 19 10 18 14 20 16 20 18 13 17 20 17 14 20 13 21 13 16 18 13 15 20 12 20 13\
 18 20 10 14 12 21 16 13 17 13 12 11 21 11 12 16 22 23 21 16 14 14 17 17 16 15 12 20 21 11 15 11\
 14 20 14 17 17 24 12 25 11 12 9 15 11 21 16 21 17 17 18 19 17 20 21 19 11 13 19 19 19 16 18 20\
 26 15 13 19 16 14 18 21 24 19 16 24 17 19 18 11 16 29 19 16 19 14 25 20 17 20 23 20 29 20 17 20\
 14 19 22 16 18 13 20 18 21 22 25 18 25 25 22 15 26 16 25 20 23 26 15 32 25 28 18 14 17 16 20 21\
 25 17 17 24 23 30 23 33 25 24 29 34 36 30 37 30 29 31 38 50 53 67 51 64 52 75 53 73 93 96 66 81\
 110 102 111 116 100 127 105 131 98 121 112 104 141 119 127 109 126 118 104 105 92 90 91 82 75 86 78 80 63 62 55 70\
 49 61 49 53 49 44 66 42 54 50 47 37 43 61 45 51 70 43 39 44 51 50 47 44 49 60 41 43 39 50 48 41\
 36 55 36 40 25 43 42 31 42 38 48 35 34 40 42 35 36 39 38 51 42 46 43 40 41 32 46 46 37 42 38 47\
 43 53 43 48 46 44 50 46 46 50 41 54 47 44 53 60 49 53 50 60 58 45 58 43 47 52 43 70 61 57 56 67\
 65 63 59 70 66 65 60 66 68 70 64 71 59 77 68 66 57 93 78 87 77 92 88 78 89 72 94 62 81 92 90 82\
 89 101 104 109 76 107 88 118 109 113 90 96 113 117 118 104 116 120 140 127 112 121 137 120 125 122 157 133 127 134 141 145\
 144 172 164 130 143 169 140 144 147 155 140 149 140 171 172 168 163 172 187 189 185 185 190 161 199 240 201 226 219 226 189 217\
 202 241 213 233 229 287 268 250 264 252 283 268 281 275 285 280 308 313 289 327 327 318 321 344 368 361 336 362 343 397 390 377\
 392 434 403 411 450 441 440 428 470 451 465 507 506 507 484 497 532 541 540 520 520 542 544 542 522 518 604 594 580 612 627 603\
 634 670 678 673 738 741 773 887 930 956 1028 1023 1088 1245 1215 1238 1386 1392 1668 1701 1789 2000 2045 2248 2414 2547 2721 2970 3119 3351 3503 3841\
 4063 4219 4569 4771 4936 5456 5639 5945 6361 6589 6960 7352 7569 7789 8132 8555 8537 8950 9237 9688 9894 10021 10185 10445 10560 10887 10829 10898 11164 11208 11175 11346\
 11507 11369 11550 11410 11555 11518 11374 11425 11587 11615 11640 11758 11904 11707 11717 11778 12038 12342 12313 12647 12809 12874 13008 13214 13573 13879 13690 13686 13985 13858 14037 13814\
 13808 13584 13640 13201 13142 12786 12337 11926 11643 11242 10867 10156 9403 8784 8538 7656 7342 6778 6151 5519 5137 4576 4223 3706 3304 2827 2581 2283 2027 1742 1459 1316\
 1124 970 768 611 535 446 362 299 256 204 166 131 117 93 85 65 57 38 39 23 22 15 28 11 21 10 11 9 9 10 9 4\
 12 11 8 6 6 5 5 4 3 7 5 5 3 7 8 5 8 3 7 7 6 6 7 2 2 4 7 3 5 3 2 10\
 5 9 4 2 3 2 3 3 4 7 4 6 4 7 1 1 1 0 1 7 7 6 5 2 3 3 0 5 3 3 4 3


#S 13 mca_save_point Point:12 Scan:334 Datafile:20151023
#D Tue Oct 27 07:47:48 2015
#U Epics mca: dp_vortex_xrd45:mca1
#T 120  (Seconds)
#Q 0 -6.10247e-08 0.0279716
#Energy 10
#Monc 2108843 27879094
#@MCA %32C
#@CHANN 1000 0 999 1
#@CTIME 120 120 89.4554
#@CALIB -17.487 5.2147 0
#N 1
#L Epics MCA
@A 0 0 0 0 0 0 0 0 0 0 0 0 0 0 0 0 0 0 0 0 0 0 0 0 0 0 0 0 0 0 0 0\
 0 0 0 0 0 0 0 0 0 0 0 0 0 0 0 0 0 0 0 0 0 0 0 0 0 0 0 0 0 0 0 0\
 0 0 0 0 0 0 0 0 0 0 0 0 0 0 0 0 0 0 0 0 0 0 0 0 0 0 0 0 0 0 0 0\
 0 0 0 0 0 0 0 0 0 0 0 0 0 0 0 0 0 0 0 0 0 0 0 0 0 0 0 0 0 0 0 0\
 0 0 0 0 0 0 0 0 0 0 0 0 0 0 0 1 0 0 0 0 0 0 0 0 0 0 0 0 0 1 0 0\
 0 1 1 1 1 4 4 0 5 6 5 11 8 15 12 12 24 11 8 22 23 22 16 25 21 24 25 19 26 20 15 25\
 21 20 20 16 24 17 22 14 18 19 18 16 18 24 24 15 21 12 12 20 22 26 18 20 19 12 26 23 14 21 24 21\
 18 24 13 23 26 18 19 31 21 19 19 17 26 15 19 17 19 26 17 18 14 19 17 17 18 24 15 19 18 18 22 23\
 24 18 11 16 17 14 26 23 20 23 14 24 15 16 21 18 11 23 19 14 17 15 30 20 19 21 26 23 23 25 25 24\
 22 24 23 14 19 25 18 17 27 18 20 15 15 15 26 20 5 12 13 17 14 22 21 13 12 7 18 12 21 15 23 19\
 18 20 15 23 15 13 14 19 17 23 7 16 14 20 18 9 14 15 18 22 15 29 19 21 15 21 26 19 21 14 19 14\
 20 16 18 11 11 14 13 20 16 19 14 17 17 20 14 13 20 21 17 27 22 19 24 25 23 11 24 23 21 17 21 27\
 12 16 22 13 17 21 15 14 26 11 20 22 12 15 19 15 15 8 16 15 20 22 17 12 16 17 14 19 15 19 13 19\
 22 19 23 16 18 17 13 14 12 24 19 20 7 18 12 25 17 22 16 16 17 26 20 19 20 22 22 14 18 16 20 17\
 15 14 15 18 17 10 18 16 17 12 15 16 9 26 15 17 12 18 12 12 15 20 11 12 16 20 20 17 19 17 11 19\
 18 16 19 14 16 14 15 15 12 18 25 22 24 29 28 33 23 40 39 38 41 45 55 40 46 50 54 46 64 61 45 53\
 49 41 47 40 51 23 42 23 34 23 23 30 21 19 15 18 16 16 19 21 19 12 23 24 13 24 13 17 24 13 20 22\
 20 13 22 26 23 23 32 24 23 20 16 18 22 23 22 22 19 18 19 16 20 16 17 18 12 23 18 18 11 17 14 12\
 18 16 18 16 23 13 15 8 19 20 14 10 12 14 14 15 17 20 16 18 17 15 19 16 21 19 11 12 8 15 24 17\
 22 14 12 13 10 19 15 11 14 13 16 15 13 15 14 15 18 17 17 19 17 15 17 19 18 9 14 23 13 16 9 18\
 18 9 17 18 19 13 20 12 20 14 21 17 21 19 14 15 13 13 10 17 13 14 10 14 13 14 15 10 10 17 14 21\
 22 20 20 20 25 19 18 20 29 24 21 17 25 27 32 23 30 33 53 37 53 76 79 114 131 147 182 221 234 281 325 300\
 388 422 467 442 550 526 548 579 578 561 580 551 550 524 497 516 413 416 367 358 264 233 233 190 153 144 113 108 79 63 66 46\
 37 45 27 29 26 29 24 27 28 26 17 24 18 15 20 22 19 29 28 25 39 43 57 34 45 53 63 63 62 61 82 87\
 85 94 96 98 110 109 118 99 102 90 126 95 111 82 86 75 85 80 60 55 54 38 48 42 32 23 32 16 19 27 12 21\
 17 16 20 18 18 13 11 9 13 16 11 11 19 18 15 12 11 15 17 25 11 16 17 16 11 13 17 12 11 8 10 11\
 12 15 16 12 13 12 13 15 14 11 22 13 11 23 16 7 17 13 12 14 9 6 12 8 7 10 14 13 11 14 14 13\
 8 15 11 11 18 14 12 8 7 12 12 19 11 6 23 13 11 13 15 11 9 13 10 13 13 12 17 12 14 14 16 14\
 10 9 17 17 10 11 15 16 25 15 15 13 13 5 16 11 16 12 11 8 13 14 12 23 17 18 10 15 14 20 15 18\
 9 6 8 16 12 10 11 20 16 11 14 17 19 10 14 14 12 15 10 14 17 11 11 13 22 12 9 9 20 15 9 17\
 18 10 10 10 18 16 9 12 12 9 11 10 11 6 7 11 15 13 12 17 18 22 22 10 15 20 17 15 13 14 12 12\
 10 16 9 17 15 17 17 9 11 17 9 19 12 19 11 12 13 8 12 12 6 17 9 15 12 10 14 15 14 9 12 16\
 12 12 7 7 16 16 13 18 13 10 17 13 14 17 18 16 19 10 6 12 15 13 15 16 13 12 17 11 12 16 12 20\
 12 9 14 9 13 14 20 13 7 14 14 14 9 15 10 16 21 11 15 19 17 19 8 21 12 21 10 15 8 13 15 6\
 12 9 14 11 13 14 16 14 11 13 13 13 16 12 11 16 18 21 10 12 15 17 10 13 8 17 13 12 14 16 15 11\
 18 18 19 11 17 13 10 19 26 14 21 11 16 16 18 20 19 17 11 15 18 22 14 8 18 25 19 21 20 18 12 9\
 10 17 15 15 15 14 12 17 4 13 14 13 12 14 14 13 20 19 13 16 11 20 8 11 18 15 10 11 12 13 8 18\
 11 16 15 7 8 13 11 8 12 7 17 22 12 11 14 17 19 9 8 11 11 19 15 7 12 7 15 17 17 12 13 17\
 17 9 16 13 15 16 24 18 13 20 21 20 25 20 20 13 14 14 22 20 14 19 22 14 18 15 12 19 12 21 10 13\
 10 20 10 15 16 10 18 11 10 14 19 13 13 18 20 24 12 14 13 12 21 18 15 13 8 16 8 18 11 14 13 19\
 15 14 19 19 18 21 14 12 12 12 16 12 25 15 12 15 20 14 20 11 12 16 11 16 15 19 17 13 20 19 15 11\
 11 17 11 14 14 20 17 13 9 16 18 14 11 18 18 14 18 14 18 10 11 10 18 14 16 12 10 22 13 15 15 19\
 16 12 17 16 6 14 29 10 16 19 11 17 17 14 13 13 20 18 19 16 23 9 26 19 16 19 14 15 16 17 15 11\
 23 14 8 20 9 9 11 16 13 19 21 20 23 14 18 15 13 16 12 16 15 15 23 16 24 24 14 16 17 12 13 18\
 18 18 18 18 17 20 24 20 24 15 14 13 20 17 23 18 22 16 18 19 19 19 17 13 18 22 17 16 24 18 13 18\
 15 14 16 16 20 19 26 19 20 12 12 20 18 13 18 20 22 24 18 21 20 21 10 19 25 34 27 25 24 19 15 14\
 23 15 25 13 15 23 23 26 20 19 16 17 24 24 17 25 21 20 16 24 17 19 23 21 16 22 33 24 29 25 25 26\
 16 22 26 18 25 19 25 22 23 28 32 41 30 29 41 35 35 37 33 39 49 55 57 46 55 65 60 77 67 78 86 74\
 103 89 104 107 90 95 122 118 111 137 110 107 125 122 116 108 104 112 109 101 86 90 86 77 90 79 77 61 78 69 59 60\
 57 58 72 60 55 58 46 54 41 42 38 56 49 47 47 56 47 49 46 57 73 50 63 46 33 52 54 34 41 35 36 37\
 57 37 30 45 46 32 39 47 35 39 31 40 44 44 29 45 41 44 29 51 33 33 40 47 50 40 42 42 44 39 47 38\
 48 43 45 44 48 37 42 42 31 49 58 52 53 46 44 42 64 54 62 51 59 46 60 50 75 67 75 64 49 57 59 69\
 55 68 42 49 62 63 57 62 76 69 77 74 73 85 51 79 72 76 64 73 80 99 68 80 81 84 89 65 85 92 88 112\
 86 89 100 93 82 89 114 113 102 112 111 111 118 88 106 107 135 115 117 127 131 121 128 122 136 123 123 143 158 122 138 139\
 148 121 148 163 154 122 154 125 147 135 172 150 168 148 138 178 175 163 190 175 176 210 201 188 202 207 210 227 228 218 220 249\
 241 229 238 238 257 200 231 228 244 237 285 265 276 293 300 302 295 278 311 310 328 352 354 316 358 334 342 370 389 400 371 450\
 423 432 418 406 428 409 422 438 461 442 464 484 523 464 502 539 496 513 554 497 534 522 560 539 579 570 568 594 599 593 654 643\
 604 677 704 683 745 800 715 830 935 937 1010 1053 1017 1136 1209 1271 1430 1482 1668 1803 1899 1954 2132 2215 2455 2544 2848 2999 3168 3358 3639 3862\
 4141 4386 4537 4966 5144 5454 5633 5972 6462 6564 7017 7248 7670 7833 8174 8554 8923 9081 9239 9628 10098 9983 10377 10276 10478 10839 10982 11042 11483 11324 11567 11606\
 11585 11487 11373 11621 11575 11751 11649 11579 11697 11759 11721 11720 11823 11785 11960 12327 12272 12610 12507 12552 12640 12844 13294 13570 13491 13870 13835 14046 13934 14125 14235 14157\
 13965 14066 13809 13628 13111 12952 12508 12077 11723 11254 10651 10067 9650 8989 8443 7791 7290 6942 6147 5552 5172 4742 4185 3750 3350 2893 2610 2229 1997 1682 1523 1269\
 1054 920 817 701 498 465 343 312 288 231 188 153 112 83 66 72 50 41 31 31 24 16 20 25 14 13 9 11 15 6 7 7\
 14 4 11 2 3 10 2 4 4 7 6 4 7 6 4 3 6 10 10 4 5 6 2 5 8 3 6 6 5 3 6 5\
 7 5 6 2 5 1 0 3 1 2 4 3 6 4 4 2 4 4 1 9 1 1 4 3 3 4 3 6 2 4 1 2


#S 14 mca_save_point Point:13 Scan:334 Datafile:20151023
#D Tue Oct 27 07:49:57 2015
#U Epics mca: dp_vortex_xrd45:mca1
#T 120  (Seconds)
#Q 0 7.59735e-08 0.0290198
#Energy 10
#Monc 2104726 27894875
#@MCA %32C
#@CHANN 1000 0 999 1
#@CTIME 120 120 90.6083
#@CALIB -17.487 5.2147 0
#N 1
#L Epics MCA
@A 0 0 0 0 0 0 0 0 0 0 0 0 0 0 0 0 0 0 0 0 0 0 0 0 0 0 0 0 0 0 0 0\
 0 0 0 0 0 0 0 0 0 0 0 0 0 0 0 0 0 0 0 0 0 0 0 0 0 0 0 0 0 0 0 0\
 0 0 0 0 0 0 0 0 0 0 0 0 0 0 0 0 0 0 0 0 0 0 0 0 0 0 0 0 0 0 0 0\
 0 0 0 0 0 0 0 0 0 0 0 0 0 0 0 0 0 0 0 0 0 0 0 0 0 0 0 0 0 0 0 0\
 0 0 0 0 1 0 0 0 0 0 0 0 0 0 0 0 0 0 0 0 0 0 0 0 0 0 0 0 1 0 1 0\
 0 0 1 1 2 1 5 2 5 3 6 7 6 19 11 11 11 15 10 16 21 19 24 20 18 21 27 15 28 20 25 24\
 16 23 32 24 20 31 28 28 20 13 25 25 33 21 27 25 15 20 21 17 18 23 25 20 19 16 14 21 18 17 22 21\
 28 22 17 17 27 20 14 16 21 18 15 22 27 25 23 27 23 19 22 20 21 24 17 16 21 15 21 17 12 19 27 13\
 19 17 16 21 22 18 19 19 17 17 13 22 17 18 12 16 16 12 17 17 14 13 20 16 25 16 20 14 18 18 18 30\
 22 27 25 27 16 9 10 18 17 12 16 19 18 14 23 19 9 15 18 16 18 18 17 13 21 17 14 14 12 14 13 18\
 7 12 15 17 19 19 10 15 20 20 14 18 9 11 8 11 16 24 21 20 19 17 19 18 17 17 19 20 19 14 17 18\
 17 13 14 18 16 16 17 12 17 25 22 19 27 17 11 21 19 15 28 24 16 18 26 22 17 18 21 25 30 24 19 16\
 18 12 13 19 18 22 21 12 18 17 21 23 20 15 15 16 14 20 15 16 22 13 14 14 15 19 17 19 14 10 19 20\
 12 11 12 15 15 13 16 13 13 19 15 8 23 10 22 19 12 11 19 18 21 15 18 16 14 17 16 17 15 19 21 18\
 18 13 15 15 20 14 11 11 20 6 19 25 15 25 22 13 20 13 10 16 22 18 19 19 12 19 13 18 12 23 11 17\
 14 10 9 17 11 19 19 12 12 10 19 23 20 18 18 30 30 32 27 30 44 34 41 45 47 54 51 46 54 44 48 48\
 47 48 35 28 37 25 21 29 32 28 19 16 20 22 12 20 15 18 22 21 19 16 20 9 20 20 23 19 20 15 12 22\
 20 14 21 14 22 20 22 26 18 18 19 13 12 16 21 16 18 18 20 12 22 13 14 24 13 24 22 14 15 15 13 15\
 9 22 25 18 12 17 20 16 21 17 15 20 14 13 14 3 17 21 13 15 10 10 18 11 14 21 15 18 16 8 23 12\
 23 24 10 25 14 9 24 19 14 19 17 16 18 14 17 13 18 15 16 13 22 16 18 11 17 12 17 15 17 14 13 14\
 9 15 17 11 10 18 16 18 6 16 10 16 15 15 20 18 11 14 16 12 21 25 13 14 11 23 18 12 14 23 14 26\
 13 20 15 12 7 10 21 29 24 17 26 16 22 22 25 41 38 42 30 49 70 80 100 94 124 144 172 204 230 263 301 329\
 377 391 433 466 510 500 565 531 625 588 614 570 523 509 499 489 449 379 356 288 268 226 227 171 164 137 104 84 89 56 63 49\
 47 25 29 28 29 33 25 25 14 22 16 18 12 20 13 18 25 30 21 22 34 38 30 42 63 44 54 50 56 78 84 83\
 87 67 95 90 104 108 112 100 97 102 97 107 96 92 79 92 74 67 58 60 61 59 43 39 32 37 22 17 26 26 18 18\
 22 14 13 9 16 21 9 16 22 15 18 9 19 7 14 14 14 11 12 10 13 14 13 16 18 12 10 13 10 24 19 18\
 9 21 14 10 14 5 15 13 8 10 10 7 18 15 12 8 13 8 12 10 14 19 9 14 17 9 14 14 13 12 12 14\
 14 14 9 13 12 14 15 12 18 13 12 13 12 9 11 14 19 12 16 12 11 11 15 17 12 13 11 18 10 11 17 17\
 20 5 13 11 15 12 10 14 7 14 9 16 17 5 7 13 14 12 10 6 12 9 12 13 15 15 12 11 10 8 13 16\
 12 14 16 8 11 12 11 13 6 13 16 14 14 12 8 8 14 10 9 8 12 12 20 21 8 9 13 18 19 15 13 14\
 17 13 6 10 16 12 16 10 13 10 11 9 16 10 15 17 10 14 14 9 12 13 19 13 10 10 17 13 9 10 15 14\
 10 15 11 14 14 15 10 15 10 13 9 9 17 10 15 12 15 13 14 7 12 14 14 12 10 20 11 14 12 15 10 16\
 14 11 7 14 8 13 12 17 11 12 11 12 6 14 12 15 16 11 8 13 14 11 12 9 11 9 11 11 11 13 10 18\
 2 11 10 20 15 9 18 8 12 9 11 14 14 11 16 5 12 10 18 10 8 13 20 9 17 14 10 12 10 18 12 16\
 7 16 16 12 8 13 14 10 16 11 9 12 12 15 5 12 10 14 8 11 13 13 13 10 12 11 12 13 17 12 7 6\
 14 18 18 19 11 14 16 11 15 14 15 11 8 15 15 13 18 18 12 12 14 14 18 16 12 11 9 16 19 11 10 18\
 11 12 11 14 16 8 16 12 15 21 15 14 9 9 14 18 13 14 14 15 13 11 16 18 14 17 13 12 12 6 15 15\
 13 16 12 18 14 7 5 8 11 18 10 11 17 12 13 10 12 11 20 11 11 9 15 24 13 21 9 13 14 12 14 16\
 16 15 16 15 12 17 15 18 24 17 19 22 16 19 27 23 16 19 15 21 17 16 22 14 17 10 18 20 18 17 13 24\
 17 18 22 15 18 11 17 8 12 17 21 13 13 16 15 13 6 10 12 19 21 14 13 16 8 10 15 14 15 17 13 11\
 17 9 13 11 13 22 14 7 8 13 15 9 16 16 15 11 20 10 17 10 14 9 12 10 11 18 16 13 13 15 15 21\
 17 14 19 10 21 11 13 8 12 6 17 7 13 20 14 16 19 10 7 13 18 12 17 19 18 16 15 18 13 11 9 15\
 20 19 22 9 14 14 16 16 14 13 23 11 12 20 22 23 18 19 20 11 17 12 19 16 21 11 19 18 9 19 12 21\
 19 12 15 12 17 17 13 10 16 8 19 17 14 19 18 21 21 19 13 15 17 19 22 16 15 16 18 23 18 15 12 16\
 14 9 15 14 18 11 20 14 13 20 27 15 16 12 20 12 12 23 16 13 19 19 18 15 21 25 20 19 12 10 12 26\
 18 20 12 20 13 25 21 14 21 17 14 18 16 19 14 24 26 16 25 16 29 21 14 19 16 14 20 20 25 20 18 26\
 13 16 22 21 14 17 16 25 24 29 20 16 18 21 23 18 24 28 21 29 18 18 24 24 17 20 18 15 13 20 28 26\
 36 26 34 20 30 21 24 29 34 29 26 33 40 19 33 44 37 51 40 33 39 45 54 52 62 72 68 73 81 72 86 99\
 83 90 96 83 99 84 118 131 135 109 109 105 115 97 99 102 92 93 118 94 113 81 79 87 95 58 77 66 70 61 73 57\
 47 48 62 54 59 49 67 35 55 34 39 50 38 52 37 52 43 36 53 67 37 58 56 49 45 54 58 43 50 44 38 48\
 31 38 31 34 42 42 58 38 36 33 43 38 43 34 37 32 43 47 38 30 41 43 32 33 38 31 40 42 29 47 41 41\
 43 39 48 40 43 46 37 56 46 42 41 46 50 44 52 47 42 60 62 54 55 37 48 66 44 58 51 61 62 51 57 56\
 68 58 55 70 54 58 53 61 72 75 65 58 77 67 52 78 67 72 66 67 70 77 71 79 80 83 75 84 94 94 88 95\
 116 87 92 98 86 98 97 95 98 121 123 97 116 114 111 121 121 106 121 121 104 116 122 119 140 125 127 114 146 135 140 135\
 124 132 150 153 118 131 149 134 137 159 152 153 150 147 156 160 174 164 187 177 193 180 181 184 196 192 202 219 201 193 224 215\
 223 223 248 223 224 219 220 233 270 243 244 237 266 232 255 275 303 304 277 304 301 331 303 348 332 361 332 323 388 352 337 361\
 374 384 430 459 437 422 437 446 434 490 438 456 471 498 489 488 485 489 538 501 506 563 537 549 543 556 560 568 540 582 629 646\
 668 616 704 692 730 741 796 855 872 957 924 1072 1119 1089 1193 1294 1384 1435 1553 1627 1737 1916 2034 2189 2334 2454 2654 2862 3090 3264 3469 3738\
 3934 4134 4470 4811 4974 5298 5647 5950 6052 6258 6748 6949 7458 7646 8040 8294 8428 8809 9011 9409 9419 9826 10009 10182 10330 10533 10575 10839 10802 10927 11020 11190\
 10998 11286 10854 11123 11281 11340 11241 11260 11328 11237 11171 11367 11536 11464 11857 11712 11888 11955 11969 12332 12501 12697 12973 13019 13138 13531 13525 13497 13789 13904 13651 13633\
 13682 13451 13255 13112 12874 12288 12345 11872 11666 10930 10544 9953 9364 8867 8208 7772 7126 6724 6114 5609 4965 4477 4081 3750 3193 2846 2652 2201 1912 1684 1469 1260\
 1092 856 826 635 532 455 383 312 275 198 180 168 115 82 74 49 42 40 38 23 20 23 12 18 15 9 11 12 10 7 11 11\
 8 8 4 13 7 7 11 8 6 9 4 3 8 6 4 7 3 2 6 0 7 4 2 4 3 6 5 4 3 2 4 2\
 7 4 3 3 8 5 5 4 4 0 2 1 3 3 3 5 5 4 2 5 3 8 0 3 2 2 5 2 3 3 2 2


#S 15 mca_save_point Point:14 Scan:334 Datafile:20151023
#D Tue Oct 27 07:52:06 2015
#U Epics mca: dp_vortex_xrd45:mca1
#T 120  (Seconds)
#Q 0 0 0.0300015
#Energy 10
#Monc 2106260 27950168
#@MCA %32C
#@CHANN 1000 0 999 1
#@CTIME 120 120 90.5912
#@CALIB -17.487 5.2147 0
#N 1
#L Epics MCA
@A 0 0 0 0 0 0 0 0 0 0 0 0 0 0 0 0 0 0 0 0 0 0 0 0 0 0 0 0 0 0 0 0\
 0 0 0 0 0 0 0 0 0 0 0 0 0 0 0 0 0 0 0 0 0 0 0 0 0 0 0 0 0 0 0 0\
 0 0 0 0 0 0 0 0 0 0 0 0 0 0 0 0 0 0 0 0 0 0 0 0 0 0 0 0 0 0 0 0\
 0 0 0 0 0 0 0 0 0 0 0 0 0 0 0 0 0 0 0 0 0 0 0 0 0 0 0 0 0 0 0 0\
 0 0 0 0 0 0 0 0 0 0 0 0 0 0 0 0 0 0 0 0 0 0 0 0 0 0 0 0 0 0 0 0\
 0 1 1 2 3 2 1 6 3 8 5 4 7 10 11 15 18 17 14 16 15 14 25 21 28 21 26 23 21 24 24 15\
 23 20 31 32 18 21 19 27 13 29 14 18 20 22 18 19 13 16 18 21 20 21 19 27 24 26 11 26 17 24 14 17\
 23 12 14 14 23 18 22 17 15 20 19 16 12 16 20 12 22 26 15 28 14 28 27 15 13 18 23 25 17 23 13 9\
 15 18 17 15 19 18 21 13 14 12 13 21 16 17 12 22 12 21 14 19 20 12 17 18 16 24 13 14 13 28 17 15\
 16 21 26 28 22 15 17 11 8 20 18 17 13 24 19 18 19 13 12 14 20 18 12 20 17 10 15 14 17 12 21 11\
 11 12 20 10 12 15 11 18 17 18 18 14 20 13 22 22 7 14 19 17 15 16 21 13 21 19 15 11 14 20 17 21\
 25 16 18 16 15 18 15 14 13 19 20 11 21 19 12 24 15 19 21 14 17 26 26 26 18 20 22 24 19 24 24 24\
 27 16 22 26 19 17 18 19 22 19 17 13 14 16 12 18 13 15 15 10 16 18 22 20 10 9 15 17 18 17 11 14\
 11 11 12 21 18 9 12 15 17 22 11 13 15 13 26 14 21 9 16 16 17 21 15 17 10 16 23 21 13 17 21 10\
 23 20 17 13 12 16 22 16 15 13 19 13 23 21 13 20 11 15 19 14 8 11 17 21 11 17 16 16 13 18 19 15\
 15 10 7 17 17 15 27 13 20 16 15 19 25 27 22 24 21 25 34 39 43 44 45 53 39 46 44 48 46 48 48 38\
 46 51 50 36 41 24 28 27 25 19 26 24 17 20 19 24 17 16 10 19 18 21 21 20 17 17 16 21 18 15 19 17\
 37 21 17 19 20 22 18 26 15 23 28 11 15 29 9 21 14 15 20 9 18 11 20 15 19 20 15 15 9 9 10 16\
 9 12 19 13 17 13 17 11 20 12 9 17 13 15 13 19 16 14 21 15 10 12 9 14 6 14 12 18 12 18 20 19\
 12 17 17 20 15 19 15 16 18 14 9 7 12 17 9 18 21 15 17 12 15 10 10 13 11 24 11 14 8 13 18 15\
 14 11 21 17 17 19 6 17 15 18 8 17 9 12 17 19 18 12 15 11 14 9 14 19 12 18 22 24 16 24 18 20\
 16 18 18 25 18 28 13 10 15 21 13 15 28 24 20 33 45 38 37 60 60 74 97 113 133 132 176 196 248 270 276 335\
 335 415 420 473 473 528 513 506 556 569 556 533 515 528 469 451 391 402 346 322 288 252 207 192 170 138 108 95 89 65 58 56\
 42 34 30 29 24 16 26 20 20 15 25 23 21 20 20 19 22 26 27 31 32 31 47 47 51 56 45 66 70 67 72 97\
 91 90 112 108 114 107 105 112 107 102 105 96 101 90 99 83 73 77 56 61 48 39 38 47 32 23 35 18 29 18 28 12\
 19 15 12 16 12 16 11 12 17 15 16 9 13 14 15 18 16 13 10 15 21 12 9 19 10 18 5 9 13 12 11 16\
 19 14 16 9 13 21 10 9 9 13 13 15 9 16 17 16 17 14 13 18 20 6 11 13 18 10 16 16 8 13 14 16\
 11 12 7 18 15 17 13 10 18 12 12 13 10 13 11 15 8 15 8 11 10 13 11 17 17 10 12 17 11 13 6 14\
 17 10 8 13 9 19 17 11 17 7 12 20 16 16 9 11 12 9 18 9 11 14 13 6 11 16 10 17 12 16 9 12\
 11 17 9 10 12 17 13 9 10 10 16 14 11 8 17 8 16 11 14 14 20 14 14 13 19 2 17 13 12 14 13 16\
 14 12 21 9 14 9 10 15 20 11 19 17 9 12 11 9 16 13 17 15 14 14 15 12 16 7 11 7 12 8 6 7\
 11 19 15 9 11 16 17 15 12 16 8 20 10 9 9 12 22 12 10 12 10 8 14 11 9 19 14 14 18 18 12 16\
 11 22 15 17 9 23 4 9 12 10 9 9 17 12 13 12 17 13 13 11 14 9 13 8 13 22 13 21 22 14 10 19\
 9 24 17 6 8 14 10 16 19 16 11 11 8 16 14 10 8 7 17 13 8 10 10 11 10 10 14 13 11 10 15 8\
 10 13 23 17 20 10 14 15 14 8 11 11 12 13 6 9 6 9 11 11 10 13 11 14 13 9 22 16 12 12 10 10\
 17 16 14 13 13 9 12 18 19 19 18 23 11 11 12 18 26 19 11 12 8 20 16 20 9 16 11 15 9 7 14 11\
 16 13 14 18 13 16 11 12 11 12 16 8 13 9 10 8 8 19 14 8 16 14 10 11 12 15 16 15 22 10 13 15\
 14 17 13 14 8 16 16 7 12 15 15 7 15 18 11 9 16 14 8 19 9 6 10 12 11 16 14 13 15 14 16 12\
 23 23 14 8 19 20 13 16 24 16 29 23 16 17 13 25 21 19 29 17 17 26 19 22 20 20 9 17 16 16 13 8\
 17 13 10 22 10 14 15 16 11 16 15 19 11 19 10 19 6 8 20 14 17 9 16 10 14 14 11 10 15 11 14 16\
 17 21 11 8 10 18 18 13 11 19 16 13 12 16 11 15 12 15 15 10 14 18 11 10 16 12 14 16 13 14 13 18\
 17 12 15 15 14 25 12 17 12 11 21 20 9 19 20 16 18 20 12 17 9 12 13 12 14 21 15 13 13 14 14 18\
 23 22 9 17 16 16 26 19 16 15 15 12 14 18 19 10 20 20 12 16 10 17 8 10 18 26 20 18 20 17 11 17\
 20 20 19 15 14 15 15 16 12 15 14 14 15 21 11 22 28 21 19 18 11 15 18 21 19 16 19 17 19 18 19 15\
 17 17 22 20 21 17 11 20 17 18 14 17 22 22 10 18 20 17 16 20 19 12 21 15 11 28 18 16 25 15 23 14\
 13 20 17 16 20 13 14 25 18 15 21 21 13 18 10 18 14 18 27 24 17 20 23 16 22 20 18 19 19 23 18 16\
 23 15 19 27 23 24 21 22 14 22 11 18 25 19 22 20 20 24 18 24 14 23 34 25 25 25 19 24 20 24 21 12\
 20 18 20 31 24 26 26 27 33 23 30 30 28 31 33 37 39 40 46 45 47 42 45 50 49 66 68 78 70 62 89 91\
 83 94 100 89 100 106 105 111 108 111 114 127 125 112 112 114 116 100 93 86 90 89 84 84 68 69 67 67 79 59 57 71\
 54 61 52 51 45 58 55 51 49 44 29 41 48 44 59 50 70 45 59 43 46 56 48 44 50 50 48 39 39 45 42 43\
 46 38 42 43 39 45 33 34 45 32 44 35 29 38 37 39 46 31 37 37 42 44 32 46 30 32 40 44 47 43 51 32\
 29 35 45 43 41 43 49 44 45 55 47 61 42 49 55 46 44 65 36 52 53 55 50 69 65 50 59 45 70 49 51 58\
 51 45 56 62 56 57 64 70 53 66 93 60 69 71 58 62 59 61 73 86 83 72 77 93 68 90 97 96 86 75 78 87\
 78 93 80 80 88 96 94 89 106 120 98 140 114 95 112 105 130 122 115 134 119 112 116 113 122 135 154 140 145 146 159 129\
 117 136 161 138 133 143 154 116 158 160 134 179 168 161 151 161 174 166 163 178 178 190 182 175 188 207 206 188 213 222 207 199\
 201 231 224 227 238 209 232 223 287 235 233 243 274 284 247 264 274 292 320 321 304 317 319 317 323 334 327 346 380 372 355 392\
 398 390 427 447 390 431 414 447 452 489 461 455 504 467 468 486 501 528 545 512 552 525 579 529 513 533 560 576 620 644 623 619\
 661 653 671 705 718 746 759 812 875 898 965 1033 1065 1080 1250 1322 1436 1429 1599 1625 1846 1967 2050 2245 2304 2590 2669 2862 3025 3283 3431 3719\
 3962 4175 4551 4690 5024 5385 5626 5956 6121 6614 6865 7010 7398 7693 8188 8276 8583 8829 9188 9233 9637 9766 9884 10346 10561 10357 10583 10753 10925 10983 11139 11242\
 11401 11161 11370 11361 11350 11418 11462 11435 11400 11260 11441 11541 11493 11689 11718 11811 11865 11912 12407 12271 12508 12954 13026 12894 13027 13675 13583 13848 13700 13872 13657 13782\
 13737 13666 13698 13262 13191 12625 12427 11836 11587 10797 10483 9833 9406 8763 8320 7454 7144 6639 6067 5393 4995 4531 4022 3647 3175 2857 2514 2324 2028 1632 1461 1248\
 1008 887 779 634 539 431 352 298 240 215 154 149 128 104 71 68 45 40 30 27 27 17 13 16 12 10 6 15 9 6 7 9\
 10 6 7 3 4 9 11 8 5 7 6 9 5 7 8 5 6 3 6 4 6 5 1 11 3 4 5 6 4 2 0 1\
 3 4 3 5 6 3 3 5 6 1 4 4 3 3 3 2 4 3 4 1 3 1 1 2 2 3 2 2 2 4 2 1

