#F ./vortex/20170218_32_mca
#E 1487567460
#D Sun Feb 19 23:11:00 2017
#C surf  User = epics

#C Saving MCA data for Scan:32 in Datafile:20170218

#S 1 mca_save_point Point:0 Scan:32 Datafile:20170218
#D Sun Feb 19 23:11:00 2017
#U Epics mca: dp_vortex_xrd74:mca1
#T 100  (Seconds)
#Q 0 -6.97955e-09 0.0159959
#Energy 0
#Monc 10233241 28105426
#@MCA %32C
#@CHANN 1000 0 999 1
#@CTIME 100 100.001 93.7671
#@CALIB -48.775 5.7161 0
#N 1
#L Epics MCA
@A 0 0 0 0 0 0 0 0 0 0 0 0 0 0 0 0 0 0 0 0 0 0 0 0 0 0 0 0 0 0 0 0\
 0 0 0 0 0 0 0 0 0 0 0 0 0 0 0 0 0 0 0 0 0 0 0 0 0 0 0 0 0 0 0 0\
 0 0 0 0 0 0 0 0 0 0 0 0 0 0 0 0 0 0 0 1 1 0 0 0 1 0 0 0 0 0 0 0\
 0 1 1 0 0 0 0 0 0 1 0 0 0 0 0 0 0 0 0 0 0 0 1 0 1 0 2 0 0 1 0 0\
 0 0 1 0 0 0 0 0 0 2 0 0 0 0 0 0 0 0 0 0 0 0 0 0 0 0 0 0 1 1 1 0\
 0 1 0 1 0 0 1 0 0 1 0 0 0 1 0 0 1 2 1 0 0 0 0 1 0 0 1 0 0 1 0 0\
 0 0 0 0 0 0 1 0 0 0 0 1 1 0 0 0 1 0 0 0 0 0 0 0 0 0 0 0 0 0 0 0\
 0 0 1 0 0 1 0 0 0 0 0 0 1 0 0 1 0 0 0 0 0 0 0 0 0 0 0 0 1 0 0 0\
 0 1 0 1 0 0 0 0 0 0 0 1 0 0 0 0 0 0 0 1 0 0 0 0 0 0 0 0 1 0 1 0\
 1 0 0 0 0 0 2 0 0 0 0 0 0 0 0 0 0 0 0 0 0 0 1 0 0 0 2 0 0 0 0 0\
 1 0 0 0 0 0 0 0 0 0 0 0 0 0 0 0 0 1 0 0 1 0 0 0 0 0 0 2 1 0 0 0\
 0 1 0 0 0 0 0 1 0 0 0 0 0 0 0 1 0 0 0 0 0 0 1 0 1 0 0 0 1 0 1 1\
 0 0 0 0 0 0 0 0 0 0 1 1 0 0 0 1 0 0 0 0 0 0 0 0 0 0 0 0 0 0 0 0\
 0 0 0 0 0 0 0 0 1 0 1 0 0 0 0 0 2 1 1 0 0 0 0 1 0 1 0 0 0 2 0 0\
 0 0 1 1 3 1 2 3 3 1 2 3 3 1 3 1 4 6 6 3 3 7 1 3 2 2 2 0 0 1 2 1\
 0 0 1 1 0 3 0 0 0 1 0 0 1 0 0 0 0 0 1 1 0 0 0 2 0 0 1 3 1 3 1 2\
 1 2 5 3 1 3 0 1 0 3 3 1 1 3 2 4 6 2 1 3 2 1 1 2 0 0 1 2 2 0 0 3\
 0 0 0 1 0 0 0 1 0 1 0 0 0 0 0 0 0 2 0 0 0 0 0 1 0 0 0 0 1 1 0 1\
 0 0 0 0 0 0 0 0 0 0 0 0 0 1 0 0 0 0 0 0 0 0 0 0 1 0 0 0 0 0 1 1\
 0 0 0 0 1 0 1 0 0 1 1 0 2 1 0 1 0 0 0 1 0 0 0 1 1 3 2 2 5 2 3 5\
 1 3 8 0 3 9 4 11 13 11 9 8 7 11 13 8 6 11 6 8 7 8 6 8 4 5 1 2 5 1 0 2\
 0 0 1 1 0 0 1 0 0 1 0 0 1 2 1 0 0 1 0 0 0 2 1 0 2 1 2 1 1 1 0 0\
 2 3 0 0 0 0 1 2 0 3 0 1 1 1 1 3 0 0 1 0 0 1 0 0 0 0 0 0 0 0 0 0\
 1 0 0 0 0 0 0 0 0 0 0 0 0 0 0 0 0 0 0 0 0 0 0 0 0 0 0 0 0 0 0 0\
 0 0 0 0 0 0 0 0 0 0 0 0 0 0 0 1 0 0 0 0 0 0 0 1 0 0 0 0 0 0 0 0\
 0 0 0 0 0 0 0 1 0 0 0 1 0 0 0 0 0 0 0 0 0 0 0 0 0 0 0 0 1 0 1 0\
 0 0 0 0 0 0 0 0 0 0 0 0 0 0 0 1 0 0 0 0 0 0 0 0 0 0 0 0 0 0 0 0\
 0 0 0 0 0 2 0 0 0 0 0 0 0 0 0 0 0 0 0 0 0 0 0 0 0 0 0 0 0 0 0 0\
 0 0 0 1 0 0 1 0 0 0 0 0 0 0 0 0 0 0 0 0 0 0 0 1 0 0 0 0 0 0 0 0\
 0 1 0 0 0 0 0 1 1 0 0 0 0 0 0 0 0 0 0 0 0 0 0 0 0 0 0 0 0 0 0 0\
 0 0 0 0 0 0 1 0 0 0 0 0 0 0 0 0 0 0 0 0 0 0 0 0 0 0 0 1 1 0 0 0\
 2 0 0 2 0 0 0 0 0 0 0 0 0 0 0 0 1 1 0 0 0 0 0 0 0 0 0 0 0 0 0 0\
 1 0 0 0 0 0 0 0 0 0 0 0 0 0 0 0 1 0 0 0 0 0 1 0 0 0 0 0 0 0 1 0\
 0 1 0 0 1 0 0 0 0 0 0 0 0 0 0 0 0 0 0 0 0 0 0 0 0 0 0 0 0 0 0 1\
 0 0 0 1 0 0 0 0 0 0 0 0 0 2 0 0 0 0 0 0 0 0 0 0 0 1 1 0 1 0 0 0\
 1 0 0 0 0 0 0 0 0 0 0 0 0 0 0 0 0 0 0 0 0 0 0 1 0 0 0 0 0 0 0 0\
 0 0 0 1 0 0 0 0 0 0 1 0 0 1 0 0 0 0 0 0 1 0 0 0 0 0 0 0 0 0 1 0\
 0 0 0 1 0 0 0 0 0 0 0 0 0 0 0 0 0 0 0 0 0 0 0 0 0 0 0 0 0 0 0 0\
 0 0 0 0 0 1 0 0 0 0 0 0 0 0 0 0 0 0 0 0 0 0 1 0 0 0 0 0 0 1 0 0\
 0 0 0 0 0 0 0 0 0 0 0 0 0 0 0 0 0 0 0 0 0 0 0 1 0 0 0 0 0 0 0 0\
 1 1 0 1 0 0 1 0 0 0 0 0 1 0 0 0 0 0 0 0 0 1 1 0 0 0 1 0 0 0 0 0\
 0 0 1 1 0 0 0 0 0 0 0 0 0 1 0 0 1 0 0 1 0 0 0 0 0 0 0 1 0 0 0 0\
 0 0 0 0 0 0 0 0 0 0 0 0 0 0 0 0 0 0 0 0 0 0 0 0 1 0 0 0 0 0 0 0\
 0 1 0 0 1 0 0 0 0 0 0 0 0 1 1 1 1 0 1 0 0 0 2 0 0 0 0 1 0 0 0 0\
 1 0 0 0 2 0 0 2 1 1 0 0 1 0 1 1 1 0 2 1 1 1 0 0 0 0 0 0 1 0 0 1\
 0 2 0 0 0 1 0 0 1 0 0 0 1 0 1 1 1 1 1 0 0 1 0 0 0 0 0 0 0 0 0 0\
 1 1 0 0 1 1 1 0 0 0 0 1 0 0 0 0 0 0 0 0 1 0 1 0 0 0 1 0 0 0 1 1\
 0 0 1 1 1 0 0 1 0 1 0 0 0 0 0 1 1 1 0 0 0 1 0 2 0 0 0 0 0 0 1 0\
 0 0 0 1 3 1 1 0 1 0 1 1 0 0 2 1 1 0 0 1 1 0 0 1 0 2 1 0 0 2 1 1\
 0 0 1 1 0 0 0 0 0 1 1 0 2 4 0 1 1 3 1 1 4 1 2 1 0 0 1 2 1 3 0 5\
 3 3 2 2 0 1 0 3 1 1 0 1 1 2 1 1 4 4 3 4 1 2 2 0 1 1 0 2 4 1 4 1\
 2 3 2 8 2 5 3 3 4 3 2 0 5 8 5 6 2 2 5 8 2 4 4 3 5 6 3 6 2 7 1 6\
 5 7 11 6 5 2 2 1 3 8 4 8 7 6 9 4 7 8 9 9 7 5 4 15 11 14 23 12 9 10 19 20\
 26 31 29 33 35 36 37 42 48 51 55 43 58 57 56 76 77 70 57 83 61 88 93 78 99 94 84 89 91 100 93 102\
 108 89 107 107 116 85 90 112 100 93 102 95 109 107 100 94 96 112 104 106 96 95 108 102 85 111 96 112 115 97 93 100\
 109 78 94 97 104 86 92 68 90 70 92 71 76 70 66 62 45 58 45 47 35 31 32 43 27 21 23 17 16 18 11 16\
 12 8 4 6 3 1 3 0 1 1 2 1 0 0 0 1 0 0 0 0 0 0 0 0 0 0 0 0 0 0 0 0\
 0 0 0 0 0 0 0 0 0 0 0 0 0 0 0 0 0 0 0 0 0 0 0 0 0 0 0 0 0 0 0 0\
 0 0 0 0 0 0 0 0 0 0 0 0 0 0 0 0 0 0 0 0 0 0 0 0 0 0 0 0 0 0 0 0\
 0 0 0 0 0 0 0 0 0 0 0 0 0 0 0 0 0 0 0 0 0 0 0 0 0 0 0 0 0 0 0 0\
 0 0 0 0 0 0 0 0 0 0 0 0 0 0 0 0 0 0 0 0 0 0 0 0 0 0 0 0 0 0 0 0\
 0 0 0 0 0 0 0 0 0 0 0 0 0 0 0 0 0 0 0 0 0 0 0 0 0 0 0 0 0 0 0 0\
 0 0 0 0 0 0 0 0 0 0 0 0 0 0 0 0 0 0 0 0 0 0 0 0 0 0 0 0 0 0 0 0\
 0 0 0 0 0 0 0 0 0 0 0 0 0 0 0 0 0 0 0 0 0 0 0 0 0 0 0 0 0 0 0 0

