#F ./vortex/20170218_11_mca
#E 1487466667
#D Sat Feb 18 19:11:07 2017
#C surf  User = epics

#C Saving MCA data for Scan:11 in Datafile:20170218

#S 1 mca_save_point Point:0 Scan:11 Datafile:20170218
#D Sat Feb 18 19:11:07 2017
#U Epics mca: dp_vortex_xrd74:mca1
#T 300  (Seconds)
#Q 0 6.29201e-08 0.0160225
#Energy 0
#Monc 30090201 85635169
#@MCA %32C
#@CHANN 1000 0 999 1
#@CTIME 300 300 283.225
#@CALIB -48.775 5.7161 0
#N 1
#L Epics MCA
@A 0 0 0 0 0 0 0 0 0 0 0 1 0 0 0 0 0 1 0 0 1 1 0 0 1 0 0 0 0 0 0 0\
 0 0 0 0 1 0 0 0 0 0 0 0 0 0 0 0 0 0 0 0 0 0 0 0 0 0 0 0 0 0 0 0\
 0 0 0 0 0 0 0 0 0 0 0 0 0 0 1 0 0 0 0 0 0 1 0 0 0 0 2 0 0 0 0 1\
 0 0 0 1 1 0 2 1 0 1 1 0 0 1 1 0 1 4 0 1 1 0 2 0 1 0 1 0 1 1 3 2\
 0 0 0 1 1 1 1 0 1 0 0 0 0 0 1 2 0 0 0 0 0 1 2 1 1 2 0 0 3 1 0 0\
 2 0 0 2 0 1 0 1 2 2 0 0 0 0 0 0 0 0 0 0 0 1 1 0 0 1 1 0 0 0 0 0\
 3 0 1 0 4 0 0 0 0 2 0 1 1 0 1 1 0 0 1 0 0 0 1 1 0 0 1 0 1 1 1 0\
 0 0 0 0 2 1 1 1 1 0 1 0 0 1 0 0 0 0 1 0 0 1 0 2 0 0 2 0 0 0 0 1\
 0 1 0 0 1 1 1 0 1 1 1 0 0 0 0 0 1 0 0 0 0 0 0 1 0 1 0 0 1 1 0 0\
 0 1 0 0 0 1 0 0 0 1 0 0 1 1 0 1 1 0 1 2 0 0 1 0 1 2 2 0 0 1 1 0\
 1 1 0 0 1 0 2 1 2 2 1 0 0 0 1 0 1 2 0 2 2 1 0 0 1 2 1 1 4 4 1 2\
 3 3 5 2 2 2 6 6 4 4 3 1 2 3 3 1 2 2 3 2 4 0 0 0 0 0 0 0 1 0 2 0\
 0 1 1 3 0 1 2 0 0 0 1 0 2 0 1 0 2 1 2 1 1 1 1 1 2 1 1 3 1 1 0 0\
 1 0 1 1 2 0 4 0 1 0 0 0 0 0 0 1 0 0 0 0 1 2 1 1 0 0 3 2 0 2 1 3\
 1 8 6 6 7 8 5 9 9 15 19 15 14 12 12 11 16 14 15 10 12 12 14 8 10 8 6 3 7 2 5 5\
 8 1 5 4 2 2 0 3 1 1 1 1 0 2 1 2 0 2 2 1 4 1 4 2 4 1 5 1 5 1 3 11\
 3 5 9 6 1 13 7 4 6 9 7 6 7 8 8 4 11 8 7 4 4 4 4 3 1 5 2 0 3 1 3 2\
 0 1 1 1 2 1 0 2 0 3 0 0 1 2 1 1 0 0 1 1 1 0 2 0 0 0 0 0 0 2 0 1\
 1 0 1 1 1 0 1 0 0 1 2 1 1 2 0 1 1 0 0 1 1 0 0 1 0 0 1 0 0 0 2 2\
 0 0 0 1 3 0 1 1 0 1 0 1 0 0 0 1 2 2 2 2 2 5 3 8 7 5 3 7 12 21 17 17\
 20 29 26 29 41 40 53 53 41 45 58 51 60 38 51 37 47 41 45 31 35 24 28 24 16 22 15 11 15 7 4 3\
 3 5 5 2 2 1 1 2 1 2 1 1 2 2 0 2 3 4 1 1 1 1 3 6 5 6 3 4 1 9 3 6\
 5 7 5 4 9 5 7 4 11 7 10 4 3 7 6 5 2 3 4 3 2 1 2 2 0 1 0 2 1 0 0 0\
 0 0 0 0 1 1 0 0 0 0 0 2 0 0 0 0 1 0 1 0 0 0 1 0 0 0 0 0 1 0 0 0\
 0 0 0 0 0 0 1 2 0 1 0 0 0 0 0 0 0 0 1 1 0 1 1 0 0 0 0 1 0 0 1 2\
 0 2 0 0 1 0 0 0 0 0 2 0 0 0 0 2 0 2 0 2 0 0 1 0 0 0 1 0 1 1 0 0\
 0 1 0 0 0 0 0 1 1 1 0 0 0 0 0 0 0 0 0 0 0 0 1 0 0 0 0 0 0 0 1 0\
 1 1 2 1 1 1 0 0 1 0 1 1 0 0 3 0 0 0 0 0 2 0 0 2 0 0 0 0 0 1 0 0\
 0 0 1 0 1 0 0 0 0 0 1 0 0 0 0 0 0 1 0 0 0 0 0 0 1 1 0 0 1 2 0 0\
 1 0 2 0 0 0 2 2 0 0 0 0 0 0 1 1 0 0 1 1 0 1 0 0 0 1 2 0 0 0 0 0\
 0 0 0 1 0 0 3 1 0 0 0 1 1 0 0 0 1 0 0 0 0 1 0 0 0 1 1 0 0 0 1 1\
 0 0 0 0 0 0 1 1 1 0 0 0 0 0 0 1 0 1 0 0 0 2 0 0 0 0 0 0 0 0 1 0\
 0 0 0 1 0 0 2 0 0 2 1 1 0 0 1 0 1 2 0 0 1 0 0 0 0 0 1 0 1 0 0 0\
 0 0 1 0 1 1 1 0 0 1 0 0 0 0 1 2 1 0 1 0 1 0 1 0 1 1 0 0 2 0 0 0\
 2 0 0 1 0 0 0 0 0 0 2 1 3 3 4 0 0 1 2 2 5 3 4 7 5 9 6 1 9 9 7 10\
 13 11 6 13 11 7 18 8 17 13 15 14 13 10 8 11 11 7 6 9 6 8 11 5 2 3 2 7 4 1 3 0\
 2 4 0 2 0 0 2 0 0 1 1 0 0 0 0 1 0 0 1 0 1 0 0 1 0 0 0 0 1 0 0 2\
 2 1 0 2 0 2 2 1 1 5 3 4 2 1 3 0 2 5 3 0 7 4 4 5 11 7 7 12 7 14 8 8\
 21 23 13 18 12 16 13 10 13 13 17 8 15 5 7 3 7 8 2 7 7 10 6 9 6 4 4 4 3 0 1 6\
 1 5 3 0 0 1 0 1 0 5 0 1 0 1 2 1 1 1 1 0 0 0 2 1 1 3 0 1 0 0 0 0\
 0 0 1 0 0 0 4 0 0 1 2 0 3 0 3 2 1 2 2 2 2 3 4 4 5 10 5 12 6 6 6 5\
 10 9 11 8 7 10 11 10 4 5 4 15 3 6 11 9 5 1 2 3 5 7 5 4 5 2 4 6 5 6 3 4\
 2 4 3 2 1 1 2 3 4 4 3 1 3 3 0 0 3 6 2 3 0 1 0 1 0 0 1 0 1 1 1 2\
 0 2 1 2 0 0 1 1 0 3 3 0 0 0 2 2 0 3 3 1 2 3 2 2 3 4 5 6 2 5 5 9\
 7 7 8 2 9 12 10 7 7 9 6 6 5 4 9 7 5 4 8 6 10 4 6 9 7 3 4 4 7 0 4 2\
 3 2 0 0 1 2 2 8 1 1 5 3 0 2 4 4 1 3 4 1 0 0 2 1 3 3 1 0 0 1 0 0\
 4 3 1 3 0 2 0 1 0 1 2 0 1 3 3 3 2 1 0 1 2 3 3 6 5 0 4 6 11 7 3 4\
 8 7 11 9 11 12 13 6 14 18 14 17 14 15 22 20 13 15 13 20 14 17 19 17 13 11 18 19 13 7 14 14\
 9 7 8 4 9 5 7 6 3 1 6 2 3 3 1 2 1 0 1 7 2 3 2 3 6 1 2 3 1 3 3 1\
 5 1 5 5 3 7 1 2 2 1 4 3 2 3 3 2 5 3 1 5 2 3 1 3 5 5 1 5 8 4 6 2\
 2 4 3 6 3 4 5 3 6 5 3 3 7 4 6 1 3 6 6 4 2 3 9 7 4 4 8 4 4 4 6 11\
 3 6 4 7 8 5 6 7 5 10 4 10 13 8 14 8 8 11 15 16 11 13 19 13 12 12 11 15 16 13 11 13\
 17 21 11 13 14 25 23 18 22 16 16 19 16 27 27 21 26 18 39 27 32 31 33 34 57 44 56 50 55 46 60 74\
 79 72 79 69 100 97 113 117 118 125 137 124 163 182 160 180 189 203 203 227 236 254 244 265 283 262 292 267 294 298 279 305\
 292 301 294 318 342 300 294 338 348 320 329 283 320 287 303 328 319 289 316 300 295 310 341 316 292 330 313 278 293 332 289 327\
 328 345 308 315 290 274 275 257 256 215 244 225 201 179 185 186 186 154 134 119 115 112 99 77 87 78 65 63 62 39 32 27\
 25 25 16 19 16 16 11 15 7 8 8 5 2 4 3 0 5 2 0 0 1 1 0 0 0 0 0 0 0 0 0 0\
 0 0 0 0 0 0 0 0 0 0 0 0 0 0 0 0 0 0 0 0 0 0 0 0 0 0 0 0 0 0 0 0\
 0 0 0 0 0 0 0 0 0 0 0 0 0 0 0 0 0 0 0 0 0 0 0 0 0 0 0 0 0 0 0 0\
 0 0 0 0 0 0 0 0 0 0 0 0 0 0 0 0 0 0 0 0 0 0 0 0 0 0 0 0 0 0 0 0\
 0 0 0 0 0 0 0 0 0 0 0 0 0 0 0 0 0 0 0 0 0 0 0 0 0 0 0 0 0 0 0 0\
 0 0 0 0 0 0 0 0 0 0 0 0 0 0 0 0 0 0 0 0 0 0 0 0 0 0 0 0 0 0 0 0\
 0 0 0 0 0 0 0 0 0 0 0 0 0 0 0 0 0 0 0 0 0 0 0 0 0 0 0 0 0 0 0 0\
 0 0 0 0 0 0 0 0 0 0 0 0 0 0 0 0 0 0 0 0 0 0 0 0 0 0 0 0 0 0 0 0


#S 2 mca_save_point Point:1 Scan:11 Datafile:20170218
#D Sat Feb 18 19:16:15 2017
#U Epics mca: dp_vortex_xrd74:mca1
#T 300  (Seconds)
#Q 0 -7.41179e-09 0.0169866
#Energy 0
#Monc 30307486 85590174
#@MCA %32C
#@CHANN 1000 0 999 1
#@CTIME 300 300 288.186
#@CALIB -48.775 5.7161 0
#N 1
#L Epics MCA
@A 0 0 0 0 0 0 0 0 0 1 0 0 0 0 0 0 1 1 0 1 0 0 0 0 0 0 0 0 0 1 0 0\
 0 0 0 0 0 0 0 0 0 0 0 0 0 0 0 0 0 0 0 0 0 0 0 0 0 0 0 0 0 0 0 0\
 0 0 0 0 1 0 0 0 0 0 0 0 0 0 0 0 0 0 0 2 0 0 0 0 1 1 2 2 1 0 0 1\
 0 0 0 0 0 2 0 2 1 0 0 1 0 2 0 1 1 3 2 0 0 0 2 0 1 0 2 0 0 1 1 0\
 2 0 0 0 0 1 0 0 0 1 0 0 0 1 2 0 1 1 2 1 0 2 1 1 3 0 0 0 0 0 1 0\
 0 1 2 1 0 0 0 0 0 1 2 3 2 0 1 0 0 0 0 0 0 0 0 0 1 0 0 2 0 0 0 0\
 1 1 0 0 0 0 1 0 1 0 0 2 1 0 1 1 0 0 0 0 1 1 1 1 2 1 1 0 3 1 0 0\
 1 0 0 1 0 0 0 0 0 0 2 0 2 0 0 1 0 1 0 1 1 1 1 0 1 0 1 0 0 0 0 1\
 0 1 0 2 0 1 1 1 1 1 0 1 0 2 1 1 1 1 1 0 2 1 0 0 0 0 0 0 0 0 1 0\
 1 2 1 0 0 0 0 1 1 0 1 1 1 1 1 2 2 0 1 0 1 1 1 1 0 0 1 2 0 0 0 0\
 0 1 0 1 1 0 1 1 0 0 0 2 0 0 0 2 2 1 2 1 1 4 0 2 3 1 2 4 3 0 4 4\
 3 5 5 6 3 3 6 4 4 6 2 3 3 3 1 1 0 1 0 2 2 2 0 1 0 2 3 0 1 2 1 1\
 0 0 2 0 1 0 2 2 4 0 2 0 0 3 0 1 0 0 1 1 2 1 2 0 0 1 2 2 0 4 1 1\
 3 0 1 1 1 1 0 1 2 0 1 0 0 0 0 0 1 0 0 2 1 0 1 1 4 0 1 0 4 5 4 6\
 0 10 5 7 11 7 14 12 12 15 19 12 11 9 19 22 13 17 16 12 17 11 16 14 10 20 5 8 5 8 9 5\
 5 3 2 4 3 2 4 0 3 1 2 1 2 4 0 1 1 3 4 4 4 5 1 1 4 2 3 6 5 5 4 2\
 6 1 4 9 10 10 6 5 4 8 6 7 10 5 7 5 7 5 9 8 4 4 7 5 2 3 2 0 0 1 1 0\
 0 1 0 1 0 0 0 0 0 3 0 3 0 0 3 1 1 5 0 1 1 1 2 1 2 3 2 0 0 1 2 1\
 4 1 1 2 3 1 2 1 0 0 0 1 0 1 1 0 1 0 0 0 0 1 1 1 0 0 1 1 1 0 1 0\
 0 0 1 0 1 0 1 1 2 3 0 0 1 2 1 1 2 1 3 2 5 1 5 5 2 4 10 8 20 15 22 20\
 21 29 37 50 30 59 45 57 50 64 51 38 68 63 40 33 48 44 46 35 38 34 31 26 22 18 14 15 9 8 11 11\
 8 3 3 3 2 3 2 1 1 1 0 2 2 3 1 2 1 1 1 2 1 3 4 2 1 6 4 7 7 4 4 1\
 7 5 12 8 7 5 9 4 8 8 4 5 5 4 8 5 2 1 3 5 1 5 1 3 1 1 3 1 2 1 1 0\
 0 0 0 0 0 1 0 1 0 1 1 0 0 0 1 0 0 1 0 0 0 1 0 0 1 0 0 1 0 0 0 0\
 0 0 1 1 0 1 0 0 0 1 0 0 0 0 0 0 1 2 0 0 0 0 1 0 0 0 0 1 0 1 0 0\
 0 0 0 2 0 0 0 0 0 0 0 0 0 0 1 0 0 0 0 1 0 2 2 2 0 0 0 1 0 0 0 0\
 0 1 0 1 0 0 1 1 0 0 1 0 1 1 0 0 0 0 0 0 0 1 0 0 1 0 1 0 0 0 0 0\
 0 0 0 0 0 0 1 0 0 0 1 0 1 0 0 0 0 0 0 0 1 1 0 2 0 1 0 0 1 0 1 1\
 0 1 0 0 1 0 0 1 0 0 0 0 0 0 0 3 0 0 1 1 0 0 1 0 1 0 0 3 0 2 2 0\
 1 1 0 0 0 0 1 1 0 0 0 0 0 0 0 1 0 2 1 0 1 2 1 1 1 1 1 0 2 0 0 0\
 1 0 0 0 1 0 0 0 1 0 0 1 0 0 0 0 0 0 0 0 1 0 0 0 0 0 1 0 1 1 0 2\
 0 0 0 1 3 0 0 0 0 1 1 1 1 0 0 0 1 0 0 0 0 1 0 0 0 0 1 0 2 1 0 0\
 0 1 0 1 2 1 0 0 0 0 1 0 0 0 0 0 1 1 1 1 1 1 0 1 0 0 1 0 0 0 0 0\
 0 1 3 1 0 1 0 1 1 1 0 1 0 1 0 2 0 2 2 0 0 0 0 0 1 0 0 0 0 0 0 0\
 0 2 1 0 0 1 1 1 0 2 1 0 0 2 0 0 2 2 2 4 4 3 2 5 6 5 9 5 8 10 12 16\
 17 7 9 8 19 17 11 11 17 12 16 14 12 17 16 10 6 8 8 8 13 6 9 8 3 2 6 3 4 1 2 6\
 4 3 4 2 0 1 2 1 0 0 2 0 1 2 1 0 0 0 0 0 0 0 0 0 0 1 0 0 1 0 1 0\
 0 0 0 2 0 2 1 0 1 2 2 2 4 5 5 1 7 3 1 3 4 8 4 6 8 7 6 12 17 16 22 8\
 17 14 16 29 18 13 12 19 14 11 16 10 18 15 14 14 11 10 11 18 14 8 10 8 1 0 6 4 7 4 3 8\
 2 4 2 1 0 4 1 3 1 4 1 4 0 1 1 1 1 0 0 0 0 1 0 1 0 0 0 0 0 2 0 1\
 0 0 1 0 2 1 0 0 0 3 2 2 2 2 2 6 1 2 2 3 3 2 2 7 10 4 12 10 10 3 6 5\
 9 16 5 7 8 11 14 8 11 10 8 7 9 9 2 6 5 5 3 9 4 3 4 1 4 4 5 1 4 5 5 1\
 2 6 4 2 2 1 0 3 2 2 2 3 2 1 8 1 2 1 1 3 3 0 2 0 1 0 0 4 1 0 1 1\
 0 1 2 1 0 2 1 1 0 2 2 0 2 3 2 2 1 0 3 3 3 4 1 4 5 5 2 4 4 6 9 8\
 7 12 7 8 9 2 3 9 6 6 5 9 10 8 6 7 10 7 7 5 3 9 9 8 1 5 6 4 2 1 4 3\
 2 3 1 5 1 2 2 4 2 2 3 5 1 0 1 2 3 2 5 3 1 2 4 3 3 0 2 1 1 4 1 3\
 1 2 3 1 1 2 0 0 1 2 2 3 2 3 3 1 2 0 1 2 3 2 5 2 2 4 4 7 6 9 10 10\
 7 6 14 13 13 17 19 19 10 21 17 15 20 21 19 30 17 19 18 15 16 16 16 23 17 20 16 21 18 9 15 11\
 6 12 7 8 7 7 6 3 3 2 3 0 6 7 2 2 3 5 2 2 4 0 4 3 5 5 2 1 5 1 5 2\
 2 3 1 5 5 1 1 6 0 6 3 2 7 4 3 2 1 6 5 1 2 7 6 7 1 7 3 2 4 3 10 2\
 3 2 2 4 1 4 10 2 3 6 5 8 5 5 10 9 10 3 9 9 10 5 6 3 4 3 3 7 13 11 10 7\
 7 11 7 8 6 13 15 8 15 6 8 6 11 9 8 14 9 9 8 17 15 16 14 14 14 9 25 11 21 15 21 21\
 13 18 17 21 20 23 15 14 28 20 26 23 28 23 26 27 18 29 33 35 38 26 40 61 45 46 65 67 55 76 68 78\
 86 90 97 95 101 130 109 124 139 136 165 155 194 209 202 206 210 213 240 256 237 270 267 263 289 304 302 319 308 327 348 352\
 352 338 357 368 386 376 368 385 359 363 328 347 389 360 354 354 360 387 348 353 378 356 362 369 358 328 362 346 386 333 392 355\
 367 348 329 335 342 328 323 302 306 287 283 273 265 232 255 213 214 172 147 152 143 150 120 116 86 93 71 73 71 43 35 30\
 34 20 23 15 11 12 11 6 5 9 5 2 4 0 1 3 0 0 1 0 1 0 0 1 1 0 0 2 0 0 0 0\
 0 0 0 0 0 0 0 0 0 0 0 0 0 0 0 0 0 0 0 0 0 0 0 0 0 0 0 0 0 0 0 0\
 0 0 0 0 0 0 0 0 0 0 0 0 0 0 0 0 0 0 0 0 0 0 0 0 0 0 0 0 0 0 0 0\
 0 0 0 0 0 0 0 0 0 0 0 0 0 0 0 0 0 0 0 0 0 0 0 0 0 0 0 0 0 0 0 0\
 0 0 0 0 0 0 0 0 0 0 0 0 0 0 0 0 0 0 0 0 0 0 0 0 0 0 0 0 0 0 0 0\
 0 0 0 0 0 0 0 0 0 0 0 0 0 0 0 0 0 0 0 0 0 0 0 0 0 0 0 0 0 0 0 0\
 0 0 0 0 0 0 0 0 0 0 0 0 0 0 0 0 0 0 0 0 0 0 0 0 0 0 0 0 0 0 0 0\
 0 0 0 0 0 0 0 0 0 0 0 0 0 0 0 0 0 0 0 0 0 0 0 0 0 0 0 0 0 0 0 0


#S 3 mca_save_point Point:2 Scan:11 Datafile:20170218
#D Sat Feb 18 19:21:24 2017
#U Epics mca: dp_vortex_xrd74:mca1
#T 300  (Seconds)
#Q 0 4.71684e-08 0.018017
#Energy 0
#Monc 30496512 85630476
#@MCA %32C
#@CHANN 1000 0 999 1
#@CTIME 300 300 292.39
#@CALIB -48.775 5.7161 0
#N 1
#L Epics MCA
@A 0 0 0 0 0 0 0 0 0 0 0 0 0 0 0 0 1 0 1 0 0 1 0 0 1 0 0 0 0 0 0 0\
 0 0 0 0 0 0 0 0 0 0 0 0 0 0 0 0 0 0 0 0 0 0 0 0 0 0 0 0 0 0 0 0\
 0 0 0 0 0 0 0 0 0 0 0 1 0 0 0 0 0 0 0 0 0 0 0 0 0 0 0 1 1 1 0 1\
 1 2 1 0 1 0 0 1 2 0 1 0 2 0 2 0 3 2 1 2 0 0 4 0 0 4 1 0 0 0 0 0\
 1 2 2 1 2 1 2 1 0 0 0 1 2 1 1 0 0 1 0 2 1 0 1 3 2 1 0 2 1 0 0 1\
 0 2 2 0 0 1 1 0 1 0 1 1 1 1 0 1 0 1 0 1 1 1 1 0 0 0 0 2 0 2 0 0\
 2 2 1 1 0 1 1 1 0 1 0 0 2 0 0 1 0 2 1 0 0 0 1 0 1 0 0 0 1 1 1 1\
 2 0 1 0 0 1 1 2 0 0 1 0 0 1 1 1 1 0 0 1 1 1 0 0 2 0 0 1 0 0 0 2\
 0 0 1 0 2 0 1 2 1 1 0 0 0 0 1 1 1 1 1 0 0 2 2 0 0 0 1 1 0 0 1 1\
 1 2 0 2 1 0 2 4 1 2 1 0 1 2 0 1 4 5 1 3 3 2 0 1 0 1 0 0 0 2 3 0\
 0 1 2 1 0 0 1 1 2 1 0 1 2 1 0 1 1 3 0 1 4 1 1 2 3 6 0 4 4 2 4 6\
 5 2 8 9 3 3 2 5 7 7 4 1 1 7 3 3 2 1 1 4 0 2 0 0 1 0 1 0 0 0 3 1\
 0 1 0 0 0 0 2 0 0 1 0 0 2 1 2 1 2 0 1 2 2 1 2 1 0 1 2 1 0 1 1 0\
 0 1 0 1 3 1 1 2 2 3 0 2 0 0 0 1 0 1 4 0 0 3 0 0 0 0 2 1 2 9 4 2\
 4 4 13 11 5 16 11 10 24 13 18 22 14 26 19 21 17 22 19 24 17 19 13 12 16 14 15 11 7 7 3 2\
 2 2 0 1 2 2 2 1 2 0 2 3 1 3 4 3 1 7 2 3 8 1 2 4 6 5 5 3 2 2 1 1\
 2 2 6 4 9 6 9 3 7 6 7 8 4 7 9 2 7 9 8 3 2 2 0 2 3 3 5 3 0 0 3 0\
 1 0 0 0 0 2 1 2 0 0 1 1 2 3 2 1 0 4 0 0 0 2 3 0 5 2 0 2 2 1 1 0\
 3 0 1 0 0 0 0 0 1 1 2 2 0 1 1 0 0 1 0 2 2 0 0 0 1 0 0 1 0 0 0 2\
 0 1 0 0 4 2 1 2 1 0 1 0 2 2 4 1 2 4 5 1 4 2 8 6 9 13 20 18 12 26 36 36\
 26 41 52 44 53 58 44 69 70 74 87 60 67 70 61 56 51 44 58 52 39 33 44 30 30 25 18 20 12 12 11 5\
 9 5 5 2 0 2 3 1 4 2 3 0 1 1 2 3 3 5 2 1 2 1 4 4 8 5 4 8 8 7 7 8\
 7 16 8 6 12 14 12 11 8 8 11 7 5 6 4 10 3 5 4 3 4 0 2 1 2 4 0 0 0 0 0 0\
 0 0 0 1 1 1 0 0 1 0 0 0 0 0 0 0 0 1 0 0 0 1 0 1 0 0 0 0 1 0 0 0\
 1 0 0 1 0 0 0 0 0 0 0 0 2 1 1 0 0 0 3 0 0 1 0 0 0 0 0 0 0 0 0 1\
 1 1 1 0 2 1 0 0 0 0 0 2 0 1 0 2 1 0 0 2 0 0 0 0 2 0 1 2 1 0 0 0\
 1 0 0 1 2 1 0 0 1 0 0 0 1 0 2 0 1 0 0 0 0 0 0 0 1 0 0 1 1 2 0 0\
 0 0 1 0 1 0 0 0 0 0 0 0 0 1 0 0 0 0 1 1 0 0 0 0 0 0 1 1 0 0 0 1\
 0 0 0 1 0 0 0 1 0 0 0 0 0 2 0 0 1 0 0 0 0 1 0 0 0 1 0 0 0 0 1 0\
 0 1 0 1 0 0 2 1 0 0 0 1 0 0 1 0 0 1 0 2 0 0 0 1 1 3 0 0 1 2 0 0\
 0 0 1 1 0 1 0 1 1 0 1 1 1 0 0 2 1 0 1 1 1 0 0 2 0 0 0 0 0 2 1 0\
 1 0 0 0 0 0 1 0 0 0 1 0 0 0 0 1 0 0 1 0 1 0 1 1 0 0 1 0 2 1 1 2\
 2 0 0 1 1 1 2 1 0 1 0 0 0 0 1 3 1 1 2 0 0 0 1 0 0 1 1 1 0 1 1 2\
 0 1 0 2 1 0 1 0 0 0 0 1 0 1 1 0 0 0 2 0 2 1 0 1 1 1 0 0 0 0 2 0\
 0 0 0 0 1 1 1 2 0 0 2 0 3 2 1 1 1 4 4 6 2 3 5 9 11 5 7 11 13 7 12 9\
 15 12 17 20 11 18 16 15 14 15 15 21 17 13 11 14 14 12 12 4 12 6 14 10 7 7 3 4 5 5 0 2\
 3 0 1 1 4 2 4 2 0 2 0 0 0 0 1 2 0 1 1 0 2 0 0 0 1 1 0 0 0 0 0 0\
 0 0 3 1 2 0 1 0 1 1 5 0 2 3 2 5 4 8 7 9 11 6 6 11 11 17 10 20 17 16 13 17\
 19 22 29 24 22 14 18 22 19 19 21 18 17 20 12 15 13 13 7 16 8 7 3 9 7 7 8 7 5 5 1 2\
 3 3 3 1 1 2 2 5 1 1 3 1 1 1 4 2 1 0 1 1 0 0 0 1 0 1 1 1 0 1 2 0\
 0 1 1 1 2 0 1 0 1 0 0 0 2 3 3 5 6 2 9 5 5 2 4 8 8 5 5 7 7 13 9 11\
 11 11 15 12 4 11 6 7 14 11 15 8 11 7 10 14 9 7 8 10 6 6 8 5 2 7 6 2 3 2 4 6\
 3 4 3 4 3 2 3 2 4 3 4 2 2 3 4 4 5 3 1 2 0 1 0 0 1 1 3 1 1 1 0 1\
 0 0 2 1 1 1 2 2 1 0 0 0 0 2 1 5 2 1 4 4 3 1 5 7 3 5 1 4 8 5 12 10\
 5 6 11 8 11 15 12 9 8 8 8 9 8 13 13 6 9 7 8 5 5 10 8 6 5 3 3 6 4 3 4 2\
 6 3 4 4 1 4 2 5 3 2 3 4 2 5 2 3 1 4 2 5 2 3 2 2 2 4 3 0 0 2 4 1\
 1 2 4 3 2 1 2 0 3 3 2 2 4 2 2 2 3 5 1 7 2 7 3 2 7 4 5 6 5 3 6 11\
 14 8 16 15 18 15 22 14 16 20 21 23 33 32 22 22 21 20 21 27 30 20 22 16 16 25 24 18 24 16 14 6\
 10 16 15 14 14 6 9 4 4 7 4 3 2 3 2 6 2 3 2 4 2 1 3 2 1 3 4 6 10 1 1 4\
 3 2 5 5 4 5 6 7 3 5 1 3 5 2 9 5 3 4 6 4 4 7 5 4 3 6 5 3 6 3 1 8\
 4 5 9 5 11 6 3 11 10 5 0 3 5 8 4 7 4 7 9 8 9 9 5 3 7 9 8 10 13 12 15 12\
 9 9 4 13 10 14 16 13 14 10 10 13 16 10 17 7 16 13 13 5 8 9 17 18 19 15 13 22 20 20 17 22\
 19 20 14 23 30 27 27 23 17 32 27 29 32 30 33 40 29 50 40 41 39 56 61 71 51 61 54 57 76 96 77 118\
 94 114 95 112 117 116 135 151 157 174 190 192 193 216 222 204 263 268 268 266 292 321 330 316 349 367 354 383 381 357 384 430\
 415 413 414 436 449 420 410 409 434 416 417 419 438 444 417 385 402 433 406 375 418 428 414 390 450 387 470 439 442 387 401 457\
 442 394 370 410 421 381 374 362 351 306 332 324 301 298 270 227 236 190 198 153 149 142 140 120 114 97 96 76 59 58 62 34\
 41 38 26 19 18 14 7 11 11 9 6 4 2 3 0 2 1 1 0 1 0 0 0 0 0 0 1 0 0 0 0 0\
 0 0 0 0 0 0 0 0 0 0 0 0 0 0 0 0 0 0 0 0 0 0 0 0 0 0 0 0 0 0 0 0\
 0 0 0 0 0 0 0 0 0 0 0 0 0 0 0 0 0 0 0 0 0 0 0 0 0 0 0 0 0 0 0 0\
 0 0 0 0 0 0 0 0 0 0 0 0 0 0 0 0 0 0 0 0 0 0 0 0 0 0 0 0 0 0 0 0\
 0 0 0 0 0 0 0 0 0 0 0 0 0 0 0 0 0 0 0 0 0 0 0 0 0 0 0 0 0 0 0 0\
 0 0 0 0 0 0 0 0 0 0 0 0 0 0 0 0 0 0 0 0 0 0 0 0 0 0 0 0 0 0 0 0\
 0 0 0 0 0 0 0 0 0 0 0 0 0 0 0 0 0 0 0 0 0 0 0 0 0 0 0 0 0 0 0 0\
 0 0 0 0 0 0 0 0 0 0 0 0 0 0 0 0 0 0 0 0 0 0 0 0 0 0 0 0 0 0 0 0


#S 4 mca_save_point Point:3 Scan:11 Datafile:20170218
#D Sat Feb 18 19:26:33 2017
#U Epics mca: dp_vortex_xrd74:mca1
#T 300  (Seconds)
#Q 0 -2.48404e-08 0.0189767
#Energy 0
#Monc 30575502 85625545
#@MCA %32C
#@CHANN 1000 0 999 1
#@CTIME 300 300 289.146
#@CALIB -48.775 5.7161 0
#N 1
#L Epics MCA
@A 0 0 0 0 0 0 0 0 0 0 0 0 1 0 0 1 0 0 0 1 0 0 0 1 1 0 0 0 0 1 0 0\
 0 0 0 0 0 0 0 0 0 0 0 0 0 0 0 0 0 0 0 0 0 0 0 0 0 0 0 0 0 0 0 0\
 0 0 0 0 0 0 0 0 0 0 0 0 0 0 0 0 0 0 0 0 1 0 0 0 0 2 0 0 0 0 0 0\
 1 0 2 1 0 0 1 0 0 0 0 1 1 0 0 1 1 0 2 1 2 0 1 0 0 0 1 1 1 1 3 0\
 1 3 2 2 1 0 0 3 1 1 1 0 2 0 0 2 1 3 2 4 2 0 3 0 3 2 1 1 2 0 3 1\
 0 1 1 1 0 2 0 0 1 0 0 0 0 0 0 0 0 0 4 0 0 1 1 0 0 2 0 1 1 0 2 0\
 0 1 0 0 0 0 1 0 1 0 1 0 4 1 1 0 0 2 0 0 1 2 1 1 1 0 2 0 0 0 0 0\
 1 1 1 0 2 0 0 2 0 0 1 2 2 0 0 0 2 0 0 0 0 0 0 1 0 0 2 2 1 1 1 2\
 1 0 0 0 1 1 1 2 0 1 0 0 2 0 1 0 1 2 1 0 1 1 1 0 3 1 0 0 0 0 0 1\
 2 0 0 1 0 1 0 0 0 0 0 3 0 1 2 3 2 2 1 1 2 1 1 5 0 2 2 2 1 2 0 1\
 1 0 0 0 1 0 2 2 1 2 0 0 1 1 3 3 0 4 2 1 1 2 3 3 3 4 6 6 7 5 4 6\
 3 8 5 8 3 4 11 4 0 5 3 5 4 3 3 5 1 1 4 5 1 2 2 0 4 2 1 1 0 0 1 1\
 4 1 0 2 0 0 0 0 1 0 2 3 2 2 1 2 1 0 2 2 0 0 1 2 3 0 1 1 1 1 1 2\
 2 2 1 0 2 0 1 0 1 2 2 3 3 2 1 2 0 1 0 2 2 2 1 5 0 4 4 3 3 5 5 7\
 4 2 11 8 11 15 10 16 11 22 20 24 22 22 17 21 24 25 28 21 15 14 15 17 16 11 11 12 12 10 4 8\
 5 0 3 5 0 1 0 6 3 3 1 3 5 2 1 1 3 2 6 3 2 3 5 3 3 0 2 7 2 4 8 4\
 4 3 6 3 4 5 8 5 5 8 5 2 5 3 8 7 5 6 6 9 3 5 3 3 4 3 3 3 2 3 0 1\
 3 0 2 1 2 2 1 0 2 2 2 0 1 3 3 0 1 3 0 1 1 1 2 2 3 0 0 1 1 1 0 2\
 3 2 1 1 0 0 0 0 3 0 2 0 3 1 2 2 0 3 1 1 0 0 0 1 1 2 1 1 1 0 1 1\
 2 1 3 2 0 1 2 0 0 1 0 1 1 1 1 0 2 1 3 5 3 8 5 6 5 10 12 22 18 26 33 41\
 32 46 39 37 46 65 69 65 70 66 73 80 69 80 67 79 76 60 48 53 53 44 37 39 27 17 20 21 26 12 9 11\
 9 8 7 4 3 3 5 1 1 3 2 1 3 1 1 3 2 3 2 3 3 3 3 5 8 8 2 3 10 10 6 10\
 8 20 12 4 9 9 7 5 12 8 8 3 5 8 3 7 6 6 2 2 3 3 1 0 2 4 1 1 1 1 2 1\
 0 0 1 1 1 1 0 0 0 1 2 0 1 0 1 2 3 1 1 1 1 0 1 0 0 0 1 1 0 0 0 0\
 1 0 1 1 2 1 1 0 1 0 0 1 0 1 0 1 0 1 0 0 0 1 0 2 0 2 0 0 0 0 0 0\
 0 2 0 1 0 0 0 1 0 0 0 0 1 0 1 1 1 0 0 0 0 1 0 3 1 0 0 1 0 1 1 0\
 1 0 1 0 0 1 0 1 0 0 1 1 0 0 2 0 0 0 0 2 0 0 2 0 0 0 0 1 0 0 0 0\
 1 0 1 1 0 0 1 1 0 1 0 0 1 1 0 0 0 0 1 1 1 1 0 0 1 0 0 2 0 1 0 0\
 0 0 0 0 0 1 0 1 1 0 2 1 0 0 0 0 1 0 0 0 1 2 0 0 0 1 0 0 1 0 3 1\
 0 0 2 1 0 0 1 1 1 1 2 1 1 1 0 1 1 0 0 2 0 2 1 0 0 0 0 0 1 1 0 1\
 0 1 1 2 0 0 0 0 0 0 0 0 0 0 0 1 0 0 1 0 1 1 0 0 0 0 1 1 0 0 1 0\
 0 0 0 0 0 2 2 0 0 0 0 0 0 0 1 0 2 0 0 0 0 1 0 0 0 1 0 1 0 0 0 0\
 0 0 1 0 0 0 2 0 1 3 0 0 0 1 2 0 1 0 1 1 0 0 1 1 1 1 0 2 0 3 2 0\
 0 0 0 0 0 1 0 0 1 0 0 0 1 2 0 0 1 1 1 1 0 0 0 1 0 0 0 0 0 1 1 0\
 1 0 1 1 0 1 1 1 0 3 0 1 1 0 0 3 2 2 5 4 7 6 9 4 5 8 14 10 9 13 8 17\
 22 8 19 17 21 21 20 16 17 12 9 19 12 12 20 12 8 14 14 10 4 5 7 7 7 5 7 4 2 5 5 3\
 2 0 1 2 0 1 1 0 2 2 0 0 1 0 0 1 0 1 0 0 1 1 0 1 1 1 0 2 1 2 1 0\
 2 1 1 3 0 1 1 1 4 3 3 4 2 5 3 5 7 3 4 9 9 13 6 19 20 20 14 19 13 17 19 21\
 20 19 14 28 28 22 28 25 27 34 16 11 27 16 22 18 21 14 11 10 10 7 12 8 6 6 6 5 4 7 5 2\
 3 2 2 3 1 3 3 1 5 3 1 1 3 2 0 1 2 1 1 0 0 1 2 0 1 1 2 1 2 1 2 0\
 3 0 0 2 2 2 1 1 2 3 2 0 5 1 0 4 5 6 7 5 4 7 11 3 11 9 9 13 7 8 18 13\
 13 19 9 6 13 15 15 10 12 10 15 15 6 11 12 7 9 4 7 6 7 7 8 4 2 6 2 5 5 6 4 6\
 3 2 4 6 2 6 3 3 6 5 4 6 3 5 0 2 1 2 1 3 0 2 2 1 1 3 2 1 1 3 1 2\
 1 1 0 2 1 1 1 1 0 0 5 1 2 1 3 2 4 5 1 2 2 3 4 5 4 6 3 9 9 4 10 9\
 5 14 7 2 10 12 14 10 9 11 11 14 6 9 9 8 10 4 3 13 7 3 4 10 9 8 1 5 3 5 4 5\
 1 5 3 1 5 1 6 3 3 3 4 6 4 4 6 3 6 3 2 3 2 4 6 4 5 0 1 2 2 1 1 0\
 2 2 2 1 1 1 1 1 4 1 1 3 2 4 0 2 2 2 1 7 4 6 7 5 3 7 9 3 9 12 16 10\
 14 20 14 19 12 12 15 22 23 15 23 32 22 30 29 30 39 32 27 29 36 23 20 16 22 13 32 17 16 19 15 16\
 14 11 13 11 8 7 5 10 7 4 6 6 5 8 3 3 0 6 0 3 5 2 5 7 5 4 3 3 4 6 5 2\
 3 4 2 9 2 4 3 4 5 5 2 3 6 5 2 5 3 3 7 9 6 6 3 5 6 5 8 8 6 7 11 5\
 4 4 8 8 7 4 6 9 8 7 8 8 5 6 9 12 9 11 7 8 5 13 4 8 10 6 7 8 8 11 6 13\
 10 11 19 12 13 12 10 13 13 12 22 16 21 10 11 17 16 21 20 22 21 16 16 18 21 15 17 17 28 15 16 25\
 23 20 24 25 32 20 32 29 33 28 33 39 28 33 29 40 48 43 44 54 40 54 55 57 73 61 79 67 95 109 78 90\
 111 111 131 136 134 141 168 176 180 216 212 218 225 223 273 254 281 287 304 329 314 339 375 384 380 388 403 414 459 420 425 422\
 439 440 459 467 458 470 424 476 453 468 485 486 477 476 411 476 470 485 480 435 476 468 463 463 525 466 476 482 491 498 518 486\
 498 492 457 476 425 459 402 407 382 383 380 358 316 355 340 284 278 258 234 199 195 170 144 135 139 112 102 86 91 72 61 56\
 37 39 22 30 29 15 13 16 8 10 6 6 4 7 1 0 2 2 1 0 2 0 0 0 0 0 0 0 0 0 0 0\
 0 0 0 0 0 0 0 0 0 0 0 0 0 0 0 0 0 0 0 0 0 0 0 0 0 0 0 0 0 0 0 0\
 0 0 0 0 0 0 0 0 0 0 0 0 0 0 0 0 0 0 0 0 0 0 0 0 0 0 0 0 0 0 0 0\
 0 0 0 0 0 0 0 0 0 0 0 0 0 0 0 0 0 0 0 0 0 0 0 0 0 0 0 0 0 0 0 0\
 0 0 0 0 0 0 0 0 0 0 0 0 0 0 0 0 0 0 0 0 0 0 0 0 0 0 0 0 0 0 0 0\
 0 0 0 0 0 0 0 0 0 0 0 0 0 0 0 0 0 0 0 0 0 0 0 0 0 0 0 0 0 0 0 0\
 0 0 0 0 0 0 0 0 0 0 0 0 0 0 0 0 0 0 0 0 0 0 0 0 0 0 0 0 0 0 0 0\
 0 0 0 0 0 0 0 0 0 0 0 0 0 0 0 0 0 0 0 0 0 0 0 0 0 0 0 0 0 0 0 0


#S 5 mca_save_point Point:4 Scan:11 Datafile:20170218
#D Sat Feb 18 19:31:42 2017
#U Epics mca: dp_vortex_xrd74:mca1
#T 300  (Seconds)
#Q 0 3.4919e-08 0.0200071
#Energy 0
#Monc 30528064 85658705
#@MCA %32C
#@CHANN 1000 0 999 1
#@CTIME 300 300 286.451
#@CALIB -48.775 5.7161 0
#N 1
#L Epics MCA
@A 0 0 0 0 0 0 0 0 0 0 0 0 0 0 0 0 1 0 0 1 0 0 1 0 0 0 0 0 0 0 0 0\
 0 0 0 1 0 0 0 0 0 0 0 0 0 0 0 0 0 0 0 0 0 0 0 0 0 0 0 0 0 0 0 0\
 0 0 0 0 0 1 2 0 0 0 0 1 0 0 0 0 0 0 0 0 0 0 1 0 1 0 0 0 1 1 2 1\
 0 0 1 1 0 1 2 0 1 1 1 2 0 1 0 2 2 0 0 0 1 2 0 0 1 1 2 2 0 2 3 1\
 2 2 1 2 3 1 2 0 0 0 0 1 1 2 0 3 1 2 2 0 1 2 1 1 2 2 1 1 1 2 1 1\
 3 0 0 0 1 1 0 1 1 2 2 0 3 1 0 3 1 1 0 0 1 2 2 1 3 2 1 1 0 0 1 1\
 1 1 1 0 1 1 1 2 0 0 1 2 2 1 0 0 1 3 2 2 1 1 0 0 0 0 0 1 1 0 0 2\
 1 1 1 0 0 0 1 0 0 0 1 0 1 0 0 1 1 2 2 1 4 0 0 0 0 0 1 2 1 0 1 0\
 1 1 0 1 2 2 0 0 0 0 0 2 1 2 0 0 2 2 1 2 1 1 2 0 2 1 0 2 0 1 2 0\
 0 1 2 0 5 1 2 0 3 1 1 1 2 1 2 1 2 1 1 1 0 0 0 3 3 0 2 0 2 1 2 2\
 1 2 2 1 2 1 2 4 2 0 1 2 1 1 0 1 3 2 1 0 2 7 1 4 3 8 3 7 4 6 2 5\
 5 9 3 4 3 10 5 4 10 4 2 4 2 2 3 2 4 4 3 2 1 1 1 0 1 2 0 2 0 2 2 0\
 2 1 1 1 1 1 2 3 1 1 1 3 2 4 0 3 1 0 3 1 1 3 1 3 0 1 1 1 2 3 1 0\
 4 4 2 0 1 1 1 4 0 2 3 1 2 2 5 2 1 0 3 2 1 3 1 4 0 2 6 4 3 4 9 4\
 7 8 8 10 14 31 25 19 14 26 28 20 31 37 29 25 34 32 37 24 18 28 26 15 20 18 13 11 8 13 12 4\
 3 9 7 4 6 3 3 5 3 7 4 2 5 2 7 2 4 5 3 2 5 3 5 4 2 4 1 4 5 5 7 4\
 5 5 8 6 2 10 9 3 13 9 3 13 10 6 6 5 5 4 6 4 2 6 2 2 2 1 1 2 0 0 0 1\
 1 0 2 0 0 2 0 0 1 1 0 3 1 1 1 0 2 2 0 1 3 1 1 2 3 2 2 3 1 0 2 4\
 0 0 2 1 0 0 0 0 2 2 0 1 1 1 1 1 1 0 0 1 2 0 1 0 3 0 1 2 1 1 0 0\
 3 0 0 4 2 1 1 2 0 2 2 2 1 1 2 1 2 3 6 9 8 10 12 8 8 13 16 12 29 32 34 28\
 39 35 57 56 71 74 65 66 84 77 79 86 85 66 82 77 92 84 70 51 63 46 50 23 33 36 27 14 18 10 11 9\
 8 10 7 4 7 3 4 3 1 1 1 1 2 0 4 1 1 3 2 3 2 7 7 3 5 6 8 9 11 10 8 9\
 6 10 14 13 15 11 10 11 12 16 10 11 6 7 6 6 4 3 1 5 3 1 2 2 1 2 0 2 1 2 2 0\
 2 0 1 0 0 1 1 1 2 0 0 0 1 1 1 0 0 0 0 1 1 0 2 1 1 0 0 0 1 0 1 1\
 0 1 1 0 0 0 0 2 0 0 2 1 0 0 0 1 2 0 1 0 1 1 1 1 2 0 2 0 0 0 1 0\
 0 0 1 0 1 0 0 0 0 0 1 0 0 0 0 1 1 0 0 0 1 0 1 3 0 1 0 0 1 0 0 0\
 0 1 3 1 1 1 0 1 0 0 0 0 1 1 0 0 1 0 0 0 1 0 0 1 0 1 0 0 2 2 2 0\
 3 0 0 0 0 0 2 1 0 0 0 0 1 1 0 0 0 1 0 0 0 0 0 1 0 1 2 0 3 2 1 0\
 0 1 1 1 1 2 2 0 1 0 1 0 0 1 0 1 0 0 1 0 0 0 1 0 2 2 1 0 2 1 0 3\
 1 1 1 0 1 0 0 1 0 0 0 0 0 0 2 2 1 0 2 0 0 0 2 0 0 0 1 1 3 0 0 0\
 1 0 1 1 0 0 0 0 0 0 1 1 1 1 1 0 0 1 0 2 0 0 0 1 0 2 1 1 0 1 1 1\
 1 0 0 1 0 1 0 1 0 1 0 0 0 1 0 0 0 0 0 0 1 0 0 0 0 1 1 0 0 0 0 1\
 0 0 0 3 0 0 2 0 1 0 1 0 1 0 0 1 0 1 0 2 0 1 0 0 1 0 0 1 0 2 0 0\
 0 1 0 1 3 0 0 2 0 0 0 0 1 0 0 1 1 2 0 1 1 0 1 0 2 1 0 0 1 2 0 1\
 1 0 1 0 0 1 1 1 1 0 2 0 0 0 4 2 1 6 2 8 7 8 7 7 5 8 5 9 10 11 13 12\
 17 8 15 12 15 16 11 11 23 12 15 15 25 16 26 22 16 15 10 12 10 9 10 9 6 7 6 4 7 2 2 3\
 3 4 1 0 1 0 1 2 1 0 1 1 1 0 0 1 2 1 1 1 2 0 0 2 2 0 1 0 0 0 0 0\
 2 2 1 1 0 2 1 1 5 1 2 3 1 2 6 4 8 9 5 10 12 11 18 10 16 12 21 18 14 20 11 20\
 20 17 19 22 23 23 26 25 26 30 16 22 17 15 16 19 12 17 9 15 5 6 10 11 13 10 7 8 13 7 4 4\
 4 1 5 2 5 2 3 4 2 2 2 1 1 0 1 2 1 0 2 2 1 0 0 1 2 4 0 0 1 0 1 0\
 2 1 0 2 2 2 3 2 3 0 1 2 2 4 7 2 2 3 8 5 7 5 12 7 11 10 8 10 12 6 12 13\
 12 15 12 9 15 18 12 10 9 15 11 12 8 7 7 6 8 9 11 10 9 6 8 5 11 5 9 8 5 4 4 3\
 10 3 3 6 4 5 7 5 2 2 5 1 7 1 6 4 4 3 1 2 3 0 3 1 2 5 1 1 1 3 0 5\
 1 1 0 1 2 2 2 1 1 1 1 0 0 6 2 5 0 4 1 3 2 11 5 6 6 7 9 8 11 9 12 11\
 11 15 12 14 16 14 11 8 12 12 6 16 12 12 7 11 11 14 10 7 16 12 5 6 6 8 1 8 6 3 8 9\
 8 2 2 4 7 5 5 4 6 5 4 3 7 4 5 3 6 4 7 6 3 2 4 7 4 0 4 3 4 1 4 3\
 0 1 2 0 0 3 6 1 2 2 1 2 4 2 6 4 4 5 1 3 2 4 3 5 7 5 3 12 11 10 9 7\
 14 16 16 21 18 20 25 25 18 36 33 27 21 25 32 38 25 30 21 23 27 18 38 23 20 22 22 28 24 15 19 18\
 13 13 12 13 11 13 8 7 13 10 13 4 9 5 3 5 4 9 3 4 5 4 5 3 8 10 6 11 5 3 7 8\
 8 4 11 7 7 5 7 8 8 7 2 6 4 8 15 6 4 10 6 7 8 6 2 11 8 5 7 2 4 6 3 9\
 8 5 7 14 5 6 4 7 6 5 8 4 9 6 7 12 11 9 13 11 11 13 16 13 10 13 11 17 8 15 13 19\
 13 17 21 19 18 17 24 18 26 11 8 15 19 13 13 11 19 25 17 18 19 19 27 17 28 19 19 21 24 17 28 27\
 23 23 28 29 24 39 22 28 27 32 26 47 42 39 44 49 43 54 56 58 63 53 85 76 67 67 86 89 98 103 116 125\
 113 163 148 160 151 182 182 194 228 213 237 280 266 283 308 325 320 365 388 399 356 399 428 455 442 505 443 492 541 550 524 511\
 556 523 559 550 550 539 545 556 591 572 580 581 609 569 601 543 608 558 549 532 546 583 589 564 615 614 599 599 616 570 568 614\
 584 598 589 584 606 584 535 557 497 483 526 478 458 388 420 348 346 320 308 275 244 234 206 155 157 150 130 114 103 76 67 74\
 58 38 34 30 19 22 17 16 13 9 2 6 3 1 3 1 3 3 0 0 0 0 0 0 1 0 0 0 0 0 0 0\
 0 0 0 0 0 0 0 0 0 0 0 0 0 0 0 0 0 0 0 0 0 0 0 0 0 0 0 0 0 0 0 0\
 0 0 0 0 0 0 0 0 0 0 0 0 0 0 0 0 0 0 0 0 0 0 0 0 0 0 0 0 0 0 0 0\
 0 0 0 0 0 0 0 0 0 0 0 0 0 0 0 0 0 0 0 0 0 0 0 0 0 0 0 0 0 0 0 0\
 0 0 0 0 0 0 0 0 0 0 0 0 0 0 0 0 0 0 0 0 0 0 0 0 0 0 0 0 0 0 0 0\
 0 0 0 0 0 0 0 0 0 0 0 0 0 0 0 0 0 0 0 0 0 0 0 0 0 0 0 0 0 0 0 0\
 0 0 0 0 0 0 0 0 0 0 0 0 0 0 0 0 0 0 0 0 0 0 0 0 0 0 0 0 0 0 0 0\
 0 0 0 0 0 0 0 0 0 0 0 0 0 0 1 0 0 0 0 0 0 0 0 0 0 0 0 0 0 0 0 0


#S 6 mca_save_point Point:5 Scan:11 Datafile:20170218
#D Sat Feb 18 19:36:51 2017
#U Epics mca: dp_vortex_xrd74:mca1
#T 300  (Seconds)
#Q 0 -9.15619e-09 0.0209844
#Energy 0
#Monc 30895001 85723587
#@MCA %32C
#@CHANN 1000 0 999 1
#@CTIME 300 300 288.374
#@CALIB -48.775 5.7161 0
#N 1
#L Epics MCA
@A 0 0 0 0 0 0 0 0 0 0 0 0 0 0 0 0 0 0 0 0 0 0 0 0 0 0 1 1 0 0 0 0\
 0 0 0 0 0 0 0 0 0 0 0 0 0 0 0 0 0 0 0 0 0 0 0 0 0 0 0 0 0 0 0 0\
 0 0 0 0 0 0 0 0 0 0 0 0 0 1 1 0 0 1 1 3 0 0 2 2 1 1 0 0 3 2 0 0\
 0 2 1 0 0 3 0 3 3 1 4 0 1 3 2 2 3 0 1 3 2 2 2 2 1 3 4 2 0 2 1 3\
 1 4 2 1 2 1 1 1 3 4 0 1 1 1 0 0 2 0 2 0 2 4 2 1 2 4 1 2 4 1 2 0\
 1 3 1 1 0 1 3 1 3 4 1 2 1 1 0 0 0 1 0 2 2 1 2 0 0 2 0 0 0 2 1 0\
 2 2 2 1 1 1 0 3 0 2 0 3 2 1 1 4 1 1 0 2 0 3 3 0 0 1 1 2 1 2 2 0\
 1 0 1 2 2 0 2 3 1 0 1 0 0 1 4 0 2 0 1 0 1 1 3 1 1 1 0 2 1 4 3 1\
 0 1 1 1 0 0 1 2 3 0 0 1 1 2 1 1 2 0 2 2 1 3 3 1 0 1 0 0 1 3 3 0\
 0 0 3 1 2 0 1 0 2 2 2 1 2 3 1 1 1 1 1 1 3 0 4 1 4 2 2 5 0 2 2 2\
 2 3 1 2 1 2 2 0 2 0 2 0 2 3 3 1 0 4 0 4 2 3 2 3 0 3 2 4 2 8 5 5\
 5 5 9 11 8 5 7 12 7 10 4 11 3 7 2 9 3 1 2 2 3 2 1 2 3 0 0 4 2 0 0 1\
 2 0 2 2 0 2 0 4 2 2 2 2 0 2 4 3 1 3 3 2 3 4 4 2 4 0 7 3 0 1 2 3\
 6 2 1 2 0 1 3 1 3 1 2 4 2 3 2 2 1 0 1 0 1 4 2 1 2 5 9 6 7 13 8 9\
 10 13 12 15 18 23 33 38 28 37 32 40 42 48 38 49 61 53 41 55 34 46 38 32 24 19 27 26 18 19 14 13\
 7 10 6 7 7 6 6 5 8 4 8 3 5 4 5 4 2 6 7 7 6 4 2 3 5 1 3 7 4 1 5 4\
 3 9 6 4 6 3 10 10 5 6 5 4 5 4 3 5 6 6 5 3 7 3 2 3 5 2 2 1 2 0 1 1\
 0 2 3 2 2 1 2 1 2 1 0 1 3 1 1 1 2 4 2 1 1 3 1 1 0 1 1 0 2 2 0 0\
 1 0 0 2 0 0 2 1 1 1 0 1 1 0 1 3 1 0 1 1 1 1 1 0 2 0 0 0 1 1 1 3\
 2 1 1 1 2 2 1 0 1 1 4 2 2 1 2 2 3 2 2 5 6 4 13 11 9 7 15 20 22 29 39 45\
 52 55 58 62 61 79 94 84 83 106 100 104 106 102 95 105 77 84 68 81 64 65 53 39 37 35 29 35 16 16 23 22\
 5 9 4 8 4 1 4 2 2 5 0 3 2 2 2 5 1 3 2 3 5 10 8 7 11 11 16 12 9 13 9 9\
 13 11 11 17 12 8 9 9 8 16 14 11 17 7 11 13 7 6 6 6 10 7 2 1 4 2 0 1 3 2 1 2\
 2 1 0 0 1 0 0 0 0 0 0 1 1 0 3 0 0 0 2 0 0 0 0 1 0 1 1 1 0 0 2 0\
 1 0 2 0 1 0 2 0 0 0 2 0 0 0 2 0 0 0 1 1 1 0 0 0 0 1 0 1 1 0 1 0\
 2 1 2 1 1 1 3 1 3 1 0 0 1 1 0 1 1 1 1 0 0 0 0 1 1 1 0 1 1 0 0 1\
 2 0 0 0 1 1 0 0 1 0 0 1 0 0 0 1 1 0 0 2 0 0 1 0 1 1 2 0 3 0 1 0\
 0 1 1 0 3 0 1 0 0 0 2 0 4 1 4 1 0 1 1 0 0 1 1 1 0 2 0 2 2 0 0 0\
 1 3 0 3 1 0 1 0 0 2 1 0 3 1 3 2 0 1 2 1 1 0 0 1 3 1 3 3 0 2 1 0\
 1 3 0 1 0 0 1 2 1 0 0 2 1 2 0 2 3 0 0 0 0 3 1 0 1 2 3 2 0 1 2 1\
 1 2 2 1 1 1 0 1 0 2 3 1 1 0 0 2 1 0 0 1 1 0 1 0 0 2 2 1 0 0 1 1\
 0 0 0 0 2 1 1 1 1 3 1 2 2 1 1 2 1 1 3 0 0 1 1 1 0 1 0 0 0 2 2 1\
 0 1 3 1 3 1 3 1 0 1 0 0 0 1 1 1 0 0 0 1 1 1 1 0 2 0 1 2 1 0 0 2\
 1 1 0 0 1 0 1 0 1 2 2 1 0 1 2 0 0 2 2 1 1 1 2 0 2 1 0 1 2 0 1 0\
 0 1 2 2 1 0 5 0 0 0 2 2 1 3 3 2 4 2 8 2 11 9 6 5 8 16 15 16 16 11 17 16\
 10 15 18 22 23 29 25 31 20 20 18 21 19 23 14 24 21 17 14 8 12 15 17 14 12 7 8 4 9 1 7 2\
 3 3 4 5 1 4 2 0 2 1 1 2 0 3 1 1 0 1 3 2 2 1 0 1 1 1 1 3 1 1 3 4\
 1 1 0 0 1 3 1 0 7 1 1 3 2 3 4 2 11 10 6 8 7 8 7 13 16 25 22 21 20 20 24 24\
 29 22 28 23 29 26 31 16 28 27 27 33 23 21 21 24 23 14 14 13 10 13 11 8 9 6 3 5 5 11 8 8\
 5 3 3 2 3 3 1 5 1 3 4 3 4 2 2 2 2 2 0 0 1 1 0 2 3 1 3 3 3 0 0 1\
 2 1 2 2 3 0 2 2 0 0 2 2 1 2 6 2 3 6 8 6 7 8 9 1 14 14 6 20 5 8 22 20\
 15 20 12 15 14 17 16 16 13 15 15 13 19 17 17 13 13 12 13 11 9 5 8 6 9 8 9 9 3 3 3 6\
 3 7 6 4 5 7 7 2 6 4 5 6 5 6 4 3 2 3 2 4 4 2 1 1 4 0 4 2 2 1 2 2\
 1 1 2 0 1 1 4 0 1 4 2 2 2 2 4 5 4 4 4 7 4 9 7 3 11 7 4 18 11 11 8 16\
 11 20 12 17 19 10 17 16 15 18 19 19 13 10 10 18 14 10 12 11 9 6 7 9 9 8 11 5 5 8 10 3\
 6 8 3 3 5 6 4 2 3 7 3 3 2 3 5 5 6 8 6 9 4 5 4 2 3 6 6 7 4 4 8 5\
 3 3 2 3 3 1 2 0 3 2 2 3 2 2 3 2 1 5 6 4 6 7 8 6 7 14 8 17 9 7 13 20\
 23 14 23 31 30 20 31 29 35 21 31 33 34 41 39 30 28 28 32 33 37 33 35 27 27 26 32 20 29 27 20 18\
 20 18 20 12 23 16 13 15 8 9 5 9 6 9 5 6 5 11 3 5 10 5 5 9 7 8 6 7 16 10 5 6\
 7 8 13 14 9 8 4 6 13 3 8 6 13 8 7 14 4 13 10 10 15 9 10 7 3 9 9 7 9 8 11 13\
 17 11 8 14 9 14 9 16 6 5 10 9 21 16 17 14 14 17 11 18 11 14 19 12 13 14 18 24 17 20 11 21\
 15 21 22 24 25 17 20 24 26 25 18 31 28 24 26 20 20 27 24 29 32 24 40 32 39 25 32 40 47 26 39 47\
 35 40 41 32 42 47 49 41 61 45 52 54 52 52 61 62 58 66 74 86 77 95 103 88 86 102 129 124 136 136 151 174\
 177 184 192 200 226 246 257 269 284 338 336 358 387 430 433 454 456 496 547 552 616 599 626 638 652 643 662 692 741 714 775 779\
 749 749 777 861 783 794 839 801 803 804 766 839 809 824 781 759 830 811 819 772 813 831 866 874 833 841 853 899 896 843 887 879\
 821 834 880 842 858 811 829 795 719 717 674 686 657 574 602 526 518 459 420 402 347 313 270 233 239 222 193 172 118 110 112 98\
 80 74 71 53 36 28 36 24 26 10 9 6 2 5 5 3 6 3 2 4 3 1 0 0 0 0 0 0 0 0 0 0\
 1 0 0 0 0 0 0 0 0 0 0 0 0 0 0 0 0 0 0 0 0 0 0 0 0 0 0 0 0 0 0 0\
 0 0 0 0 0 0 0 0 0 0 0 0 0 0 0 0 0 0 0 0 0 0 0 0 0 0 0 0 0 0 0 0\
 0 0 0 0 0 0 0 0 0 0 0 0 0 0 0 0 0 0 0 0 0 0 0 0 0 0 0 0 0 0 0 0\
 0 0 0 0 0 0 0 0 0 0 0 0 0 0 0 0 0 0 0 0 0 0 0 0 0 0 0 0 0 0 0 0\
 0 0 0 0 0 0 0 0 0 0 0 0 0 0 0 0 0 0 0 0 0 0 0 0 0 0 0 0 0 0 0 0\
 0 0 0 0 0 0 0 0 0 0 0 0 0 0 0 0 0 0 0 0 0 0 0 0 0 0 0 0 0 0 0 0\
 0 0 0 0 0 0 0 0 0 0 0 0 0 0 0 0 0 0 0 0 0 0 0 0 0 0 0 0 0 0 0 0


#S 7 mca_save_point Point:6 Scan:11 Datafile:20170218
#D Sat Feb 18 19:42:00 2017
#U Epics mca: dp_vortex_xrd74:mca1
#T 300  (Seconds)
#Q 0 1.91962e-08 0.0219972
#Energy 0
#Monc 30907548 85676287
#@MCA %32C
#@CHANN 1000 0 999 1
#@CTIME 300 300 286.552
#@CALIB -48.775 5.7161 0
#N 1
#L Epics MCA
@A 0 0 0 0 0 0 0 0 0 0 0 0 0 1 0 1 1 1 0 0 1 0 0 0 0 0 0 0 1 0 0 0\
 0 0 0 0 0 0 0 0 0 0 0 0 0 0 0 0 0 0 0 0 0 0 0 0 0 0 1 0 0 0 0 0\
 0 0 1 0 0 0 2 1 3 2 2 4 3 6 3 7 7 12 9 7 8 12 8 11 20 25 19 13 15 25 15 28\
 17 8 21 25 23 24 22 23 14 24 20 23 25 16 23 17 16 22 19 24 18 21 22 15 21 34 13 22 25 20 20 29\
 20 24 17 21 18 16 21 16 18 20 13 24 22 10 29 15 18 21 23 23 24 24 34 26 29 29 31 23 24 36 35 32\
 36 32 28 21 24 24 24 18 22 18 17 11 11 20 11 14 12 17 18 15 26 13 28 19 25 20 14 17 20 21 14 9\
 19 16 17 15 19 24 12 18 24 21 20 22 22 15 13 11 20 17 16 18 17 16 10 8 19 12 17 14 17 16 18 13\
 13 18 13 21 13 15 15 17 15 15 19 11 18 17 17 16 13 15 11 15 9 14 12 16 10 15 14 9 16 24 13 17\
 20 21 17 13 19 9 17 24 17 15 16 13 13 15 13 25 11 18 11 13 20 29 16 22 21 22 11 18 15 14 22 14\
 16 11 16 17 18 17 17 21 12 16 16 21 23 13 15 28 21 27 25 25 25 23 14 31 19 18 23 27 19 23 22 23\
 17 18 22 13 14 16 17 17 13 11 22 15 20 19 13 15 19 19 19 20 17 24 22 21 21 20 28 16 18 23 19 20\
 28 22 23 27 25 22 24 21 14 19 15 16 15 9 20 22 22 21 18 18 21 19 25 15 22 23 12 17 15 14 24 23\
 19 22 26 18 18 18 22 23 23 23 25 24 25 30 37 27 33 33 37 48 34 41 35 39 61 43 36 43 38 42 39 35\
 37 33 32 27 27 29 22 35 26 30 30 26 29 22 26 29 23 25 24 23 40 48 52 48 59 51 77 97 90 98 148 176\
 239 266 288 335 427 449 553 582 603 721 736 792 822 858 853 920 901 866 847 787 775 757 689 602 579 518 435 410 330 289 288 227\
 200 148 165 135 133 95 90 91 86 77 80 85 94 96 134 117 121 96 119 105 91 111 98 99 100 78 60 57 80 46 47 50\
 54 33 44 28 23 29 28 13 20 20 23 13 18 18 22 22 14 16 9 16 14 18 18 11 10 5 11 14 16 15 10 10\
 15 17 9 13 9 10 11 15 19 8 16 10 16 10 12 16 11 12 11 12 13 14 16 15 9 20 6 14 14 9 16 10\
 13 9 15 20 9 12 7 6 14 18 7 13 18 16 10 11 18 6 12 18 10 8 17 8 14 13 13 7 12 7 8 14\
 11 12 19 8 13 11 15 10 10 11 10 16 16 11 15 9 16 21 15 18 14 22 24 26 33 37 39 34 51 53 52 63\
 69 82 102 103 88 116 157 119 126 155 137 125 130 138 148 128 130 150 114 111 101 105 76 77 67 72 54 48 41 46 36 23\
 27 23 15 16 18 15 13 8 15 14 13 11 12 19 9 15 18 10 13 13 21 17 15 23 19 18 26 17 23 26 29 28\
 31 23 22 39 26 22 21 28 29 30 22 19 22 20 22 27 26 15 17 16 10 17 14 8 16 11 16 13 12 8 25 11\
 17 5 15 13 11 9 3 11 6 5 15 9 11 13 12 8 5 13 13 8 13 14 12 8 17 16 7 9 13 12 12 7\
 11 6 13 15 13 15 9 9 12 15 12 9 10 7 9 7 18 9 7 11 8 15 8 6 14 10 10 14 12 8 4 8\
 17 11 10 14 8 6 7 13 5 15 7 18 11 19 12 13 9 14 5 13 8 10 6 11 9 11 7 16 11 13 8 4\
 15 5 10 17 15 8 8 10 13 14 9 14 10 9 10 16 13 12 9 6 14 11 9 5 11 15 13 9 6 5 9 10\
 12 11 7 6 9 12 9 8 10 13 12 13 11 10 7 15 6 13 11 6 11 13 4 6 11 9 6 14 7 12 14 12\
 12 13 7 5 8 8 9 14 14 10 9 7 14 10 13 13 8 11 8 13 14 7 14 17 12 7 6 9 13 10 13 13\
 12 12 13 9 7 14 12 12 5 10 11 10 16 9 13 11 7 8 8 10 13 11 18 10 10 17 17 14 15 17 7 15\
 5 11 19 16 18 8 12 13 10 10 16 12 6 16 11 20 12 11 16 17 10 14 10 8 12 9 12 9 13 9 6 12\
 10 11 12 12 10 12 12 9 6 8 13 8 13 11 7 14 7 9 7 14 5 5 10 11 16 9 11 9 11 9 8 13\
 8 10 14 11 13 18 8 7 21 16 11 13 17 13 17 13 12 18 16 10 16 14 13 11 21 8 13 10 8 14 15 13\
 17 12 10 10 5 10 10 17 7 11 7 9 11 7 13 12 10 9 12 7 13 9 6 8 6 7 14 12 7 6 12 10\
 6 12 17 9 6 7 14 15 13 7 11 16 12 12 13 9 15 25 16 21 22 20 39 30 36 37 43 29 41 42 40 50\
 57 56 50 39 59 68 50 81 68 74 59 60 62 46 60 47 51 42 46 39 51 37 43 32 29 29 25 21 25 29 19 15\
 15 15 12 16 17 17 19 11 15 12 8 8 8 12 14 10 9 17 9 12 14 13 18 12 13 14 5 10 10 16 21 15\
 13 17 8 13 11 7 12 17 7 16 20 17 14 15 18 18 15 10 20 23 16 26 23 33 22 23 32 44 28 42 32 42\
 33 38 33 43 46 44 31 36 40 41 36 45 36 42 29 33 38 34 25 33 29 28 30 27 16 24 26 18 18 23 22 28\
 26 18 21 30 16 20 15 16 24 16 22 17 6 16 17 13 14 14 18 15 22 13 12 16 6 11 18 14 16 12 12 11\
 12 13 18 10 12 11 14 17 10 17 22 11 17 17 17 16 23 16 18 25 17 23 24 22 26 27 22 23 20 28 19 28\
 34 30 30 29 25 45 32 25 38 29 27 34 34 29 23 27 22 25 27 24 13 17 13 22 25 24 21 22 14 26 21 27\
 28 16 21 30 24 17 20 13 28 15 28 21 16 16 12 19 14 20 17 12 24 24 19 17 16 18 28 20 13 24 17 14\
 15 21 16 16 21 18 17 13 23 28 20 17 30 24 38 27 36 37 39 34 43 38 56 51 53 58 51 65 73 61 65 68\
 87 80 89 78 89 89 97 108 88 102 95 71 111 101 103 102 80 88 88 75 77 79 75 54 53 58 61 54 53 59 55 41\
 44 57 41 43 48 34 48 42 51 55 44 39 47 42 33 40 45 27 53 47 57 46 37 44 47 40 45 43 41 34 38 40\
 36 49 34 28 40 36 32 41 43 34 38 46 35 46 48 34 32 36 34 41 35 43 45 49 42 50 42 57 52 62 34 61\
 61 65 76 60 55 56 89 56 75 83 87 88 72 79 99 81 85 85 93 104 110 81 97 72 83 76 94 87 75 87 77 86\
 79 77 79 84 81 82 93 80 82 83 80 56 88 75 75 83 82 96 106 78 104 80 105 82 95 97 85 109 109 110 114 104\
 111 101 124 125 109 122 118 126 108 116 111 125 140 123 117 118 139 136 135 141 148 137 141 148 148 160 156 147 155 160 178 165\
 144 179 205 183 190 178 190 192 186 198 172 217 211 201 196 233 210 237 220 246 259 261 252 263 259 291 285 273 268 310 294 331\
 313 281 322 346 362 368 333 363 385 380 397 387 372 436 392 417 434 466 434 423 448 472 477 495 497 490 484 529 496 485 501 528\
 534 589 628 610 574 587 610 665 650 658 688 710 730 755 776 789 878 926 969 996 1064 1150 1242 1326 1403 1512 1567 1716 1818 1992 2208 2291\
 2449 2641 2923 3034 3277 3517 3698 3935 4333 4622 5004 5189 5416 5855 6331 6565 6796 7165 7290 7872 8277 8452 8799 8990 9417 9614 9937 10347 10250 10583 10774 10970\
 11151 11109 11528 11489 11466 11585 11842 11545 11744 11958 11909 11761 12003 12076 12048 12202 12112 12476 12479 12487 12518 12576 12847 12967 13133 13320 13411 13727 13802 13871 14106 13861\
 13976 14118 13776 13484 13453 13238 13038 12585 12475 11914 11421 10839 10290 9856 9387 8690 8207 7489 7106 6544 6021 5377 4808 4306 3945 3581 3048 2763 2336 2076 1775 1535\
 1380 1191 943 820 706 551 482 409 333 234 191 172 140 106 72 66 69 43 35 30 19 14 10 8 11 5 8 3 1 6 2 2\
 1 0 0 0 1 0 1 0 0 0 0 1 1 1 0 0 0 0 0 0 0 0 0 0 0 0 1 0 0 0 0 0\
 1 0 0 0 0 0 0 0 0 0 0 0 0 0 0 0 0 0 0 0 1 0 0 1 0 1 0 1 1 0 0 1\
 0 0 0 0 0 1 0 0 0 0 0 0 0 0 0 1 0 0 1 0 0 0 0 0 0 0 0 0 0 0 0 0\
 0 1 1 0 1 0 0 0 0 0 0 0 0 0 0 0 0 0 1 0 0 0 0 0 0 0 1 1 0 0 1 0\
 0 0 0 1 0 0 0 0 0 0 0 0 0 0 0 0 0 0 0 0 0 0 0 0 0 0 0 0 0 0 0 1\
 0 0 0 0 0 0 0 0 0 0 1 0 0 0 0 0 0 0 0 0 0 0 0 1 0 0 0 0 0 0 0 0\
 0 0 0 0 0 1 0 0 0 0 0 0 0 0 0 0 0 0 0 0 0 0 0 0 0 0 0 0 0 0 0 0


#S 8 mca_save_point Point:7 Scan:11 Datafile:20170218
#D Sat Feb 18 19:47:09 2017
#U Epics mca: dp_vortex_xrd74:mca1
#T 300  (Seconds)
#Q 0 -3.00736e-08 0.0229745
#Energy 0
#Monc 30963228 85590410
#@MCA %32C
#@CHANN 1000 0 999 1
#@CTIME 300 300 265.794
#@CALIB -48.775 5.7161 0
#N 1
#L Epics MCA
@A 0 0 0 0 0 0 0 0 0 0 0 0 0 0 0 0 0 0 0 0 0 0 0 0 0 0 0 0 0 0 0 0\
 1 0 0 0 0 0 0 0 0 0 0 0 0 0 0 0 1 0 0 0 0 1 0 1 0 0 0 0 0 2 1 0\
 0 1 0 2 2 5 2 5 4 9 2 11 14 14 17 16 18 23 27 24 29 37 43 32 35 36 52 40 51 39 57 55\
 40 52 59 37 52 64 53 66 67 53 50 72 52 46 74 54 56 50 61 46 64 55 65 50 65 64 43 48 55 58 46 59\
 52 49 48 61 67 70 56 58 54 58 70 68 58 75 67 72 69 64 74 70 60 68 71 78 78 97 85 105 96 75 86 82\
 81 74 61 74 58 52 66 59 56 57 44 45 39 45 54 57 45 50 43 49 49 49 58 39 64 50 51 41 48 52 40 47\
 48 39 47 36 52 41 39 48 37 48 49 46 51 40 38 40 41 47 43 53 62 55 44 33 41 49 40 26 42 44 33 38\
 36 35 42 40 44 37 46 44 55 35 47 42 47 33 37 34 33 43 48 38 38 40 56 36 61 36 51 43 41 42 25 36\
 53 47 43 40 56 49 48 45 47 45 49 39 48 37 47 44 57 48 52 51 45 46 47 49 46 48 44 35 43 49 47 37\
 52 50 48 45 47 55 48 51 55 51 55 41 39 60 53 48 48 70 58 67 47 59 46 76 44 67 71 50 53 47 65 42\
 54 45 34 55 44 48 44 42 50 54 42 46 45 49 37 42 68 43 46 51 60 55 40 49 56 45 38 45 45 48 63 48\
 50 48 38 60 57 37 40 40 56 43 56 45 51 54 50 59 41 41 48 40 57 55 60 60 42 53 45 45 50 48 51 53\
 50 51 58 54 47 61 69 68 61 69 78 83 80 80 101 77 87 88 90 102 99 95 97 126 119 125 115 105 108 106 110 78\
 97 95 88 70 91 87 76 91 62 58 54 78 68 63 79 87 84 68 80 68 97 102 97 121 151 162 204 229 288 330 388 512\
 560 673 838 1000 1079 1304 1417 1566 1911 1962 2168 2316 2475 2534 2627 2602 2538 2465 2306 2410 2255 2036 1906 1761 1510 1316 1209 1047 892 804 657 516\
 475 423 360 309 246 249 251 244 261 257 242 289 270 316 310 303 313 298 334 311 288 291 296 235 251 227 187 174 155 161 134 113\
 122 124 85 81 71 52 62 54 50 38 54 43 41 41 36 44 45 38 46 36 32 42 37 32 43 25 23 37 29 35 30 41\
 32 39 36 31 33 36 40 29 28 37 50 25 31 31 23 40 26 33 46 34 36 33 33 34 33 28 34 34 45 31 30 38\
 28 26 31 37 27 26 36 34 26 29 36 39 39 34 32 32 41 40 30 29 35 33 41 38 39 29 33 30 29 33 30 21\
 39 28 37 20 34 36 24 29 34 30 29 35 41 25 39 35 31 32 27 51 50 57 49 52 53 57 58 70 75 72 84 109\
 93 120 120 140 136 152 179 177 206 207 176 181 166 203 182 196 183 194 144 139 133 96 123 112 92 85 94 59 65 65 44 48\
 52 40 35 42 32 44 28 39 32 28 30 32 35 34 32 31 23 33 37 25 46 33 36 35 49 38 36 46 48 40 56 40\
 50 52 45 67 47 54 54 60 60 56 43 38 45 49 48 36 39 40 38 42 43 37 32 30 37 35 33 32 27 22 28 33\
 31 37 30 24 40 29 29 36 29 34 32 23 28 26 33 24 26 26 36 27 37 25 26 14 24 30 31 28 44 21 39 33\
 28 24 29 33 33 41 23 26 33 25 27 32 25 27 32 25 32 33 30 21 25 34 31 30 20 31 34 26 40 37 23 43\
 21 22 40 32 38 37 25 21 34 29 28 16 38 33 38 25 31 21 37 35 26 29 27 27 29 23 29 32 30 26 24 34\
 31 24 38 23 24 24 24 30 29 24 31 31 32 35 39 25 22 44 26 28 22 30 40 32 31 29 42 27 29 24 30 20\
 29 33 30 28 28 27 27 24 31 22 26 19 35 23 31 35 25 25 25 35 27 25 33 26 30 17 31 28 26 39 30 28\
 28 31 34 39 37 31 23 22 31 31 27 31 25 27 32 36 30 27 34 22 29 35 35 33 29 31 26 21 28 31 29 28\
 30 33 21 27 20 34 21 36 32 32 40 34 30 35 36 26 29 21 31 44 36 36 29 30 33 30 24 34 24 32 34 32\
 26 35 35 25 26 22 26 28 33 31 30 30 36 29 27 26 34 30 24 22 25 27 35 41 25 25 31 33 28 24 35 28\
 35 32 27 23 28 30 29 34 29 32 32 25 35 30 22 41 25 32 30 29 41 36 25 28 37 26 18 34 22 31 36 37\
 28 20 36 39 26 37 32 37 39 39 34 37 43 38 36 36 38 48 33 34 40 39 41 39 28 37 28 32 24 27 36 31\
 39 27 38 32 25 25 27 27 24 24 32 26 19 28 30 31 38 28 29 34 29 34 28 24 28 44 30 24 44 32 26 30\
 32 32 23 37 28 20 29 42 31 40 23 27 27 26 40 42 44 39 40 31 46 31 56 52 61 58 65 62 55 83 62 81\
 77 100 95 74 108 108 94 96 94 99 86 95 79 77 88 74 71 72 65 71 68 60 53 63 57 63 43 37 40 39 42 33\
 37 35 31 28 26 25 38 29 35 30 45 40 30 29 37 29 37 40 36 39 30 34 40 26 28 32 26 32 30 32 36 31\
 28 31 32 28 32 35 31 32 26 31 58 31 27 36 35 29 43 46 30 36 37 39 43 41 34 46 39 51 41 39 43 57\
 47 43 55 58 47 47 55 44 54 54 49 49 51 73 56 47 46 60 63 46 56 36 37 32 45 47 42 53 50 50 51 40\
 48 34 40 47 45 46 51 41 52 44 50 30 37 32 35 35 34 47 40 34 44 31 24 50 30 28 35 46 32 37 34 35\
 37 32 48 38 44 50 41 29 46 46 38 40 29 40 40 34 32 41 45 53 46 40 49 31 45 46 57 47 49 44 45 52\
 48 50 52 42 59 45 53 65 41 48 58 54 61 46 43 56 58 36 44 52 63 54 38 64 46 40 51 57 38 58 51 43\
 57 47 51 56 44 48 53 58 45 51 54 49 39 52 37 47 56 42 46 62 52 44 44 55 49 54 50 52 61 40 44 51\
 54 59 55 53 62 62 68 67 61 65 66 56 77 78 67 76 79 88 108 104 103 137 129 119 155 159 152 155 159 178 202 197\
 188 218 234 216 267 248 267 239 235 275 247 280 238 237 234 248 232 246 214 193 204 199 152 168 197 174 186 180 151 138 144 137\
 131 134 142 122 141 148 127 117 139 127 115 135 127 119 152 114 142 138 131 122 138 114 128 128 129 120 116 126 122 126 110 111\
 125 99 114 117 110 115 100 102 108 106 109 112 99 87 108 111 103 92 117 107 136 102 120 127 123 108 112 119 119 127 123 112\
 137 121 154 126 133 147 134 162 139 146 155 140 141 167 174 173 201 181 200 188 164 197 165 159 196 193 192 189 186 203 178 198\
 160 204 199 176 215 171 208 226 203 207 213 232 212 202 233 234 266 236 248 256 228 239 260 287 273 248 253 308 276 311 308 280\
 298 291 313 334 320 311 327 336 327 331 324 345 354 351 386 362 369 429 391 409 404 388 421 427 413 441 452 435 452 476 492 456\
 432 485 467 491 485 516 562 565 538 560 589 563 579 576 629 604 692 660 670 645 705 699 718 687 745 776 768 822 811 788 821 863\
 874 881 959 870 913 1048 967 1008 1027 1083 1125 1099 1145 1147 1204 1172 1174 1186 1239 1302 1344 1391 1411 1417 1429 1438 1449 1480 1488 1504 1561 1545\
 1534 1581 1629 1657 1652 1750 1788 1778 1910 1880 1945 2046 2030 2152 2248 2212 2403 2552 2709 2773 3111 3310 3416 3736 3952 4210 4692 4830 5221 5735 6231 6674\
 7207 7722 8160 8843 9606 10223 10938 11449 12508 13300 13732 15013 15777 16812 17735 18638 19574 20505 21194 22391 23383 24152 25029 25830 26654 27684 28016 28988 29572 30309 30755 31040\
 31631 31931 32125 32363 32572 33045 33008 33077 33021 33224 33072 33324 33246 33690 33681 33735 34283 34356 34707 35091 35458 35770 36196 36590 37111 37503 38307 38731 38836 39117 39659 39595\
 39367 39253 39149 38527 38119 37177 36765 35260 34556 33199 32161 30540 28916 26955 25812 23841 22503 20807 19084 17481 15902 14442 13061 11734 10417 9322 8214 7245 6283 5479 4710 3950\
 3389 2954 2477 2153 1721 1435 1225 1026 801 668 543 425 352 259 199 176 138 120 83 68 53 43 43 25 18 15 9 9 3 1 4 2\
 6 4 3 3 6 4 0 1 2 1 4 1 1 4 3 2 2 4 0 5 0 1 0 2 4 3 2 2 2 2 7 2\
 4 9 1 0 1 5 2 2 0 4 3 2 2 3 0 0 5 2 2 0 4 1 1 0 4 2 0 2 1 0 2 0\
 2 3 3 2 1 3 1 0 4 1 1 2 1 2 3 2 1 3 0 1 0 2 0 0 0 1 1 0 1 3 1 3\
 5 2 0 1 0 2 3 2 2 0 0 1 2 1 1 1 2 3 0 3 2 2 0 2 2 2 2 2 1 0 0 1\
 2 0 0 1 1 0 0 3 0 1 1 1 0 1 0 3 1 0 0 2 1 1 0 0 0 1 1 0 1 2 2 1\
 0 0 0 0 0 5 0 2 1 0 0 0 2 0 0 0 1 1 0 1 0 1 0 0 1 0 0 1 2 0 1 2\
 3 1 1 0 1 1 1 1 1 0 0 1 0 1 1 1 0 1 0 0 0 0 0 1 0 0 1 1 0 0 0 0


#S 9 mca_save_point Point:8 Scan:11 Datafile:20170218
#D Sat Feb 18 19:52:18 2017
#U Epics mca: dp_vortex_xrd74:mca1
#T 300  (Seconds)
#Q 0 -4.18348e-08 0.0239696
#Energy 0
#Monc 31168077 85726560
#@MCA %32C
#@CHANN 1000 0 999 1
#@CTIME 300 300 261.525
#@CALIB -48.775 5.7161 0
#N 1
#L Epics MCA
@A 0 0 0 0 0 0 0 0 0 0 0 0 0 0 0 0 0 0 0 0 0 0 1 0 0 0 0 0 0 0 0 0\
 0 0 0 0 0 0 0 0 0 0 0 0 0 0 0 0 0 0 0 0 0 0 0 0 0 0 0 0 0 1 1 0\
 2 2 5 3 5 2 0 7 7 8 10 12 12 14 15 11 30 22 28 34 37 40 51 35 41 40 45 58 43 55 68 55\
 69 56 65 53 80 64 63 76 65 56 51 62 55 72 63 54 55 69 70 71 78 63 61 63 68 65 76 57 73 55 60 77\
 68 68 63 52 56 69 63 70 62 66 70 63 75 82 90 77 85 73 88 94 67 78 85 96 118 88 108 100 122 93 99 89\
 75 82 74 66 70 81 48 71 63 50 72 50 71 49 64 58 52 57 44 52 58 49 42 63 46 62 49 67 58 42 52 56\
 63 57 73 54 51 61 57 54 40 54 53 52 58 53 43 48 53 33 46 46 42 40 41 52 48 51 47 58 44 38 39 41\
 48 54 48 42 61 63 45 41 54 48 49 40 53 47 36 42 51 65 50 50 42 44 44 45 37 49 53 39 60 53 50 66\
 48 47 45 48 45 74 70 51 58 58 56 52 56 55 47 61 53 44 55 44 49 42 44 39 47 57 57 51 54 42 57 48\
 55 48 46 66 49 39 44 62 54 54 62 60 52 52 49 65 52 51 74 63 76 56 70 63 53 57 67 61 54 60 69 54\
 58 61 60 54 61 51 65 42 45 58 50 57 42 57 45 48 53 53 55 56 48 61 48 60 46 60 74 54 67 63 49 56\
 61 49 62 60 57 53 45 47 59 50 57 59 60 56 54 52 45 64 51 61 59 52 63 54 63 52 57 62 53 44 49 56\
 51 56 51 59 55 62 74 70 75 61 78 84 92 101 104 109 111 97 134 114 131 125 148 154 161 128 135 129 124 121 105 111\
 121 102 91 92 82 72 94 67 77 87 89 76 80 80 89 81 98 97 92 107 95 113 112 140 153 194 209 259 332 378 445 563\
 628 829 912 1112 1328 1452 1730 1778 2026 2159 2371 2585 2675 2819 2883 2850 2777 2751 2748 2581 2431 2327 2077 1894 1720 1459 1298 1170 1018 816 708 605\
 496 409 381 332 316 276 259 292 269 268 305 284 299 322 335 321 346 354 339 359 331 316 313 291 266 274 233 195 189 184 136 132\
 166 92 102 105 76 55 65 50 46 63 57 53 48 38 42 51 38 35 40 34 36 25 39 40 44 42 32 32 39 42 46 46\
 35 52 39 40 32 43 46 32 42 46 35 40 42 25 51 29 39 41 47 29 51 38 32 37 25 37 56 38 32 24 32 24\
 39 36 51 41 28 47 43 29 35 29 43 34 40 41 46 42 38 34 28 26 27 31 41 40 41 44 47 32 30 33 39 38\
 27 29 30 42 35 45 35 48 29 26 36 43 33 40 41 60 34 52 42 48 44 49 69 46 69 68 70 72 72 80 80 100\
 114 110 135 136 130 173 172 193 188 185 185 185 164 198 164 171 170 179 153 138 148 119 120 106 88 82 79 64 73 52 66 47\
 51 44 45 36 45 35 43 33 42 41 32 39 30 37 36 42 35 32 32 45 48 47 47 35 49 59 43 55 56 39 54 55\
 64 45 61 65 69 69 44 49 50 52 45 46 43 46 51 35 59 39 42 47 35 43 42 36 26 37 28 31 35 25 26 46\
 39 34 38 36 32 31 38 34 35 35 38 28 27 33 46 34 36 41 36 28 34 30 29 50 25 34 40 29 32 43 35 31\
 39 25 39 35 39 41 38 27 33 36 40 30 36 34 24 36 39 27 33 37 34 28 36 42 41 41 36 25 43 31 31 38\
 40 34 46 21 37 36 26 30 34 33 31 40 40 32 39 37 43 33 33 35 35 30 26 24 37 39 34 31 29 34 36 32\
 22 37 39 30 39 33 36 33 28 29 34 25 52 36 38 35 35 33 31 40 32 36 37 37 26 46 38 34 26 32 31 20\
 40 27 39 35 27 42 34 32 37 31 44 38 29 33 31 43 30 19 35 31 29 32 29 38 31 30 40 39 35 27 38 31\
 34 35 29 34 33 31 39 33 31 29 23 27 34 33 28 36 38 29 34 39 38 27 29 35 43 32 31 31 35 36 32 30\
 31 44 32 37 27 43 37 30 33 15 35 33 35 43 34 29 32 28 31 34 37 27 40 36 27 34 41 20 42 31 25 30\
 31 32 41 36 27 29 30 25 35 46 39 37 30 34 34 27 37 35 36 34 38 40 37 30 41 26 26 27 33 34 35 38\
 32 42 37 29 27 31 26 30 37 35 33 49 36 42 28 43 39 32 33 36 31 38 46 32 31 35 41 36 40 45 34 27\
 40 33 45 39 43 34 35 39 35 34 44 38 48 42 45 49 54 43 49 45 44 27 49 39 31 30 30 42 49 28 32 35\
 22 27 31 39 39 35 49 30 41 34 29 44 36 36 31 34 30 25 46 36 32 40 34 42 34 31 27 28 28 24 36 27\
 35 30 26 29 40 29 28 34 34 34 40 34 33 44 40 34 43 43 40 36 40 47 40 53 52 78 67 62 70 79 48 72\
 83 79 85 89 86 103 73 93 83 86 67 67 74 73 81 76 87 89 76 66 53 56 52 42 63 51 55 54 44 44 47 38\
 32 39 47 37 45 36 34 45 38 30 30 36 29 36 40 36 44 39 43 35 30 38 32 34 28 28 42 34 33 28 34 31\
 38 25 37 38 37 33 36 32 28 46 47 33 34 47 35 31 47 41 44 40 44 47 50 43 43 34 44 45 52 50 51 39\
 50 51 55 35 63 45 55 56 58 70 52 54 50 54 45 41 58 51 49 69 54 54 40 45 55 42 43 42 41 56 50 41\
 43 51 39 43 40 45 54 46 46 55 38 50 41 40 43 46 41 38 39 43 35 46 28 38 32 34 37 38 46 34 49 47\
 30 31 42 49 33 39 38 39 38 37 44 41 39 51 43 46 36 43 32 40 43 50 50 62 48 43 39 56 40 56 46 63\
 39 62 56 58 67 57 57 62 56 58 54 46 32 42 54 45 57 63 45 51 51 48 50 45 52 51 64 49 57 52 60 50\
 60 54 43 54 49 55 55 48 57 58 56 48 51 57 55 46 53 59 59 48 53 69 48 50 62 64 59 45 43 61 57 64\
 62 68 62 49 74 66 52 75 58 66 78 89 61 94 104 97 85 88 101 121 111 121 123 132 131 175 159 168 183 226 211 217\
 228 224 238 247 270 248 280 276 318 290 254 296 267 273 267 248 231 235 237 235 231 204 230 211 197 198 180 156 175 151 161 166\
 132 155 157 138 145 129 138 126 165 129 167 143 145 148 130 141 131 137 142 142 141 154 139 133 147 157 134 122 130 143 143 114\
 118 147 122 135 125 114 121 137 140 113 127 114 124 123 123 103 143 127 118 124 119 135 107 125 126 129 128 152 139 131 155 141\
 133 136 129 135 149 194 176 161 175 163 152 183 161 195 162 182 190 212 193 186 207 216 214 186 223 216 205 202 203 182 197 218\
 211 238 232 221 227 230 229 234 268 229 227 244 233 254 237 292 288 250 279 290 279 267 289 316 290 305 336 318 306 352 329 335\
 309 346 328 328 371 365 388 391 359 359 369 376 434 389 404 425 424 428 433 453 440 427 448 460 461 445 486 517 484 525 527 528\
 526 566 578 587 588 533 606 587 602 653 643 722 671 677 701 663 767 729 726 797 808 776 775 811 854 939 872 850 898 890 908 946\
 963 1021 1028 1117 1134 1107 1144 1136 1215 1228 1189 1233 1276 1270 1365 1332 1323 1349 1402 1430 1478 1459 1554 1532 1610 1658 1618 1664 1633 1729 1702 1820\
 1739 1749 1775 1792 1821 1906 1914 2020 2043 2092 2208 2257 2174 2389 2516 2578 2618 2783 2982 3203 3404 3637 3936 4078 4469 4734 5084 5572 5936 6459 6777 7444\
 7899 8551 9161 9883 10630 11358 12258 12946 14000 14697 15726 16722 17572 18878 19781 20673 22162 22799 24125 24980 25942 27197 28171 29085 29999 30723 31472 32590 32973 33608 34244 35208\
 35719 35791 36158 36211 36688 36573 36987 37125 37197 37227 37358 37506 37339 37805 38056 38105 38633 38848 38697 39598 39741 40434 41171 41560 42011 42311 43107 43706 43988 44248 44228 44393\
 44185 44433 43934 43932 42858 42143 41242 39963 38723 37621 35520 34280 32113 31069 29221 27306 25228 23287 21214 19873 18219 16258 14519 13109 11545 10475 9166 8160 6978 6096 5320 4558\
 3865 3298 2753 2314 1933 1599 1411 1087 871 751 543 491 371 288 228 217 136 116 80 61 60 39 37 20 16 15 11 10 8 7 7 7\
 5 7 9 5 4 1 2 3 3 5 6 2 5 5 4 3 2 5 8 8 2 2 3 2 0 1 4 7 1 1 5 2\
 3 2 5 2 5 3 2 3 5 4 2 2 4 3 2 3 3 0 3 5 3 7 3 2 0 4 5 3 2 3 4 4\
 2 1 2 3 2 3 2 8 3 2 2 1 3 3 3 1 5 4 2 4 2 2 2 2 2 4 3 1 3 1 4 2\
 0 2 2 3 1 0 2 2 1 5 2 1 4 1 2 3 0 4 1 0 2 3 0 2 2 1 0 3 4 4 1 3\
 1 3 4 1 2 1 1 0 2 2 2 1 2 3 0 0 1 1 1 1 1 0 1 1 1 0 1 2 0 3 1 0\
 1 1 1 1 0 0 2 2 0 2 2 1 1 0 0 3 0 0 1 2 0 0 1 0 1 0 2 0 0 1 1 1\
 1 1 1 2 0 0 1 1 0 0 1 0 0 1 3 2 0 1 0 1 3 2 1 0 0 0 1 0 2 0 1 1


#S 10 mca_save_point Point:9 Scan:11 Datafile:20170218
#D Sat Feb 18 19:57:27 2017
#U Epics mca: dp_vortex_xrd74:mca1
#T 300  (Seconds)
#Q 0 -2.1805e-08 0.0249867
#Energy 0
#Monc 31168728 85744463
#@MCA %32C
#@CHANN 1000 0 999 1
#@CTIME 300 300 259.503
#@CALIB -48.775 5.7161 0
#N 1
#L Epics MCA
@A 0 0 0 0 0 0 1 0 0 0 1 0 0 0 0 0 0 0 0 0 0 0 1 0 0 0 0 0 0 0 0 0\
 0 0 0 0 0 0 0 0 0 0 0 0 0 0 0 0 0 0 1 0 1 1 0 2 0 1 2 1 1 1 1 0\
 1 4 2 5 4 2 5 4 8 6 6 13 17 12 16 22 23 31 31 29 31 32 33 37 59 46 43 54 62 57 62 62\
 63 71 62 73 65 62 73 58 40 55 58 51 59 64 69 76 83 55 69 56 58 60 61 70 63 61 57 72 80 55 56 55\
 68 70 59 60 67 61 66 79 73 66 55 74 66 62 62 91 75 72 82 77 96 75 79 98 90 96 100 91 103 104 111 98\
 86 88 98 97 71 65 63 56 57 47 61 57 59 58 64 64 52 52 57 66 72 58 51 54 72 44 58 58 74 60 48 49\
 52 47 62 52 49 59 66 62 60 60 62 37 74 55 43 35 51 57 50 45 62 46 44 48 53 53 64 39 46 48 45 45\
 50 38 42 45 39 49 36 50 44 45 44 40 49 43 47 44 50 43 56 45 37 51 44 44 40 44 45 68 49 45 52 48\
 50 49 69 46 57 55 44 53 44 56 50 55 37 61 64 56 46 60 58 71 66 52 56 56 54 52 54 47 66 52 66 52\
 65 54 74 59 61 46 49 51 66 46 47 52 66 70 65 49 65 66 64 61 67 71 57 59 56 73 64 76 69 51 60 54\
 63 48 72 54 59 47 52 49 58 45 45 58 56 66 63 61 76 53 51 62 61 51 57 65 55 49 57 54 46 65 53 62\
 67 68 52 63 60 58 50 67 61 56 51 52 59 54 65 59 68 57 54 60 61 58 70 59 53 52 69 57 71 58 59 68\
 60 60 62 61 56 57 75 79 83 63 83 89 85 109 105 85 105 120 101 132 140 145 141 138 122 142 109 124 139 142 126 112\
 103 111 109 91 90 83 87 92 98 82 69 87 69 90 122 69 84 100 96 103 94 116 125 141 146 188 224 214 329 395 456 523\
 725 807 991 1142 1322 1528 1762 1859 2123 2298 2418 2649 2815 2809 2993 2976 2978 2946 2829 2683 2571 2280 2198 1931 1752 1549 1347 1227 1021 836 716 643\
 516 465 401 351 288 304 265 266 320 296 306 344 333 353 369 363 379 354 390 356 343 322 348 307 262 265 213 259 193 167 156 137\
 124 118 109 96 105 72 72 66 59 50 60 36 42 43 45 42 54 47 39 41 40 29 48 32 42 47 37 45 31 42 50 38\
 45 29 39 38 41 42 34 40 42 41 48 42 49 40 29 44 32 45 44 33 40 30 35 42 38 41 36 28 37 45 46 49\
 38 48 42 40 32 38 38 40 42 36 33 43 36 43 35 33 41 36 35 40 40 39 38 44 36 47 35 35 38 35 34 24\
 33 34 42 43 48 40 46 46 32 29 49 35 31 43 27 32 50 39 41 39 47 42 58 47 44 69 69 49 77 88 119 103\
 104 117 125 130 165 153 180 189 174 214 186 188 194 191 175 175 154 160 162 155 119 119 122 108 94 107 79 59 57 70 64 55\
 52 48 42 42 57 50 39 38 31 26 42 35 44 37 33 43 33 41 37 36 36 43 39 51 49 43 49 62 44 51 47 47\
 43 53 53 65 69 72 59 54 57 50 72 42 57 36 59 47 62 49 44 29 48 32 36 40 37 29 36 39 38 40 41 35\
 40 37 39 31 39 32 35 35 33 36 27 38 36 35 49 33 27 37 39 44 29 47 39 38 32 34 43 46 48 27 38 28\
 38 44 37 34 34 29 35 38 36 38 20 29 32 38 29 37 37 30 22 44 47 35 40 37 42 34 36 26 31 49 43 31\
 35 37 36 31 34 44 37 35 38 31 33 41 38 32 32 33 37 23 40 37 36 37 25 44 41 34 38 41 27 45 41 28\
 28 24 26 33 43 37 36 37 32 28 32 39 44 30 26 42 38 35 36 25 36 30 35 36 45 47 35 25 31 41 34 34\
 38 32 32 38 47 33 46 36 30 23 28 42 31 29 43 34 23 32 38 26 38 24 36 25 28 31 29 27 52 19 37 23\
 31 34 42 36 39 29 40 38 39 23 31 25 45 33 43 32 32 28 39 36 40 25 39 35 33 34 42 31 35 36 25 33\
 26 37 27 30 28 20 37 31 37 30 36 37 37 28 32 28 31 27 41 34 40 36 46 30 36 36 34 34 42 41 36 29\
 30 34 32 33 34 35 39 28 37 34 25 28 36 32 36 29 46 33 33 34 41 24 36 43 24 35 28 35 30 36 22 29\
 25 39 41 26 33 32 36 27 43 22 37 32 34 42 29 25 33 40 34 38 36 32 40 35 38 39 36 31 32 29 48 34\
 38 36 45 39 40 43 49 39 57 44 40 37 46 31 56 47 55 54 41 37 43 42 46 56 41 45 33 42 25 42 36 35\
 42 36 43 42 31 33 45 42 36 29 34 33 27 31 36 43 36 38 36 38 39 30 31 39 34 30 31 36 32 26 38 26\
 32 38 46 36 34 29 41 38 29 35 36 36 42 41 47 40 45 29 39 39 47 51 37 61 54 63 56 45 58 68 61 79\
 73 72 67 69 76 65 78 87 80 80 84 88 65 91 81 100 69 66 69 72 64 70 68 70 49 61 48 49 45 39 50 40\
 33 38 40 35 29 37 53 49 32 34 33 39 35 36 42 27 34 47 25 41 37 39 39 32 53 32 37 36 37 47 30 50\
 39 36 39 28 41 45 51 48 28 40 40 44 41 40 37 54 38 34 38 38 41 53 52 42 56 40 53 51 58 46 49 49\
 48 45 44 62 47 45 38 36 44 61 52 57 43 47 36 56 45 52 44 50 49 45 49 50 47 48 47 46 51 63 50 44\
 55 51 31 46 45 29 38 56 37 52 45 39 37 40 34 38 36 55 33 52 38 50 52 46 51 38 46 43 49 47 50 49\
 49 38 39 40 42 43 34 47 46 34 41 37 46 49 46 46 56 40 47 48 38 47 45 47 58 37 53 45 62 40 54 50\
 51 52 55 59 61 60 60 54 49 59 62 59 58 45 62 64 65 65 52 55 51 46 52 59 58 47 50 47 55 54 48 60\
 64 49 49 54 54 61 50 47 52 55 49 75 63 56 47 44 47 57 50 49 67 67 66 54 50 65 67 54 69 61 70 50\
 59 60 62 68 65 68 73 87 72 86 80 71 72 93 101 70 91 116 104 112 124 139 139 133 164 162 182 212 185 232 209 219\
 261 259 258 237 270 295 265 295 316 276 258 283 273 297 270 252 275 244 268 271 243 200 219 176 192 189 172 170 174 196 160 143\
 137 143 159 147 172 149 155 164 160 137 131 149 160 164 151 157 140 139 139 149 145 138 142 151 158 131 149 139 157 133 123 146\
 133 140 127 114 127 117 99 136 129 114 93 109 126 118 116 140 127 120 113 120 126 134 136 144 118 140 141 151 142 152 163 138\
 148 171 161 162 182 159 174 178 172 174 180 187 175 199 179 198 197 217 201 194 190 211 207 218 213 234 202 191 219 227 255 187\
 274 236 238 222 239 218 229 273 238 246 263 251 266 237 278 275 295 275 305 268 267 299 311 320 322 318 317 344 349 345 346 352\
 371 332 373 348 386 372 387 408 388 409 434 403 413 403 416 419 425 453 443 469 442 487 500 510 453 515 510 480 545 538 514 562\
 542 576 581 625 617 663 628 633 653 667 666 685 661 765 770 762 721 779 775 779 826 857 844 857 837 895 928 999 958 956 990 1030\
 1045 1041 1074 1063 1106 1136 1275 1218 1184 1303 1282 1332 1332 1318 1375 1445 1446 1419 1535 1540 1547 1589 1547 1597 1623 1623 1667 1638 1753 1770 1886 1811\
 1823 1915 1796 1921 1930 2021 2016 2042 2117 2083 2144 2212 2328 2428 2575 2732 2802 2882 2984 3330 3565 3807 4020 4334 4663 5002 5363 5772 6239 6587 7091 7564\
 8451 9005 9546 10240 11059 11895 12619 13451 14261 15477 16359 17514 18326 19656 20537 21547 22805 23945 25094 26326 27263 28249 29353 30090 31360 32139 33186 33739 34946 35248 35773 37048\
 36950 37424 37933 38077 38222 38601 38739 38710 39210 39238 39193 39267 39233 39297 39882 39875 40120 40633 41035 41493 41977 42274 42808 43317 44365 44823 44861 45492 45777 45785 46484 46215\
 46860 46071 46294 45848 44765 43940 43144 42046 40694 39082 37549 35472 33980 32014 30402 28379 26275 23991 22351 20599 18527 16976 15126 13627 12014 10823 9540 8316 7308 6306 5413 4759\
 3989 3371 2867 2382 2076 1673 1401 1124 906 744 613 468 404 302 239 203 146 110 88 68 61 46 33 30 18 15 12 17 14 14 10 5\
 5 3 4 2 2 8 6 2 4 5 7 2 2 2 2 3 4 6 5 3 4 3 0 0 4 1 1 1 0 2 2 3\
 4 3 2 3 3 3 4 2 1 2 2 5 5 3 1 3 4 2 2 2 5 1 2 5 4 2 0 1 4 3 1 5\
 2 1 3 2 3 4 3 0 2 3 3 0 4 1 1 1 5 1 2 4 3 7 2 2 2 2 3 5 1 1 2 1\
 3 1 6 2 5 2 2 1 3 3 1 2 2 4 1 2 4 1 3 0 1 2 1 1 3 0 3 0 1 2 2 1\
 1 0 3 0 1 1 3 0 0 1 2 2 1 2 1 3 1 0 1 1 0 3 5 1 1 1 3 0 1 0 0 1\
 0 0 0 0 1 2 3 1 3 0 1 2 3 0 1 2 1 2 0 2 0 1 2 0 1 1 2 2 0 0 1 0\
 0 1 0 1 3 1 1 1 0 1 1 0 1 1 1 1 0 0 1 0 2 1 2 0 2 0 0 0 0 1 2 0


#S 11 mca_save_point Point:10 Scan:11 Datafile:20170218
#D Sat Feb 18 20:02:36 2017
#U Epics mca: dp_vortex_xrd74:mca1
#T 300  (Seconds)
#Q 0 1.13444e-08 0.0259995
#Energy 0
#Monc 31103537 85676360
#@MCA %32C
#@CHANN 1000 0 999 1
#@CTIME 300 300 258.009
#@CALIB -48.775 5.7161 0
#N 1
#L Epics MCA
@A 0 0 0 0 0 0 0 0 0 0 1 0 1 0 1 0 0 0 0 0 0 1 0 0 0 0 1 0 0 0 0 0\
 0 0 0 0 0 0 0 0 0 0 0 0 0 0 0 0 0 0 0 0 0 0 1 1 1 0 1 0 0 0 1 1\
 1 1 3 2 2 5 8 6 8 12 13 11 13 11 17 22 23 31 31 33 34 54 38 55 55 64 53 57 86 63 67 56\
 61 68 62 61 63 59 61 59 76 81 66 79 67 70 67 86 71 61 67 80 74 72 63 64 74 81 69 76 73 62 65 61\
 63 56 68 52 57 71 70 65 68 67 72 82 61 71 78 94 80 83 80 81 94 87 88 104 105 95 89 108 119 95 100 88\
 86 99 72 86 77 64 84 64 52 53 63 51 54 52 66 52 55 35 66 63 54 52 61 63 53 54 65 55 63 55 60 60\
 50 55 44 52 71 54 76 60 47 54 54 58 56 36 50 58 39 55 52 54 41 53 46 61 60 53 48 53 41 54 49 57\
 40 56 47 55 50 51 43 56 41 51 53 49 53 44 59 49 53 38 45 54 58 53 69 56 53 40 52 42 55 46 38 63\
 66 64 60 41 51 65 60 56 49 70 42 52 53 60 57 48 60 69 67 67 54 51 61 52 65 61 50 55 63 45 56 43\
 65 54 50 67 47 60 59 68 55 48 55 54 52 58 61 69 56 65 68 70 67 65 63 81 62 75 62 44 70 70 54 59\
 48 61 56 46 51 57 43 61 60 52 64 61 51 62 55 53 63 60 69 49 51 70 53 51 64 70 60 76 56 67 47 60\
 69 71 54 48 59 66 57 61 47 63 68 72 41 55 49 48 65 58 46 60 52 78 60 69 51 53 58 66 82 67 63 59\
 59 58 56 57 80 71 60 78 78 85 71 87 100 88 121 111 102 116 145 116 146 133 127 142 149 131 110 130 126 119 113 111\
 119 97 113 107 102 107 83 84 83 80 98 88 75 85 100 91 75 86 100 105 106 117 142 159 175 214 218 290 368 407 499 600\
 709 746 959 1201 1402 1556 1755 1968 2136 2358 2588 2706 2811 3011 3092 3022 2976 3054 2818 2790 2650 2470 2213 1985 1790 1544 1394 1281 1016 826 744 614\
 551 468 398 357 332 277 299 303 308 293 334 343 372 384 370 376 373 367 430 369 366 335 323 287 289 238 269 223 220 203 159 134\
 126 108 100 101 86 88 64 69 60 53 46 43 55 42 51 43 34 43 40 59 43 45 48 41 42 41 57 47 39 42 40 40\
 33 42 32 43 44 33 42 44 43 35 39 31 42 29 40 39 46 36 38 46 39 39 36 40 38 47 31 40 53 46 38 39\
 26 39 28 33 40 32 49 46 36 49 37 41 38 39 29 39 44 38 52 37 43 40 49 48 51 52 44 32 39 46 40 40\
 35 41 38 45 32 33 38 45 38 42 34 36 43 40 53 43 42 36 48 49 38 57 56 50 53 47 69 68 79 89 98 106\
 105 123 117 141 134 161 182 170 168 168 199 201 197 185 181 175 168 187 168 130 131 122 119 109 95 82 74 81 64 61 55 47\
 51 51 41 48 47 41 51 40 32 51 42 39 45 39 40 41 36 37 45 41 43 41 35 46 43 45 48 43 65 68 59 56\
 63 51 54 61 70 64 73 67 44 61 57 53 48 46 45 44 47 33 48 44 40 46 41 49 40 41 62 42 37 41 40 43\
 33 38 34 23 39 37 23 35 34 38 40 54 31 38 29 37 35 38 42 35 33 39 39 40 30 52 39 39 37 43 35 35\
 35 39 30 31 34 46 37 30 40 34 46 40 41 33 43 29 34 48 43 43 38 29 39 42 37 39 30 34 32 30 45 36\
 41 39 30 35 37 47 49 32 28 38 31 33 36 32 40 35 49 24 44 38 32 31 38 37 30 36 35 33 31 28 29 40\
 27 41 35 32 35 39 37 49 33 38 44 28 35 33 37 33 35 37 32 35 36 32 29 39 41 24 35 43 31 45 28 40\
 39 37 45 31 46 37 41 31 33 43 47 33 28 48 47 26 42 23 36 42 43 29 31 35 34 33 40 34 29 40 25 44\
 43 34 41 35 39 27 33 50 37 33 43 33 46 39 38 35 32 27 56 25 30 39 28 36 37 42 27 31 40 40 45 40\
 32 46 36 39 37 37 39 39 34 45 38 30 40 41 36 38 38 32 34 29 29 40 33 36 48 35 45 36 40 33 32 28\
 39 34 35 45 34 45 35 42 47 38 28 45 33 31 45 29 41 37 45 35 28 34 35 36 37 42 29 36 37 33 43 34\
 36 39 31 31 37 39 41 33 47 42 34 44 28 43 37 41 40 40 33 47 41 41 33 45 38 41 32 30 27 37 41 38\
 36 38 32 36 48 44 43 32 44 45 53 45 52 45 49 53 53 43 45 66 39 35 44 42 44 54 49 51 37 29 43 31\
 41 30 37 46 38 41 33 36 37 45 43 41 42 37 43 48 34 38 41 36 29 34 43 41 31 47 35 45 40 35 34 41\
 47 43 35 29 33 36 50 38 47 41 45 41 42 43 37 38 48 40 46 51 38 43 61 53 47 62 55 63 48 72 64 73\
 74 74 76 67 88 73 77 96 74 84 80 85 73 75 86 72 57 64 54 72 63 62 53 72 40 57 54 39 46 37 48 40\
 36 39 38 43 42 37 42 37 37 34 34 39 34 47 30 54 39 37 38 45 52 39 27 38 42 38 39 36 35 48 27 32\
 47 23 28 41 28 41 42 50 44 48 35 28 42 32 51 33 47 43 34 38 49 49 30 46 56 59 33 45 52 52 51 51\
 49 46 43 47 54 51 64 60 75 58 60 64 58 56 47 54 47 48 48 47 51 48 53 46 41 31 43 52 55 50 41 48\
 42 32 49 59 43 63 58 47 56 51 58 38 31 56 33 54 39 58 44 51 56 43 39 44 43 45 52 42 54 40 51 53\
 37 45 39 54 37 51 53 49 40 55 34 31 48 43 44 43 58 44 48 58 49 54 52 49 62 45 48 63 57 58 52 54\
 60 59 70 56 41 59 66 55 56 57 60 48 52 53 46 62 46 54 61 54 54 62 54 66 51 51 59 68 60 63 60 59\
 57 53 58 50 64 48 56 46 48 56 52 67 59 68 53 61 57 56 63 53 51 67 61 64 58 69 74 64 50 47 62 68\
 71 83 74 58 64 79 65 79 66 89 80 78 84 98 98 92 90 114 103 105 123 149 133 159 157 177 181 197 206 219 236 228\
 224 276 256 298 262 301 271 294 316 297 325 293 270 279 298 286 241 254 270 259 238 242 226 241 192 204 194 188 189 176 187 145\
 156 168 157 173 150 142 162 170 145 166 170 170 152 147 139 149 148 152 161 174 157 146 148 137 142 150 149 141 146 127 119 136\
 132 140 145 123 144 135 122 118 132 132 129 124 151 158 107 105 121 126 135 149 142 142 153 159 132 131 141 142 130 162 152 146\
 159 178 140 169 150 161 164 194 159 199 189 163 175 205 217 201 187 204 168 208 218 198 190 219 198 223 234 252 213 215 233 226\
 239 221 237 236 245 241 227 251 253 245 261 267 261 222 255 273 269 305 322 276 321 306 311 328 325 337 348 357 335 346 374 336\
 366 408 359 374 401 381 374 411 387 411 440 422 464 414 427 478 444 461 476 501 456 492 501 519 555 489 528 518 559 590 564 601\
 608 572 602 598 607 621 615 673 674 704 713 769 687 731 768 771 757 764 796 877 892 853 886 876 940 942 972 941 1044 1002 1002 1047\
 1086 1080 1094 1144 1199 1215 1199 1264 1212 1321 1283 1298 1442 1396 1371 1491 1526 1450 1519 1587 1666 1698 1715 1661 1729 1736 1734 1750 1818 1815 1884 1856\
 1853 1945 2000 1926 2042 2000 2039 2228 2229 2195 2279 2403 2479 2622 2637 2860 2911 3131 3326 3347 3593 3825 4212 4454 4866 5135 5499 5837 6373 6853 7335 7942\
 8467 9121 9887 10426 11390 12132 12949 13819 14897 15976 16942 17742 19002 20363 21449 22585 23549 24659 25864 27307 28265 29231 30262 31319 32408 33342 34244 35333 36220 37048 37332 38254\
 38518 38975 39256 39271 39864 39502 40508 40087 40511 40488 40616 40541 41115 40890 40880 41367 42166 41966 42217 43029 43578 43784 44300 44997 45306 46172 46807 46599 47875 48115 48265 48112\
 48168 48209 47755 47449 46753 46030 44591 43678 42225 40747 38889 36857 35279 33494 31246 29568 27256 25272 23277 21265 19552 17621 15694 13980 12846 11334 9856 8545 7592 6619 5644 4839\
 4070 3626 2955 2515 2108 1753 1390 1133 980 768 659 524 382 328 233 205 129 124 99 87 59 49 38 33 20 24 10 14 8 15 6 5\
 5 4 5 7 6 3 4 5 8 7 7 4 3 2 6 4 3 2 3 4 4 3 2 6 2 1 4 5 2 1 2 2\
 2 5 4 2 8 1 4 3 5 4 4 1 2 4 4 5 0 2 6 3 3 3 5 0 6 2 1 5 6 3 3 4\
 4 5 5 1 4 4 3 4 0 4 3 3 4 1 4 1 4 2 3 2 1 1 3 3 2 2 0 2 3 3 3 3\
 3 1 3 2 1 2 3 1 1 2 3 1 3 1 3 3 0 1 2 5 4 1 3 3 1 4 1 3 4 3 0 2\
 2 2 1 2 2 1 1 1 3 2 2 4 3 4 5 2 1 3 2 1 2 1 1 1 2 2 1 0 1 1 0 2\
 0 1 3 2 5 4 0 1 0 2 3 3 1 2 0 0 0 2 1 1 0 2 4 2 0 2 2 0 1 3 1 1\
 3 1 2 1 3 1 1 0 2 2 0 1 2 1 1 0 1 1 1 1 1 0 0 1 0 1 0 0 0 2 0 1


#S 12 mca_save_point Point:11 Scan:11 Datafile:20170218
#D Sat Feb 18 20:07:45 2017
#U Epics mca: dp_vortex_xrd74:mca1
#T 300  (Seconds)
#Q 0 0 0.0269945
#Energy 0
#Monc 31115220 85752275
#@MCA %32C
#@CHANN 1000 0 999 1
#@CTIME 300 300 257.025
#@CALIB -48.775 5.7161 0
#N 1
#L Epics MCA
@A 0 0 0 0 0 0 0 0 0 0 0 0 0 0 1 0 0 0 0 0 1 0 0 0 0 0 0 0 0 0 0 0\
 0 0 0 0 0 0 0 0 0 0 0 0 0 0 0 0 0 1 0 1 0 0 0 0 1 1 1 0 2 1 1 1\
 0 1 1 2 6 4 2 2 3 8 11 10 17 12 19 29 22 22 27 32 40 55 45 51 50 47 57 69 69 54 70 59\
 66 77 58 71 59 78 65 64 89 69 60 68 66 68 53 51 77 71 68 78 74 69 70 68 90 75 71 83 68 54 77 63\
 62 62 76 77 81 62 66 68 62 61 70 80 77 80 73 79 70 76 72 90 99 95 96 96 89 92 122 105 102 110 100 101\
 105 84 95 80 90 68 95 69 78 76 53 77 59 56 54 50 50 62 56 66 64 61 71 68 73 63 69 59 65 51 58 72\
 59 58 57 64 51 68 56 59 71 53 37 57 52 49 65 57 46 45 55 40 50 54 51 65 51 45 50 40 60 51 39 45\
 48 51 46 55 45 51 50 41 59 43 49 59 41 51 43 62 43 56 48 43 48 48 47 62 57 43 38 60 47 58 49 52\
 64 57 44 51 52 54 63 61 49 53 48 52 61 60 73 58 63 53 49 61 63 56 67 79 63 49 45 55 59 57 53 55\
 62 48 55 52 66 57 55 52 63 57 57 60 68 53 56 64 47 69 73 79 70 64 73 66 62 70 69 76 63 72 55 48\
 63 57 66 63 76 65 65 49 79 54 50 62 67 57 41 44 66 71 71 54 58 50 58 62 61 54 57 68 60 54 64 76\
 73 71 62 66 65 62 64 62 53 55 67 53 59 55 55 62 59 61 67 69 65 59 62 57 48 63 59 68 61 57 73 53\
 62 79 60 70 72 66 78 71 81 73 89 87 85 91 105 119 121 124 128 144 144 128 119 116 162 169 131 149 134 139 135 113\
 92 119 108 98 100 105 92 85 80 80 92 89 76 104 92 121 95 84 100 134 91 133 127 168 168 227 229 294 322 390 500 573\
 724 857 1011 1178 1360 1588 1736 2013 2151 2371 2655 2688 2933 3103 3024 3146 3103 2890 2961 2753 2639 2491 2275 1973 1794 1673 1428 1228 1077 875 761 626\
 543 442 411 350 299 289 303 294 288 322 289 338 336 336 395 354 395 396 383 395 345 396 357 318 311 282 256 231 225 177 190 149\
 141 113 108 92 93 51 63 59 75 70 54 55 46 59 49 40 42 55 47 53 43 50 40 49 38 33 37 50 44 53 40 31\
 43 44 42 37 43 49 38 47 32 32 39 53 43 54 39 32 35 42 39 42 45 38 36 42 43 32 37 45 40 40 45 35\
 45 43 42 40 47 44 49 45 31 51 40 41 29 39 30 38 38 42 40 44 39 36 48 38 40 34 25 49 44 39 42 53\
 35 44 47 40 35 36 34 49 47 40 33 37 29 37 44 40 38 48 49 50 49 56 43 59 64 67 59 64 70 95 99 114\
 98 138 132 151 156 171 180 177 199 182 186 195 192 184 206 186 179 206 151 166 137 131 117 102 111 101 72 85 69 77 61 57\
 54 59 48 36 38 55 30 51 48 32 47 31 26 37 39 29 33 36 46 29 42 44 57 47 46 48 55 50 52 58 50 62\
 59 76 61 49 66 56 66 60 71 55 63 63 33 59 38 36 56 36 54 40 50 40 47 41 39 37 39 37 40 40 39 37\
 45 32 52 38 35 39 29 47 29 41 36 37 48 35 34 28 41 34 39 28 32 32 44 30 40 27 38 42 41 31 44 31\
 35 37 36 41 40 36 35 37 35 34 32 33 37 41 32 29 29 41 30 29 40 41 22 36 44 37 39 33 33 43 36 29\
 37 39 28 36 50 39 48 27 27 34 37 43 38 30 45 36 33 37 32 31 36 34 30 37 40 43 40 36 37 41 50 43\
 39 32 36 46 32 34 41 39 31 43 40 25 40 39 37 41 33 40 30 40 39 45 50 38 32 40 37 32 36 40 35 37\
 37 33 43 33 48 47 43 36 43 31 44 41 40 40 38 30 30 19 42 58 46 42 36 34 40 28 32 36 33 36 37 37\
 32 40 34 32 48 25 36 36 33 37 37 36 35 37 34 28 44 43 39 35 30 39 27 31 26 43 31 31 33 46 40 33\
 38 31 51 35 39 29 35 34 31 39 39 33 35 52 34 46 37 43 39 33 46 36 26 30 45 35 25 36 34 54 39 37\
 32 40 30 34 38 35 37 40 47 31 40 41 38 43 38 41 29 32 30 36 42 34 33 30 39 31 34 37 38 37 32 31\
 23 28 53 42 34 28 27 39 39 27 27 33 32 30 44 37 33 35 43 38 52 34 24 46 44 49 48 48 44 42 31 28\
 46 40 34 38 35 44 46 48 47 44 54 54 49 34 57 48 45 52 50 49 32 38 45 51 48 48 43 44 47 51 45 31\
 36 39 42 31 27 32 34 33 48 35 34 32 43 30 34 33 41 38 29 35 33 34 39 40 41 38 42 38 38 36 35 38\
 47 33 26 41 38 37 43 45 32 47 44 36 41 41 51 40 40 29 53 40 53 39 50 43 49 55 54 52 67 64 68 68\
 90 86 61 89 60 76 82 83 75 73 62 81 84 69 67 61 64 71 61 53 59 56 59 62 53 49 57 44 50 47 40 53\
 50 48 31 34 36 43 40 48 52 52 34 37 36 35 34 34 26 38 42 39 52 37 45 41 43 34 39 51 54 34 40 45\
 47 34 31 40 43 35 37 38 31 39 31 33 29 40 56 40 42 53 34 53 40 41 38 55 47 55 40 41 47 51 45 52\
 50 47 51 66 44 52 49 49 53 62 55 40 46 50 55 55 60 40 54 46 40 60 48 44 45 45 51 43 55 43 43 58\
 45 40 54 51 53 45 54 49 45 41 39 47 54 49 43 49 33 40 49 39 49 31 52 50 47 46 39 42 46 53 55 56\
 40 37 46 36 51 56 52 39 40 43 51 55 43 41 51 63 43 46 49 44 40 46 63 60 58 52 53 50 48 63 52 55\
 55 61 54 71 56 63 47 70 63 52 56 38 56 54 62 57 63 58 49 56 50 51 48 55 49 56 61 60 67 67 46 56\
 64 66 60 54 53 65 54 46 67 60 68 62 47 53 60 47 62 61 63 62 65 56 64 69 63 65 52 72 59 84 79 64\
 70 66 75 71 63 68 61 79 74 80 78 85 67 73 103 99 104 121 119 121 130 129 156 155 164 184 197 208 221 216 238 233\
 228 208 252 284 272 289 322 295 322 311 314 289 316 323 269 274 258 304 254 257 238 212 223 232 194 190 194 191 209 158 146 169\
 181 154 161 167 169 163 169 159 155 145 157 156 144 182 166 153 172 132 175 157 173 135 156 139 132 147 160 131 139 133 148 117\
 142 146 132 137 143 130 129 132 122 126 139 120 143 125 138 114 149 122 104 141 128 128 143 137 140 134 156 137 149 164 155 145\
 162 175 158 148 161 189 189 164 192 184 182 213 224 190 175 198 216 173 200 212 208 195 226 207 235 226 233 236 241 219 218 262\
 218 236 244 257 258 210 238 245 312 249 261 271 257 272 288 320 287 307 307 305 282 302 314 306 332 355 315 365 360 350 378 374\
 359 375 396 408 406 395 417 381 436 385 450 401 442 454 454 448 484 423 439 510 468 485 463 509 538 568 549 563 559 544 579 608\
 576 589 639 626 599 669 703 660 692 721 744 716 715 743 745 778 781 829 797 797 900 892 925 844 932 846 958 973 953 1065 1044 1104\
 1090 1156 1098 1210 1194 1245 1222 1237 1270 1303 1330 1391 1366 1386 1395 1449 1574 1607 1546 1579 1652 1708 1648 1679 1744 1774 1747 1881 1862 1790 1881 1977\
 2003 1968 2009 2010 2045 2037 2096 2172 2283 2309 2335 2448 2511 2626 2725 2995 3014 3122 3416 3562 3792 3896 4235 4554 4802 5066 5658 6066 6200 6875 7593 7976\
 8643 9430 10037 10729 11619 12342 13175 14424 15153 16375 17157 18557 19506 20508 21884 22687 24134 24984 26441 27624 29019 29883 31097 32149 32990 34071 35086 36017 36309 37608 38149 38717\
 39088 39769 40301 40712 40476 41007 41034 41234 41192 41469 41536 41213 41909 41773 42336 42388 42354 42920 43777 43679 43982 44954 45720 46002 46464 47550 48287 48540 48735 48962 49654 49365\
 49740 49635 48889 48235 47815 46804 45701 44451 42802 41451 40049 38158 36410 34082 32081 30392 28316 26041 23838 21781 19748 18098 16255 14591 12821 11515 10020 8892 7739 6769 5758 4846\
 4272 3623 2952 2551 2104 1683 1442 1160 959 758 634 528 434 339 271 193 137 113 83 76 51 61 38 36 22 13 25 8 16 11 9 8\
 10 11 4 7 9 7 6 7 5 5 5 3 4 5 3 5 5 3 3 2 2 0 1 7 1 2 3 3 2 3 7 4\
 1 3 3 2 5 6 3 4 1 6 4 0 0 2 4 5 3 4 4 1 2 4 6 6 1 2 4 4 6 2 5 4\
 1 2 1 6 3 3 4 3 3 3 3 3 4 2 0 3 5 5 2 4 2 1 1 6 0 3 7 5 2 4 2 3\
 2 3 1 4 0 5 5 2 1 5 0 1 4 4 2 0 2 2 2 1 2 0 6 8 4 1 3 2 1 1 1 1\
 0 3 4 1 1 4 1 3 2 5 1 5 0 1 0 1 3 1 0 2 1 3 1 3 1 2 3 0 2 2 3 2\
 0 2 2 3 0 0 0 1 0 2 1 1 2 3 1 1 2 1 1 1 1 3 2 1 2 0 0 1 1 2 1 1\
 1 0 1 0 0 1 2 1 0 0 1 1 1 0 1 0 1 0 1 2 2 0 1 1 1 0 1 1 3 1 0 4


#S 13 mca_save_point Point:12 Scan:11 Datafile:20170218
#D Sat Feb 18 20:12:54 2017
#U Epics mca: dp_vortex_xrd74:mca1
#T 300  (Seconds)
#Q 0 -1.22128e-08 0.0279896
#Energy 0
#Monc 31295226 85822912
#@MCA %32C
#@CHANN 1000 0 999 1
#@CTIME 300 300 257.005
#@CALIB -48.775 5.7161 0
#N 1
#L Epics MCA
@A 0 0 0 0 0 0 0 0 0 0 0 0 0 0 0 0 0 0 0 0 0 1 1 0 0 0 0 0 0 0 0 0\
 0 0 0 0 0 0 0 0 0 0 0 0 0 0 0 0 0 0 0 0 0 0 0 1 0 2 0 0 1 3 0 0\
 1 2 2 5 5 6 6 4 11 9 14 15 21 12 17 20 28 28 28 34 43 36 46 38 43 52 59 42 59 68 61 55\
 69 61 79 73 70 64 69 57 60 70 65 60 65 72 62 80 69 88 86 73 79 64 69 75 66 63 76 66 73 67 80 82\
 62 59 73 61 75 65 74 68 75 71 75 75 87 73 72 70 79 88 80 93 108 97 74 87 115 101 106 118 96 108 109 104\
 127 103 85 74 91 68 71 73 65 61 58 71 50 58 70 61 65 50 57 67 58 60 50 55 52 57 49 54 49 61 81 68\
 74 76 43 54 49 60 51 56 54 50 57 64 46 62 62 43 58 46 46 63 42 43 51 66 37 50 49 43 40 58 51 60\
 32 32 47 49 60 45 46 37 40 58 56 43 50 38 51 42 49 44 45 53 53 52 47 42 46 58 47 51 58 61 44 51\
 54 53 46 50 53 55 55 55 69 69 44 53 56 67 42 58 66 61 50 55 55 61 71 60 55 56 45 52 53 62 53 42\
 57 68 60 54 46 51 62 56 51 68 58 61 60 66 66 80 65 72 55 69 81 69 58 59 54 64 73 70 53 63 66 71\
 56 60 58 62 68 46 65 60 55 61 63 53 53 60 59 64 67 70 67 60 54 54 77 54 65 64 52 73 57 51 42 51\
 65 65 60 48 57 54 64 64 66 56 51 61 62 54 70 44 53 57 53 66 53 58 59 77 65 63 71 66 62 62 53 82\
 54 65 79 78 73 71 81 73 72 75 66 78 76 102 98 94 123 100 124 132 124 153 136 174 122 131 163 140 135 127 125 121\
 122 117 99 88 95 86 79 90 81 98 88 99 77 87 107 97 85 108 89 100 114 120 132 148 192 204 218 271 346 418 494 586\
 660 833 1023 1124 1367 1618 1778 1963 2163 2359 2537 2757 2834 2950 3164 2976 3106 2904 2901 2683 2625 2506 2322 2031 1821 1647 1424 1184 1094 857 724 669\
 558 468 377 374 319 287 288 297 293 330 330 320 360 351 371 358 388 363 381 365 350 339 351 308 262 260 244 229 207 170 179 151\
 147 136 112 89 79 77 67 77 72 43 57 42 51 45 49 39 44 42 53 41 46 51 47 34 50 41 31 37 43 45 37 39\
 28 50 36 34 47 48 50 39 39 42 33 59 44 40 44 40 39 40 39 37 35 51 36 42 39 37 41 44 53 37 46 38\
 39 41 50 40 62 33 41 45 39 41 29 44 35 39 43 53 43 45 43 40 34 40 48 45 42 44 36 37 33 40 27 40\
 43 51 29 33 48 40 43 36 43 33 50 46 37 48 48 48 34 44 46 55 50 46 54 53 70 65 66 60 78 91 85 92\
 106 117 125 143 162 153 166 155 204 200 183 185 188 164 197 145 179 153 150 160 110 130 109 121 106 93 87 65 63 74 62 52\
 54 47 47 52 35 44 40 42 46 44 41 36 46 34 31 31 47 37 49 56 36 41 48 45 47 48 60 59 41 56 52 59\
 67 68 69 71 69 47 54 66 52 43 50 50 52 56 51 51 42 59 57 43 43 34 51 34 38 35 41 42 32 38 39 47\
 51 43 29 41 22 40 35 32 57 32 43 39 36 37 31 39 45 42 45 50 40 43 38 32 36 33 37 29 39 45 33 37\
 50 33 30 44 37 34 56 30 36 41 28 41 46 23 35 33 36 35 35 40 36 37 41 38 35 48 38 34 33 35 28 31\
 33 38 35 25 41 31 49 49 50 28 33 39 39 37 31 38 28 38 34 33 39 38 30 45 36 39 32 32 31 43 40 33\
 31 32 36 44 36 38 31 40 35 47 30 35 44 33 36 36 31 40 34 39 34 36 38 34 36 45 29 32 34 42 37 39\
 37 28 32 23 35 39 39 44 36 39 32 34 32 40 45 44 28 37 33 39 36 47 28 38 33 42 35 28 44 28 41 35\
 43 48 31 34 38 36 49 44 34 39 35 41 32 30 36 29 39 31 35 47 32 29 39 42 35 28 36 36 42 31 34 31\
 40 48 27 37 45 30 47 33 44 43 41 40 30 27 31 30 36 33 48 30 47 45 34 33 38 38 36 36 37 26 47 35\
 41 31 36 39 37 37 30 33 45 50 42 48 37 44 39 37 29 48 31 34 39 33 39 39 33 36 24 38 29 45 44 41\
 46 36 35 37 41 30 30 30 37 31 27 44 36 24 34 39 39 46 38 29 38 33 39 36 43 46 36 33 46 39 43 42\
 43 42 45 38 52 46 37 41 38 44 44 39 46 38 47 40 64 43 46 54 48 36 47 36 36 38 40 38 48 43 47 47\
 47 32 34 45 42 42 39 32 37 39 36 31 31 43 47 46 45 48 48 36 29 40 35 60 30 43 32 37 32 34 28 41\
 37 28 39 36 34 24 37 27 49 43 33 45 38 45 36 46 34 34 39 51 43 43 48 56 59 38 51 66 61 53 48 59\
 56 80 63 71 74 74 81 66 73 73 93 63 73 64 79 66 62 62 57 67 72 49 52 57 51 42 58 54 46 42 45 43\
 43 39 44 44 41 54 43 44 40 45 45 45 43 49 41 46 50 31 29 51 39 42 29 38 33 41 36 30 50 40 40 42\
 24 32 46 38 34 44 49 42 33 46 32 50 44 45 44 39 50 47 43 38 38 45 40 48 40 41 45 57 44 53 51 48\
 51 59 53 54 54 51 46 41 45 49 44 54 60 46 48 50 57 54 50 47 48 52 54 57 49 42 40 47 44 53 54 45\
 39 41 53 55 56 36 40 46 46 32 50 41 48 55 51 39 48 44 39 45 41 40 46 45 54 48 37 46 42 50 44 40\
 32 38 38 38 58 36 61 45 51 57 46 56 52 33 37 54 59 47 63 44 47 51 64 47 62 44 55 60 51 49 38 58\
 58 54 60 56 51 63 46 49 64 50 55 71 53 59 57 67 86 50 53 57 73 64 58 60 65 60 60 54 63 50 51 61\
 64 42 44 58 58 47 53 59 52 60 76 65 67 64 49 58 63 48 46 75 60 67 67 76 60 61 65 68 70 69 67 74\
 82 69 69 54 71 59 69 74 80 72 84 101 73 95 99 113 112 113 129 130 107 128 125 167 152 183 159 201 206 213 219 252\
 243 297 281 285 267 286 298 322 297 301 301 294 275 293 302 286 262 241 259 242 254 235 219 219 241 211 191 213 160 151 181 159\
 168 160 149 156 134 145 153 157 150 153 152 158 128 140 175 155 159 155 157 170 150 139 168 168 157 139 142 145 146 137 119 134\
 124 144 140 130 119 134 121 141 121 109 136 139 149 106 154 131 144 133 120 135 147 137 143 146 141 126 160 136 148 149 147 156\
 159 150 159 179 193 188 191 171 203 180 179 210 189 170 172 186 173 192 190 205 232 235 208 209 230 203 218 217 226 228 210 253\
 215 246 218 228 237 246 255 246 247 241 252 271 268 298 274 272 292 299 300 311 283 321 334 324 343 339 327 372 360 386 404 356\
 385 391 426 369 376 426 414 420 406 438 461 424 426 442 474 470 459 483 471 484 469 531 489 504 494 543 573 538 538 580 565 552\
 583 536 621 610 669 654 674 693 702 714 761 682 708 730 759 814 802 774 822 837 869 927 876 922 888 895 959 966 1080 1064 1084 1058\
 1064 1115 1067 1187 1186 1235 1266 1329 1285 1346 1389 1362 1401 1450 1445 1487 1451 1578 1510 1595 1631 1621 1676 1753 1682 1758 1767 1824 1837 1845 1799 1860\
 1929 1960 1925 2063 2076 2136 2191 2160 2188 2295 2330 2503 2439 2609 2760 2932 2884 3125 3314 3504 3708 4012 4446 4457 4786 5221 5689 6089 6558 6979 7552 8189\
 8763 9275 10077 10735 11636 12720 13328 14408 15485 16132 17370 18122 19306 20463 21486 22985 24131 25167 26138 27374 28769 30109 31195 32226 33078 34010 35015 35903 36742 37203 38367 39000\
 39072 39971 40292 40412 40535 41122 40995 41149 41527 41652 41625 41644 41984 42257 42409 42838 42712 43223 43730 43858 44355 45207 46161 46626 47532 47533 48064 48452 49205 49486 49455 49575\
 49570 49922 49213 48434 47980 47115 46005 44688 42908 41522 40329 38255 36563 34469 32527 29964 28470 26338 24130 22022 19883 18182 16173 14589 12882 11478 10163 8840 7858 6629 5863 5038\
 4212 3527 2989 2617 2139 1810 1438 1219 954 794 660 554 438 319 276 186 194 143 106 94 53 51 36 39 21 12 20 19 10 11 4 6\
 9 6 8 5 3 3 3 2 2 6 7 5 2 2 3 5 5 5 1 5 5 4 5 6 4 4 6 5 6 5 3 3\
 3 4 8 1 2 4 4 2 2 2 4 7 3 3 1 2 0 2 4 1 8 4 2 1 2 2 6 2 0 6 6 2\
 5 4 3 3 1 1 1 4 1 2 4 0 0 3 3 3 3 1 3 0 2 6 4 2 6 2 2 5 2 1 4 2\
 3 1 5 4 0 3 2 2 4 1 2 1 2 6 0 1 1 3 1 2 2 3 2 3 3 1 6 2 2 2 2 1\
 6 2 2 2 2 2 2 0 1 1 2 2 0 3 2 0 0 2 1 1 4 3 0 2 3 3 4 0 3 1 2 1\
 0 1 2 1 2 2 1 0 1 2 3 1 1 3 0 0 0 0 0 0 2 0 2 1 4 0 0 2 5 0 0 2\
 0 0 3 2 3 0 0 2 3 1 0 2 1 1 2 2 4 3 3 1 1 4 5 0 1 3 0 0 1 0 0 1


#S 14 mca_save_point Point:13 Scan:11 Datafile:20170218
#D Sat Feb 18 20:18:03 2017
#U Epics mca: dp_vortex_xrd74:mca1
#T 300  (Seconds)
#Q 0 2.53093e-08 0.0290023
#Energy 0
#Monc 31197854 85771403
#@MCA %32C
#@CHANN 1000 0 999 1
#@CTIME 300 300 258.271
#@CALIB -48.775 5.7161 0
#N 1
#L Epics MCA
@A 0 0 0 0 0 0 0 0 0 0 0 0 0 0 0 0 0 0 0 0 0 0 0 0 0 0 0 0 0 0 0 0\
 0 0 0 0 0 0 0 0 0 0 0 0 0 0 0 0 0 0 0 0 0 0 0 1 0 0 1 1 1 2 0 0\
 2 2 2 3 2 4 3 2 7 6 11 9 6 12 19 22 26 27 36 36 39 31 44 43 58 55 59 51 52 53 67 61\
 82 77 56 69 70 68 54 62 60 72 65 65 65 68 66 67 65 69 64 68 66 70 65 82 68 78 72 65 60 86 58 61\
 70 75 71 72 73 68 68 64 68 68 66 65 68 76 61 70 67 86 86 74 87 98 91 105 99 103 111 106 107 99 94 100\
 92 94 78 75 92 70 65 69 53 68 58 54 58 81 64 47 56 44 65 38 46 58 60 71 50 54 47 59 58 54 60 76\
 40 74 63 53 60 53 48 63 59 59 52 50 45 67 46 40 41 55 54 46 45 60 45 47 63 40 46 53 51 42 44 53\
 38 33 42 36 42 62 49 49 49 47 43 48 49 62 38 40 54 60 51 43 39 34 39 51 51 42 46 51 64 57 57 57\
 46 57 55 46 61 48 55 51 45 53 57 52 49 44 56 55 52 47 81 67 61 50 48 48 67 63 59 52 60 55 66 46\
 68 61 68 59 49 60 60 57 60 61 58 55 76 75 46 65 73 52 67 61 60 65 82 69 66 52 69 67 60 70 69 55\
 60 60 74 60 61 50 51 56 58 58 55 52 68 49 60 57 53 43 52 39 59 54 58 49 55 46 48 47 59 49 60 64\
 66 44 64 58 55 59 61 69 51 61 65 66 75 59 57 50 59 56 59 63 60 66 55 57 54 49 70 57 77 63 58 57\
 68 53 82 70 69 71 62 74 74 72 80 69 92 99 97 108 109 104 106 111 140 137 153 164 128 128 139 116 122 134 129 125\
 129 111 119 92 87 91 99 86 86 77 90 72 88 86 87 87 83 97 119 110 108 108 135 143 170 171 245 258 332 358 491 535\
 658 820 932 1092 1300 1474 1677 1970 2148 2334 2559 2637 2844 2836 2896 2982 2977 2869 2862 2707 2540 2288 2180 2018 1703 1501 1378 1192 1055 884 733 630\
 536 449 376 309 305 268 267 287 275 296 301 311 337 331 360 345 357 364 351 364 322 344 305 278 290 230 260 218 204 175 150 156\
 119 131 104 98 67 69 76 59 60 47 54 50 41 57 46 40 49 40 38 39 48 44 36 51 47 36 47 49 51 43 36 33\
 46 48 40 52 43 48 51 44 42 41 40 39 42 41 51 31 51 43 40 52 46 42 34 34 38 41 34 50 39 42 44 47\
 45 43 36 42 29 31 40 42 43 40 41 32 46 33 43 42 41 37 45 48 38 34 34 34 38 38 32 43 37 36 43 38\
 39 43 60 36 45 45 28 45 40 45 37 36 47 37 33 35 43 39 41 42 38 47 39 57 39 55 71 72 82 71 79 109\
 97 115 121 122 134 143 158 168 158 159 148 170 182 176 162 162 163 163 132 153 118 105 121 104 96 94 84 72 63 62 57 46\
 63 46 46 46 47 42 43 47 28 37 34 43 46 45 36 46 36 40 46 37 39 47 53 42 37 55 55 54 56 71 65 49\
 57 42 41 54 40 71 47 46 61 47 58 52 49 63 39 50 42 42 53 51 43 50 44 39 38 58 39 31 33 39 45 46\
 40 41 38 40 44 37 26 32 37 42 30 35 23 38 32 38 35 29 33 35 49 23 44 42 41 34 32 35 30 38 37 42\
 30 38 37 30 36 54 36 37 23 33 37 26 41 36 34 38 37 33 40 34 35 38 38 28 35 44 33 32 28 33 26 34\
 33 38 34 35 42 39 30 43 45 35 51 35 32 41 27 37 42 39 33 36 46 37 34 28 39 32 41 38 37 29 19 34\
 27 42 43 32 37 27 28 44 33 31 53 33 30 29 30 31 42 30 39 32 33 35 39 31 52 37 35 50 28 36 35 32\
 36 40 22 33 35 32 26 32 36 31 39 29 43 35 38 46 43 39 31 29 45 33 35 36 40 37 29 32 34 35 40 43\
 28 34 34 38 48 45 47 39 33 28 37 44 39 45 33 46 37 30 32 38 32 34 48 42 34 42 31 34 33 33 32 33\
 32 41 36 33 39 36 38 35 31 30 29 40 27 29 42 47 41 29 38 33 28 40 33 27 36 34 37 37 49 29 33 33\
 34 41 33 37 37 39 34 21 42 23 26 31 34 34 38 35 39 30 41 38 26 36 31 37 36 31 26 37 29 33 39 46\
 43 34 43 34 41 34 34 33 39 31 24 31 35 31 40 32 34 30 31 43 37 31 40 31 32 33 38 34 48 37 30 38\
 43 33 47 41 35 38 43 44 57 56 41 45 42 44 41 55 44 49 28 34 39 52 42 50 46 31 54 48 42 38 38 37\
 37 41 31 43 34 41 31 47 37 29 25 38 35 24 35 31 30 41 38 45 30 50 30 36 39 29 32 39 39 32 31 30\
 36 40 42 33 37 37 26 21 41 33 33 45 39 37 45 44 37 43 49 38 50 47 46 44 47 49 59 64 47 57 71 52\
 76 57 58 68 64 58 62 76 58 55 80 68 48 59 66 70 61 70 58 56 67 54 49 48 53 54 31 48 50 45 44 44\
 42 33 43 39 41 36 42 39 40 38 29 34 39 28 29 40 42 27 43 34 32 28 37 34 49 38 45 36 27 36 40 32\
 26 30 36 46 42 36 53 36 29 23 40 44 37 40 35 41 41 36 44 31 40 45 49 48 56 28 56 41 56 38 54 49\
 50 49 47 47 51 51 45 51 46 47 61 45 55 53 36 51 44 35 52 57 45 51 49 39 49 48 57 41 54 48 41 33\
 52 38 39 50 43 54 38 37 48 44 45 49 45 59 46 35 45 47 38 40 49 45 41 35 41 38 46 41 54 50 46 48\
 36 53 44 46 42 44 49 52 43 55 43 39 63 45 51 50 45 54 49 45 52 61 65 54 41 40 46 50 46 54 60 57\
 53 59 58 62 50 63 64 59 60 62 47 72 52 62 51 42 47 63 58 42 49 50 56 50 57 58 42 49 64 65 53 57\
 63 57 62 50 45 58 46 52 61 62 42 50 52 62 59 53 62 54 60 60 59 60 58 80 56 69 57 53 58 55 58 64\
 78 71 77 72 53 63 68 74 85 84 91 84 102 93 94 97 111 107 137 115 123 125 152 151 144 166 180 194 218 197 200 212\
 227 245 264 247 305 275 281 301 328 287 311 290 308 288 271 266 260 252 281 205 238 205 208 218 191 214 212 188 176 165 184 145\
 158 158 135 141 166 138 165 154 153 122 148 176 159 136 177 152 140 154 201 175 151 162 153 143 169 139 123 147 125 149 133 136\
 125 143 138 128 134 136 139 138 123 124 119 141 149 123 116 136 130 135 133 126 138 112 122 145 140 143 136 133 147 147 150 135\
 127 140 169 153 163 156 182 151 185 174 184 175 198 163 179 184 162 177 202 200 218 193 214 202 164 190 200 215 244 199 216 247\
 208 250 195 234 240 224 255 260 245 232 249 234 235 244 264 246 281 280 302 308 269 284 320 318 322 311 309 316 348 385 352 349\
 388 324 343 378 399 406 387 407 389 365 398 425 380 434 422 457 477 406 483 476 440 486 510 537 505 510 507 499 534 548 547 583\
 571 582 598 618 666 653 615 628 642 660 681 745 718 699 743 746 797 790 768 821 810 836 842 840 952 912 911 965 980 975 1022 1035\
 1046 1063 1078 1158 1226 1236 1236 1189 1279 1222 1352 1385 1386 1412 1406 1442 1450 1530 1562 1523 1563 1529 1603 1618 1679 1727 1780 1776 1785 1810 1764 1807\
 1803 1931 1908 1890 2037 2038 2124 2120 2274 2205 2249 2342 2364 2606 2611 2723 2876 2975 3236 3415 3629 3798 4194 4342 4638 4995 5238 5748 6242 6727 7192 7791\
 8252 8836 9689 10575 11117 12112 12826 13612 14802 15594 16686 17692 18886 19711 21100 22267 23520 24453 25585 27048 27886 29121 29910 30889 32429 33103 33731 34830 35377 36212 36946 37351\
 38180 38683 38682 39093 39494 39570 40060 40043 40231 40106 40079 40818 40702 40899 40753 41684 41719 41872 42288 42528 43113 44000 44357 44860 45329 46127 46669 47658 47374 47983 48163 48120\
 48202 48038 47322 47567 47081 45615 44434 43492 42095 40521 38951 37020 35116 33190 31451 29449 27329 25002 23325 21352 19586 17727 15501 14342 12605 11228 9830 8738 7502 6587 5743 4785\
 4156 3597 2943 2477 2084 1736 1395 1165 924 803 596 546 388 326 269 202 162 121 83 77 72 48 41 35 28 18 12 12 12 9 7 7\
 8 1 1 8 2 7 5 4 4 0 7 3 5 1 3 4 6 3 4 5 3 2 4 1 5 2 3 3 1 2 3 5\
 5 3 1 3 4 6 6 3 4 6 1 2 2 4 2 1 3 4 2 3 4 1 5 1 1 1 1 3 7 5 6 3\
 1 0 3 3 0 6 2 0 2 4 2 2 3 2 0 3 6 5 2 1 3 5 2 0 3 1 2 3 4 1 1 3\
 4 1 1 5 4 2 3 1 0 3 2 1 2 1 1 1 2 1 0 5 2 3 1 2 0 0 3 3 0 0 4 4\
 2 1 3 1 0 2 0 1 2 0 1 2 2 4 0 1 1 0 1 3 2 1 2 1 1 2 3 0 1 0 3 1\
 1 1 1 1 1 2 0 0 1 1 2 2 2 0 0 2 1 2 0 1 4 1 0 2 1 2 1 1 0 0 1 4\
 1 2 2 1 0 2 4 1 0 2 0 4 0 1 2 1 0 1 1 4 0 2 0 3 1 2 0 2 2 0 0 2


#S 15 mca_save_point Point:14 Scan:11 Datafile:20170218
#D Sat Feb 18 20:23:12 2017
#U Epics mca: dp_vortex_xrd74:mca1
#T 300  (Seconds)
#Q 0 -3.92433e-08 0.0299797
#Energy 0
#Monc 31220571 85730209
#@MCA %32C
#@CHANN 1000 0 999 1
#@CTIME 300 300 257.825
#@CALIB -48.775 5.7161 0
#N 1
#L Epics MCA
@A 0 0 0 0 0 0 0 0 0 0 0 0 0 0 0 1 0 0 0 0 2 0 0 0 0 0 0 0 0 0 0 0\
 0 0 0 0 0 0 0 0 0 0 0 0 0 0 0 0 0 0 0 0 0 0 0 1 1 1 1 0 1 0 1 0\
 1 2 3 0 1 4 7 2 7 8 14 12 12 14 16 22 29 38 28 30 38 47 37 55 46 43 44 68 65 73 69 63\
 72 61 63 81 78 70 71 61 72 59 47 69 73 66 61 77 71 65 76 69 70 74 56 59 58 59 63 67 90 84 56 79\
 59 77 70 62 67 63 65 67 62 69 64 71 76 56 63 87 71 91 82 70 83 98 93 109 116 92 95 77 97 97 112 102\
 91 79 102 77 83 73 73 74 71 67 54 59 63 56 53 54 80 49 44 48 48 66 59 55 59 56 44 66 59 55 57 49\
 54 66 68 53 66 58 49 59 56 47 66 54 51 50 59 58 61 52 64 44 54 58 56 45 47 44 44 67 42 38 56 47\
 52 48 56 63 35 51 49 39 47 37 56 46 39 53 45 39 47 50 43 49 39 51 43 44 51 51 45 56 56 52 51 49\
 54 45 46 46 71 62 59 76 41 55 60 53 57 58 61 55 52 58 59 51 76 50 64 58 55 66 50 42 59 57 45 64\
 57 47 45 58 66 58 64 53 72 54 53 60 77 66 64 67 49 64 63 62 63 90 52 59 79 81 62 62 42 54 71 69\
 67 68 51 65 51 50 58 63 56 62 61 50 60 66 54 59 55 51 46 60 61 57 60 63 57 62 56 67 50 57 62 67\
 58 60 73 57 64 64 60 50 52 72 73 53 63 59 64 51 51 43 66 71 62 65 57 56 60 66 61 64 49 63 67 68\
 58 71 81 56 51 75 75 67 54 74 90 82 94 85 98 114 112 128 126 133 145 125 146 137 122 109 127 119 155 126 126 137\
 120 113 100 94 87 96 114 77 94 65 85 96 60 85 83 79 98 74 98 100 118 126 107 136 175 198 229 267 343 385 435 515\
 678 772 912 1104 1347 1528 1731 1862 2152 2306 2450 2650 2727 2974 2983 2962 2947 3018 2825 2601 2510 2392 2118 1940 1783 1519 1385 1129 974 866 755 630\
 513 452 357 351 266 283 283 281 303 291 305 320 312 313 349 374 373 372 399 384 373 328 346 310 275 256 236 231 198 177 157 156\
 151 116 94 84 81 65 68 60 43 57 50 50 35 38 49 42 38 49 35 53 41 32 37 41 37 50 52 44 41 54 36 48\
 49 37 47 40 44 37 37 33 51 31 46 41 38 38 24 24 33 39 38 43 42 45 49 36 30 47 39 52 33 33 36 35\
 42 36 52 38 42 39 28 45 44 44 43 43 45 40 34 48 27 48 52 43 41 38 32 38 31 41 38 42 39 39 42 38\
 40 36 44 27 35 54 35 41 46 49 32 40 49 47 40 45 51 39 37 55 38 55 52 57 55 59 71 77 65 96 89 86\
 116 102 124 125 142 141 181 165 153 158 175 176 183 186 169 180 155 162 133 121 140 112 112 96 90 78 85 84 58 59 54 61\
 48 57 54 46 26 39 40 43 41 37 24 43 39 39 26 40 40 35 42 40 45 56 50 42 51 56 54 46 47 55 52 59\
 50 60 44 52 51 42 67 51 61 51 37 43 53 51 43 50 49 47 26 49 53 49 34 42 43 38 36 37 38 36 49 42\
 34 39 31 37 41 40 45 32 47 34 47 46 36 49 37 41 40 38 46 39 40 38 39 36 43 37 30 34 40 29 34 39\
 52 38 35 32 41 37 38 39 36 42 34 43 44 45 40 32 31 32 42 28 43 36 37 32 32 37 38 28 25 48 44 34\
 37 36 35 41 27 29 55 33 35 35 33 43 31 30 36 34 36 44 40 43 28 33 49 34 40 40 39 38 32 32 22 32\
 44 39 29 42 25 35 45 33 40 42 33 31 34 34 34 33 34 27 56 39 32 45 37 33 34 27 29 40 37 33 29 39\
 29 35 42 35 41 36 37 35 41 34 34 46 25 44 26 27 46 44 34 41 31 31 34 46 30 42 30 29 34 38 39 44\
 35 31 34 48 36 45 45 44 33 38 45 39 38 29 36 39 28 34 35 35 33 45 37 31 38 31 37 35 35 27 41 38\
 30 45 39 33 24 38 49 34 40 42 39 46 36 26 44 36 36 33 32 43 34 35 28 36 26 41 37 40 38 40 40 30\
 35 36 43 31 44 36 37 35 25 29 39 28 25 45 31 41 35 32 31 39 35 35 25 37 42 41 34 36 43 33 39 54\
 29 40 31 31 43 34 32 34 35 43 27 30 36 31 34 35 31 34 33 37 36 36 45 43 29 34 31 45 44 45 43 52\
 35 38 46 44 38 47 38 39 43 44 37 55 49 40 50 40 40 47 52 35 48 41 52 52 52 42 45 36 37 32 41 38\
 37 33 36 31 42 36 38 38 43 38 34 33 41 37 31 32 33 36 41 32 42 46 39 32 24 30 39 54 28 37 24 46\
 36 37 41 33 44 43 31 46 46 35 32 38 45 47 36 42 37 48 35 30 44 42 62 49 30 57 63 56 60 54 53 60\
 61 68 68 79 73 69 76 54 65 78 62 70 94 45 61 70 53 65 61 66 57 58 42 52 42 47 37 41 48 28 42 39\
 37 41 44 39 45 37 43 40 34 47 28 43 36 38 40 43 41 35 31 28 35 41 32 28 38 43 40 41 42 51 28 45\
 39 40 47 35 35 49 41 47 36 46 39 54 39 31 40 38 40 45 57 52 47 38 40 38 33 38 47 42 50 40 36 47\
 35 48 39 50 56 45 55 47 53 52 43 47 30 43 47 49 49 52 42 51 51 52 43 48 44 41 50 45 53 56 48 41\
 39 43 48 42 47 41 45 51 50 40 49 37 37 42 73 47 45 46 43 40 44 51 38 42 49 32 50 36 41 48 46 45\
 43 44 35 42 38 44 44 57 41 47 30 59 50 53 50 50 42 44 44 37 61 50 48 53 60 51 46 54 50 61 54 58\
 50 49 48 45 62 47 56 52 71 44 53 63 61 49 63 58 58 54 58 45 49 58 60 49 63 45 58 46 48 46 51 42\
 65 48 65 52 44 45 56 64 68 65 49 56 55 63 70 61 58 57 65 58 52 71 51 61 65 56 66 68 64 62 91 67\
 74 72 65 75 71 57 80 69 72 76 64 73 105 92 84 99 107 91 93 127 140 143 153 155 173 192 160 202 236 214 222 257\
 243 249 257 296 291 250 311 316 305 250 285 315 290 298 280 269 262 260 226 243 234 225 206 220 199 216 190 209 167 188 156 162\
 178 178 157 164 157 158 153 136 151 154 154 157 167 170 153 140 183 167 157 144 163 161 155 144 158 147 163 146 137 151 143 142\
 131 120 150 122 120 124 121 131 136 130 114 108 123 118 124 122 144 139 125 137 136 125 138 125 139 151 121 145 129 151 155 161\
 130 150 165 152 169 182 190 159 181 187 173 183 198 187 179 174 188 206 197 216 216 195 199 192 190 212 205 208 211 247 197 226\
 243 237 207 246 223 227 239 257 258 265 250 272 274 285 297 277 281 304 291 280 284 323 307 327 327 295 320 335 329 368 321 374\
 391 366 390 393 399 401 346 417 412 423 433 436 445 419 443 484 430 442 456 462 452 489 537 503 503 538 548 520 551 568 544 584\
 603 619 606 589 640 657 600 674 701 642 684 731 717 753 794 753 738 755 822 814 873 818 865 817 902 900 989 968 1052 1006 1044 1089\
 1048 1085 1100 1216 1183 1195 1237 1190 1222 1207 1287 1336 1325 1403 1441 1433 1467 1517 1519 1591 1595 1601 1689 1639 1695 1685 1738 1828 1757 1811 1900 1960\
 1872 1913 1976 1864 2008 1972 2042 2102 2068 2250 2213 2403 2427 2494 2621 2822 2797 3067 3216 3418 3573 3790 4068 4408 4686 4894 5414 6032 6285 6811 7282 7917\
 8557 9096 9673 10590 11286 12230 13016 13883 14830 15756 16617 17672 18863 20050 21095 22245 23335 24284 25747 27022 27995 28882 30129 31617 32497 33237 34142 35167 35961 36393 36818 37743\
 38399 38688 39239 39616 39992 40307 40374 40422 40453 40831 40937 41269 40958 41405 41730 41684 41918 42457 42921 43263 43837 44691 44957 45098 46161 46373 47436 47421 48441 48325 48555 48659\
 48659 48911 48091 47649 46722 46183 45163 44081 42674 41025 39472 37557 35689 33742 31716 29342 27710 25636 23531 21574 19558 17594 16007 14432 12736 11282 10132 8608 7681 6616 5744 4907\
 4186 3512 3003 2559 2033 1741 1418 1129 974 769 614 510 423 275 229 222 155 140 115 73 63 49 45 31 24 16 12 14 11 6 11 5\
 10 7 11 6 4 4 3 7 4 4 5 3 2 6 3 2 4 6 3 11 4 5 3 3 0 1 1 4 3 1 3 3\
 4 4 1 7 1 4 2 1 5 3 5 2 3 3 1 4 1 4 3 2 3 7 3 2 2 2 3 3 3 1 3 2\
 0 4 2 2 5 4 3 0 4 1 3 3 2 4 2 3 5 4 0 3 4 4 4 4 2 0 3 1 2 4 2 3\
 4 0 3 5 4 2 4 5 4 1 2 2 2 0 2 3 2 1 0 2 1 1 5 2 2 2 3 3 1 2 3 2\
 2 0 4 2 2 3 2 1 1 2 2 1 6 2 2 3 1 2 0 3 0 2 2 3 3 1 1 0 1 0 4 1\
 3 2 0 0 0 3 2 2 0 1 1 2 0 1 0 4 0 1 3 0 1 1 1 2 2 0 1 0 2 0 1 2\
 2 0 0 1 2 0 2 0 1 1 0 3 0 1 2 0 0 0 2 1 1 2 1 0 0 1 1 0 0 1 0 1

