#F ./vortex/20170218_9_mca
#E 1487453313
#D Sat Feb 18 15:28:33 2017
#C surf  User = epics

#C Saving MCA data for Scan:9 in Datafile:20170218

#S 1 mca_save_point Point:0 Scan:9 Datafile:20170218
#D Sat Feb 18 15:28:33 2017
#U Epics mca: dp_vortex_xrd74:mca1
#T 300  (Seconds)
#Q 0 1.39475e-08 0.0159827
#Energy 0
#Monc 29092911 86492612
#@MCA %32C
#@CHANN 1000 0 999 1
#@CTIME 300 300 276.38
#@CALIB -48.775 5.7161 0
#N 1
#L Epics MCA
@A 0 0 0 0 0 0 0 0 0 0 0 0 0 0 0 0 0 0 0 0 0 0 0 0 0 0 0 0 0 0 0 0\
 0 0 0 0 0 0 0 0 0 0 0 0 0 0 0 0 0 0 0 0 0 0 0 0 0 0 0 0 0 0 0 0\
 0 0 0 0 0 0 0 0 0 0 0 0 0 0 0 0 0 0 0 0 0 0 0 1 1 0 0 0 0 0 0 0\
 0 1 0 2 0 0 1 0 1 0 2 1 1 2 0 0 1 1 0 2 1 0 1 0 1 0 1 0 1 0 2 0\
 0 0 0 2 0 1 2 0 0 1 1 1 0 1 0 0 0 0 2 1 1 0 2 0 2 2 1 0 1 2 0 2\
 1 1 0 0 0 0 2 0 0 2 1 2 1 1 0 1 0 1 0 1 1 0 0 0 1 1 0 0 1 0 0 2\
 0 2 1 0 1 0 0 1 1 0 0 1 1 0 0 1 2 0 0 0 0 0 0 0 0 1 0 0 0 0 0 1\
 0 1 0 0 1 1 0 1 0 1 1 0 1 0 0 0 0 0 1 0 2 1 0 0 0 0 0 1 0 1 0 1\
 0 2 0 2 0 0 0 1 2 2 0 2 1 1 0 1 0 0 0 1 0 1 0 2 0 0 0 0 1 1 1 0\
 0 0 0 0 0 0 0 0 0 0 0 2 0 0 0 0 1 1 1 1 2 2 0 2 0 2 1 0 3 1 0 0\
 0 1 1 0 0 1 2 1 1 1 2 1 1 0 2 0 2 1 3 0 2 2 2 3 3 5 3 3 3 5 7 3\
 5 2 6 4 2 4 5 4 2 5 5 5 2 2 2 1 2 1 2 2 2 1 0 3 2 0 0 0 0 1 1 1\
 0 1 1 1 2 1 0 1 1 3 0 1 0 2 1 0 1 1 1 2 1 1 0 1 1 1 1 0 2 0 0 0\
 2 3 1 0 0 0 3 0 2 0 1 1 1 0 0 2 0 1 0 3 0 2 1 0 2 1 2 3 0 3 3 1\
 4 4 3 3 7 4 12 8 5 9 14 10 16 14 9 17 16 8 8 23 15 11 8 5 8 4 1 4 5 5 9 8\
 1 2 1 0 2 2 1 2 1 2 4 0 1 1 2 1 2 2 4 4 2 2 1 2 4 2 3 4 2 2 3 4\
 4 4 4 3 2 1 2 4 2 2 3 1 4 4 4 4 0 1 3 3 1 0 1 1 4 4 1 0 0 3 1 2\
 1 1 1 0 1 0 1 0 0 1 1 0 0 2 0 1 0 1 1 0 1 3 2 1 2 1 0 1 0 1 0 2\
 1 0 2 0 0 1 2 0 0 1 0 1 0 0 1 0 0 0 1 1 0 1 2 3 1 2 1 0 2 2 2 0\
 0 1 2 1 0 0 1 2 4 1 1 1 0 1 2 2 2 2 5 2 5 7 8 18 19 21 21 32 31 41 44 46\
 49 67 54 79 82 71 102 91 104 104 108 121 100 111 99 100 85 80 80 75 69 66 64 46 41 44 33 25 24 14 16 10\
 9 5 6 6 3 3 4 1 3 2 2 3 4 0 1 4 1 4 2 6 7 4 6 7 8 17 10 6 6 13 14 13\
 20 13 10 13 9 15 13 14 8 13 17 11 9 12 10 10 10 2 8 5 6 0 1 2 1 3 1 0 1 1 0 0\
 1 0 1 2 0 0 0 0 0 1 0 1 0 0 1 0 0 0 0 0 2 1 0 0 0 0 0 0 0 0 0 1\
 0 0 0 0 0 1 0 0 0 0 0 0 0 0 0 0 0 0 0 1 0 0 1 0 0 0 0 0 0 0 0 1\
 0 1 0 0 1 1 0 1 0 1 2 0 1 0 1 0 1 1 0 1 0 0 1 1 0 0 1 0 0 1 0 0\
 0 0 0 0 0 0 0 0 0 0 0 0 0 1 1 0 1 0 0 1 0 1 0 0 0 0 1 0 2 2 0 0\
 1 0 0 1 0 0 1 0 0 0 1 1 0 0 0 0 0 0 0 0 0 0 1 0 0 0 0 0 0 0 0 0\
 1 0 0 0 2 0 2 0 0 0 0 0 0 0 1 0 0 0 1 0 1 0 0 0 0 0 0 0 0 0 0 0\
 1 0 0 0 1 0 0 0 0 0 1 0 0 0 0 1 0 0 2 0 1 0 0 0 1 0 0 0 1 0 0 0\
 1 0 1 0 0 0 0 0 0 0 0 2 0 0 1 0 0 0 0 0 0 0 0 0 0 1 0 0 0 0 0 0\
 0 0 1 0 0 0 1 0 1 0 1 0 1 0 0 1 0 0 0 2 0 1 0 0 0 1 0 0 2 0 0 0\
 1 1 0 0 2 0 1 0 1 1 2 0 0 0 0 0 0 0 0 0 2 1 0 0 0 0 0 0 2 0 1 0\
 1 0 1 1 1 0 0 0 0 1 0 1 3 1 1 0 1 0 0 1 0 0 2 0 0 0 2 1 0 0 1 0\
 0 0 0 0 0 0 0 1 1 2 1 1 1 1 3 0 2 2 4 0 6 2 5 9 2 7 8 7 7 3 12 9\
 6 10 11 9 6 10 15 6 10 8 8 8 11 12 11 10 7 7 6 7 7 3 9 4 4 2 2 1 4 1 4 2\
 0 0 1 0 0 0 0 1 0 1 1 1 0 0 1 0 0 0 0 0 0 0 0 0 0 0 1 1 0 0 0 0\
 0 0 0 1 0 1 1 1 0 1 0 0 0 0 0 0 1 0 1 1 0 0 1 0 1 2 0 0 0 2 1 0\
 0 0 0 0 0 2 2 0 1 1 1 1 0 1 2 1 1 5 0 1 2 2 0 4 0 1 2 3 4 1 3 0\
 1 2 0 4 2 1 2 1 1 1 2 0 0 0 0 0 0 0 0 0 1 0 0 1 0 0 0 0 0 1 0 0\
 0 0 0 0 0 0 0 0 0 0 0 0 1 2 0 0 0 0 1 0 0 0 0 1 0 0 0 0 1 0 0 0\
 0 0 0 1 0 0 0 0 2 0 0 1 0 2 1 2 0 0 0 2 0 0 2 0 0 1 0 0 0 0 0 0\
 0 0 1 0 0 0 0 0 0 0 1 0 0 0 0 1 0 0 1 0 1 0 0 0 0 1 0 0 1 0 1 0\
 1 0 1 0 2 0 1 0 0 1 0 0 2 0 0 0 4 3 0 1 3 3 0 3 0 2 1 1 4 3 2 0\
 3 3 1 2 2 3 4 6 6 2 4 3 2 3 6 3 1 3 2 1 1 1 2 3 2 3 2 0 3 2 2 0\
 0 0 2 2 1 3 2 0 0 1 0 0 0 0 2 1 0 0 3 1 0 0 2 0 2 2 2 0 1 0 0 0\
 0 1 0 0 0 0 0 1 0 0 2 0 0 1 2 0 1 2 1 1 1 3 1 3 1 6 4 5 8 5 7 9\
 11 8 8 16 9 7 14 13 8 22 23 24 16 19 18 24 17 17 20 29 21 19 20 16 14 15 13 11 5 7 10 9\
 5 12 6 11 12 8 6 6 1 3 6 0 2 4 3 3 2 0 1 1 2 2 2 3 4 0 2 1 1 4 5 2\
 4 4 1 4 3 1 2 3 0 1 1 5 2 3 3 4 2 1 3 2 3 0 3 1 4 1 3 4 1 1 2 5\
 3 0 2 5 2 4 1 5 0 5 3 5 8 5 5 2 4 4 3 4 3 7 3 9 6 3 4 5 3 3 8 6\
 6 0 3 5 3 7 2 8 4 6 4 8 12 14 8 14 4 10 6 12 10 9 9 10 10 11 11 10 9 18 12 8\
 17 11 7 19 13 15 19 20 21 17 16 25 14 18 16 18 23 27 19 34 34 28 28 31 37 43 51 56 53 44 56 59\
 55 68 71 85 69 96 81 86 100 121 144 132 136 151 156 170 157 161 195 197 191 198 234 228 242 228 259 247 230 249 249 242\
 281 262 262 294 244 283 248 286 275 302 279 274 289 295 268 257 256 276 273 297 277 303 297 274 275 285 277 284 246 277 274 252\
 303 269 248 237 258 226 247 252 212 198 234 174 212 201 167 136 128 118 129 123 87 106 106 67 77 57 68 41 45 34 38 26\
 20 21 19 10 13 6 9 5 6 8 4 4 1 3 0 0 0 1 1 0 0 0 0 0 0 0 0 0 0 1 0 0\
 0 0 0 0 0 0 0 0 0 0 0 0 0 0 0 0 0 0 0 0 0 0 0 0 0 0 0 0 0 0 0 0\
 0 0 0 0 0 0 0 0 0 0 0 0 0 0 0 0 0 0 0 0 0 0 0 0 0 0 0 0 0 0 0 0\
 0 0 0 0 0 0 0 0 0 0 0 0 0 0 0 0 0 0 0 0 0 0 0 0 0 0 0 0 0 0 0 0\
 0 0 0 0 0 0 0 0 0 0 0 0 0 0 0 0 0 0 0 0 0 0 0 0 0 0 0 0 0 0 0 0\
 0 0 0 0 0 0 0 0 0 0 0 0 0 0 0 0 0 0 0 0 0 0 0 0 0 0 0 0 0 0 0 0\
 0 0 0 0 0 0 0 0 0 0 0 0 0 0 0 0 0 0 0 0 0 0 0 0 0 0 0 0 0 0 0 0\
 0 0 0 0 0 0 0 0 0 0 0 0 0 0 0 0 0 0 0 0 0 0 0 0 0 0 0 0 0 0 0 0


#S 2 mca_save_point Point:1 Scan:9 Datafile:20170218
#D Sat Feb 18 15:33:42 2017
#U Epics mca: dp_vortex_xrd74:mca1
#T 300  (Seconds)
#Q 0 3.70782e-08 0.0169954
#Energy 0
#Monc 29360642 86608810
#@MCA %32C
#@CHANN 1000 0 999 1
#@CTIME 300 300 280.977
#@CALIB -48.775 5.7161 0
#N 1
#L Epics MCA
@A 0 0 0 0 0 0 0 0 0 0 0 0 0 0 0 0 0 0 0 0 0 0 0 0 0 1 0 0 0 0 0 0\
 0 0 0 0 0 0 0 0 0 0 0 0 0 0 0 0 0 0 0 0 0 0 0 0 0 0 0 0 0 0 0 0\
 0 0 0 0 0 0 0 0 0 0 1 0 0 1 1 0 0 0 0 0 1 1 0 1 1 0 0 1 0 0 1 0\
 1 0 0 0 0 0 1 0 1 1 2 1 1 0 0 1 0 0 0 1 0 1 2 2 2 2 1 0 1 0 0 2\
 0 2 0 0 0 0 1 3 2 0 1 0 1 0 0 1 0 1 1 1 1 0 0 0 1 3 1 3 3 0 1 0\
 1 2 1 1 0 0 1 4 0 0 1 1 0 2 3 0 0 1 0 1 0 0 0 1 1 1 0 0 0 0 2 0\
 1 0 2 0 2 2 1 0 1 0 1 0 0 0 1 0 0 1 1 2 4 0 0 0 0 3 0 0 0 0 0 0\
 2 1 1 0 0 0 1 1 0 1 1 0 0 1 2 0 0 0 0 1 2 0 0 1 1 1 2 0 1 2 0 1\
 1 1 0 2 0 1 0 0 1 1 1 2 1 0 1 0 0 2 0 1 1 0 0 1 2 0 0 1 0 1 1 0\
 1 1 1 1 0 0 1 0 0 0 1 0 1 1 0 1 1 0 2 0 1 1 1 0 0 1 0 0 1 1 0 0\
 1 0 2 2 1 2 2 0 0 0 0 1 0 1 1 1 0 1 2 1 6 2 3 6 5 1 7 6 6 2 2 6\
 3 6 4 6 7 2 3 3 6 3 5 5 3 2 4 1 0 3 2 2 0 2 0 3 2 1 0 1 0 0 1 0\
 0 0 2 1 0 0 3 0 0 1 0 0 3 1 1 1 2 1 1 2 0 1 2 1 2 2 2 1 0 0 2 0\
 1 3 2 0 2 0 1 2 2 1 0 1 1 1 1 0 1 2 2 0 2 0 0 2 3 4 2 0 2 7 5 5\
 3 5 4 7 5 5 7 10 10 11 14 14 13 23 17 17 15 15 16 7 11 9 15 8 7 7 6 8 6 9 8 5\
 3 5 2 3 1 5 2 0 5 1 2 2 3 2 2 1 3 3 4 5 3 1 2 2 1 3 1 2 3 0 4 4\
 0 1 4 4 2 4 6 6 2 2 3 3 5 3 3 5 1 4 4 2 0 1 1 3 3 1 2 1 2 0 0 2\
 1 0 2 1 0 1 0 1 0 2 1 1 0 0 2 0 0 1 3 1 1 2 1 1 3 0 1 0 0 1 2 0\
 1 1 0 0 1 1 2 0 0 0 2 0 0 2 1 0 0 2 2 1 3 2 1 0 0 0 1 1 1 0 0 2\
 4 0 2 1 2 2 3 2 0 2 3 1 3 5 1 5 6 4 4 9 8 9 7 15 14 25 32 20 30 43 43 39\
 69 74 81 92 102 122 96 141 132 129 132 149 147 120 118 128 130 116 102 90 91 68 64 53 47 39 35 31 22 22 16 19\
 8 9 11 6 4 6 7 1 5 5 4 2 2 3 3 1 1 3 2 4 4 4 13 9 14 12 9 15 11 10 15 18\
 10 16 20 15 22 15 15 11 14 12 19 17 11 9 5 9 10 11 7 4 6 6 3 5 2 0 1 0 2 0 0 1\
 1 0 2 1 0 0 0 0 1 0 0 0 0 0 0 0 0 1 0 1 0 0 0 0 0 0 0 1 0 0 0 1\
 0 0 0 0 1 0 0 0 1 0 0 1 0 1 0 1 0 0 0 0 2 1 1 2 0 1 0 0 0 1 0 1\
 1 0 0 1 0 1 1 0 0 0 0 0 0 0 0 0 0 0 0 0 1 0 0 0 1 1 0 0 0 2 1 0\
 0 0 0 0 1 0 0 0 0 0 1 0 0 0 0 0 0 1 1 0 0 0 0 0 0 0 4 0 1 0 0 0\
 0 2 0 1 0 0 1 0 0 0 0 0 0 0 0 0 0 0 0 0 0 2 0 0 1 1 0 0 0 0 0 0\
 0 0 0 0 0 0 0 0 1 0 0 0 0 1 1 0 0 0 0 0 3 3 2 1 1 0 0 1 0 1 1 0\
 1 0 1 1 2 0 1 0 0 2 0 1 0 0 1 0 2 0 0 0 2 1 0 1 0 0 0 2 0 0 0 0\
 0 0 0 1 0 0 0 0 0 2 1 1 0 0 1 0 0 0 0 0 0 0 0 0 0 0 0 1 1 1 0 0\
 0 0 0 0 2 1 0 1 1 1 1 1 0 0 1 0 0 0 2 1 0 1 0 0 0 0 0 0 0 1 0 1\
 0 1 0 1 0 2 0 1 0 2 0 1 1 0 0 0 0 0 1 0 1 0 1 0 0 0 1 1 1 1 0 1\
 0 0 0 1 1 0 2 2 0 0 0 1 0 0 0 0 0 0 0 0 0 0 0 1 1 1 0 1 2 0 0 0\
 1 0 0 0 1 1 0 1 0 0 0 1 1 0 2 0 0 3 2 1 5 5 1 4 9 9 9 9 10 9 11 15\
 9 6 12 11 6 16 13 1 11 16 10 8 10 11 9 8 8 5 5 6 10 8 6 6 7 6 2 3 2 3 0 1\
 0 2 1 5 1 5 0 0 1 0 0 1 2 0 0 0 0 0 1 0 0 0 1 1 1 0 0 1 0 1 0 2\
 0 0 1 2 1 0 0 0 0 0 0 0 0 0 1 0 1 1 1 1 0 0 2 0 0 0 1 2 1 0 2 1\
 0 1 1 1 1 0 0 0 0 0 0 4 2 3 2 2 1 4 2 0 1 1 2 1 0 1 3 2 3 1 2 2\
 1 3 0 1 2 1 1 0 2 1 3 1 0 3 1 1 0 0 0 1 2 2 0 0 1 0 1 0 1 0 0 1\
 1 0 0 0 0 1 0 1 2 0 0 0 1 0 1 1 0 1 1 0 0 0 0 1 0 1 1 0 1 1 0 0\
 2 1 0 1 0 0 0 0 0 0 2 0 0 0 0 1 0 1 3 0 0 0 0 0 0 1 0 0 1 2 1 0\
 0 0 1 1 0 0 3 0 0 0 1 2 0 0 0 0 0 0 0 0 1 0 0 2 0 0 0 0 0 2 0 1\
 0 0 0 1 2 1 1 1 0 0 1 4 1 0 1 1 0 1 1 0 1 2 2 2 3 0 1 3 0 4 3 2\
 4 2 0 3 2 1 2 2 3 2 3 3 5 6 4 1 6 2 2 3 1 6 5 2 1 4 2 2 1 1 3 0\
 2 1 0 2 0 2 3 1 3 0 4 2 0 1 2 1 1 2 1 0 0 1 0 2 1 3 1 1 1 1 1 2\
 1 0 2 1 0 1 1 2 0 0 2 0 3 3 1 1 0 1 5 4 0 1 6 2 5 5 5 4 5 7 10 11\
 5 16 19 20 23 19 21 18 20 20 19 25 20 20 27 19 26 22 23 31 20 18 15 17 22 26 13 17 12 11 16 13\
 11 11 13 20 8 4 5 13 9 3 8 3 3 2 3 3 2 4 0 3 1 2 2 7 2 6 3 4 0 6 1 3\
 4 3 2 3 3 2 2 5 1 2 0 3 8 2 3 2 4 3 3 4 2 2 3 2 4 1 3 5 4 4 7 6\
 9 3 2 6 6 5 2 4 9 6 5 3 4 11 4 3 4 1 6 5 3 7 12 2 4 8 6 9 2 6 3 6\
 5 7 6 8 9 6 3 5 10 11 10 5 8 8 10 7 17 17 10 7 14 10 11 8 16 8 14 19 19 18 10 13\
 11 19 13 30 22 22 21 13 24 28 16 19 19 24 32 24 28 29 27 28 37 35 41 40 49 45 62 57 60 83 60 65\
 73 85 88 100 86 117 110 134 135 136 131 165 155 189 198 183 182 180 204 234 284 288 291 259 259 272 284 281 296 306 311 284\
 342 325 306 338 350 343 359 345 325 315 334 349 374 311 361 330 306 332 328 340 311 317 310 323 346 342 335 345 328 346 335 304\
 325 323 317 307 303 281 300 291 281 264 219 254 218 214 214 198 191 175 151 155 133 133 104 99 85 87 55 62 42 38 39 28\
 29 17 21 26 13 17 7 10 6 7 3 4 2 4 2 0 1 3 0 0 0 0 0 1 0 1 0 0 0 0 0 0\
 0 0 0 0 0 0 0 0 0 0 0 0 0 0 0 0 0 0 0 0 0 0 0 0 0 0 0 0 0 0 0 0\
 0 0 0 0 0 0 0 0 0 0 0 0 0 0 0 0 0 0 0 0 0 0 0 0 0 0 0 0 0 0 0 0\
 0 0 0 0 0 0 0 0 0 0 0 0 0 0 0 0 0 0 0 0 0 0 0 0 0 0 0 0 0 0 0 0\
 0 0 0 0 0 0 0 0 0 0 0 0 0 0 0 0 0 0 0 0 0 0 0 0 0 0 0 0 0 0 0 0\
 0 0 0 0 0 0 0 0 0 0 0 0 0 0 0 0 0 0 0 0 0 0 0 0 0 0 0 0 0 0 0 0\
 0 0 0 0 0 0 0 0 0 0 0 0 0 0 0 0 0 0 0 0 0 0 0 0 0 0 0 0 0 0 0 0\
 0 0 0 0 0 0 0 0 0 0 0 0 0 0 0 0 0 0 0 0 0 0 0 0 0 0 0 0 0 0 0 0


#S 3 mca_save_point Point:2 Scan:9 Datafile:20170218
#D Sat Feb 18 15:38:50 2017
#U Epics mca: dp_vortex_xrd74:mca1
#T 300  (Seconds)
#Q 0 5.50163e-08 0.0180126
#Energy 0
#Monc 29463382 86529340
#@MCA %32C
#@CHANN 1000 0 999 1
#@CTIME 300 300 286.34
#@CALIB -48.775 5.7161 0
#N 1
#L Epics MCA
@A 0 0 0 0 0 0 0 0 0 0 0 0 0 0 0 1 0 1 0 0 0 0 0 0 0 0 0 0 0 0 0 0\
 0 0 0 0 0 0 0 0 0 0 0 0 0 0 0 0 0 0 0 0 0 0 0 0 0 0 0 0 0 0 0 0\
 0 0 0 0 0 0 0 0 0 0 0 0 1 0 0 0 0 0 0 0 0 0 1 0 1 0 2 1 2 2 1 1\
 1 1 1 0 2 1 0 1 4 1 1 0 0 1 0 1 1 0 1 0 0 0 0 1 0 0 1 0 0 1 0 1\
 2 0 0 1 0 0 1 2 2 1 1 2 1 1 0 1 0 2 0 1 0 0 1 0 2 1 1 0 1 1 0 2\
 2 2 1 1 1 1 0 0 1 1 1 1 0 1 1 0 0 1 1 0 3 1 0 2 0 0 1 0 0 0 0 0\
 0 2 1 1 0 0 0 1 0 1 0 0 0 1 1 1 0 1 0 0 0 0 0 0 0 0 1 0 2 1 0 0\
 0 1 1 1 3 0 0 2 0 0 1 0 0 1 0 1 2 3 0 0 2 0 0 0 0 0 2 0 1 0 0 1\
 0 1 0 1 3 0 1 1 1 3 0 0 2 2 0 0 1 0 2 0 0 0 4 1 0 0 1 1 1 0 0 2\
 1 0 1 0 1 0 1 1 1 0 3 1 0 1 0 0 3 0 0 0 1 1 0 0 2 0 0 0 1 0 0 0\
 0 0 1 2 1 2 1 1 1 1 1 1 3 1 2 4 1 2 1 4 4 3 4 7 2 4 8 4 6 6 5 7\
 13 7 7 4 6 4 3 6 5 8 4 6 2 4 5 4 3 1 0 0 1 3 2 0 2 0 1 0 2 2 0 1\
 0 0 0 1 1 0 0 2 1 1 1 0 0 0 0 3 0 2 3 0 0 3 3 0 3 1 2 2 2 0 1 1\
 1 0 1 4 4 0 0 0 1 1 0 2 0 1 0 3 0 0 1 1 3 2 1 0 0 1 2 6 1 5 5 4\
 12 11 5 8 10 9 8 12 14 16 3 22 17 5 14 10 25 24 11 26 16 17 11 10 6 11 7 10 10 11 4 6\
 4 0 2 6 2 3 8 2 7 2 1 5 6 4 5 6 5 0 1 2 0 5 5 1 3 5 2 1 3 3 2 4\
 1 3 7 1 2 6 4 4 1 7 4 6 7 2 3 3 0 1 3 3 3 4 1 2 0 2 2 2 1 1 1 1\
 0 0 1 1 1 1 0 1 1 2 0 2 0 2 0 2 2 0 2 1 1 1 3 1 3 0 2 0 2 1 0 2\
 1 0 0 0 1 2 1 3 0 1 1 2 0 0 0 0 2 2 1 2 0 0 0 1 0 1 2 1 0 0 1 1\
 0 3 2 3 2 1 0 3 0 2 2 2 2 0 6 6 2 5 5 7 4 10 13 19 24 22 25 27 34 51 65 68\
 67 86 93 97 108 128 144 142 146 153 148 174 182 155 139 140 147 155 135 107 93 99 94 66 70 58 32 34 37 30 17 17\
 16 9 6 6 6 5 2 2 3 0 1 2 3 4 3 2 2 6 4 5 6 7 12 11 7 5 18 10 9 17 18 28\
 13 22 26 28 23 24 19 29 21 18 18 13 18 18 10 12 14 9 4 7 10 5 8 2 1 1 1 4 1 4 1 2\
 0 2 0 0 0 0 0 1 2 0 1 0 1 0 2 0 0 1 0 1 0 0 0 0 0 0 0 0 0 1 0 0\
 0 0 1 0 0 0 0 1 0 0 1 0 0 0 1 0 0 0 0 0 0 1 0 0 0 0 1 0 0 0 1 0\
 1 0 1 1 0 0 0 0 0 0 0 1 0 0 0 0 1 1 1 0 2 1 1 0 2 0 0 1 2 1 0 0\
 1 1 0 0 1 0 0 0 0 1 1 0 0 0 1 0 0 0 0 2 0 1 0 0 0 0 1 0 1 0 0 0\
 0 0 0 0 0 0 0 0 0 0 1 2 2 2 1 0 0 0 0 0 0 0 1 0 0 0 0 0 0 0 0 1\
 0 0 1 0 0 0 0 0 0 0 0 0 0 0 0 1 1 1 0 0 0 1 0 0 0 0 1 1 0 0 1 1\
 0 0 1 0 0 1 2 0 1 0 1 0 0 1 0 0 0 2 0 0 1 0 0 0 2 0 2 1 0 0 1 0\
 0 3 0 0 1 0 1 1 0 0 1 0 0 1 0 0 1 0 0 1 1 0 1 0 0 1 1 0 0 0 0 0\
 0 0 0 0 0 0 0 2 0 1 1 0 1 1 2 0 0 0 0 1 0 0 1 0 1 0 0 0 1 1 0 1\
 0 0 1 0 2 0 1 0 0 0 0 0 0 1 0 0 1 0 1 0 1 1 2 0 1 1 0 1 1 0 0 0\
 0 1 0 0 0 1 0 1 1 1 0 0 0 1 0 0 0 1 0 0 0 0 0 0 1 0 0 0 0 0 0 0\
 0 1 0 0 1 1 0 1 1 3 0 1 1 2 0 1 1 3 1 0 2 4 6 4 9 5 5 5 8 9 12 7\
 8 16 10 11 9 15 13 14 17 8 14 8 7 7 8 10 5 6 8 8 6 3 9 11 5 8 2 6 3 6 4 3\
 0 0 2 2 1 4 0 0 0 0 0 0 0 0 0 0 1 0 1 1 1 1 0 0 1 1 0 1 0 0 0 0\
 0 0 1 0 0 0 1 0 0 0 1 1 0 1 0 0 1 0 0 2 0 0 2 0 1 1 0 0 0 0 1 0\
 0 1 0 2 0 1 2 0 1 1 2 0 2 1 0 0 2 3 2 1 3 1 1 3 4 2 3 4 5 1 2 0\
 3 2 1 1 2 1 4 2 2 3 0 0 0 1 0 3 1 1 0 1 2 1 1 0 1 3 1 1 0 0 0 2\
 1 1 0 2 1 1 0 1 0 0 0 1 1 0 0 0 1 0 1 0 0 1 0 0 0 1 0 0 0 1 0 0\
 0 0 0 0 1 1 1 0 0 0 0 1 1 0 0 1 1 0 0 0 0 0 1 1 0 0 1 1 0 2 0 2\
 1 0 2 2 1 0 1 1 0 2 0 0 1 0 0 1 0 1 2 0 0 0 1 1 0 0 0 0 1 2 0 1\
 1 1 2 1 1 1 0 3 1 1 1 0 0 0 1 1 3 1 2 3 1 1 1 3 2 1 1 3 1 1 3 3\
 1 5 4 4 2 0 5 3 4 4 2 4 5 3 2 5 0 1 6 5 3 7 1 3 2 1 0 2 2 6 2 1\
 2 1 0 2 1 2 1 0 1 1 5 2 1 0 0 0 0 2 1 1 1 0 1 1 1 2 2 0 1 3 2 1\
 2 2 2 2 0 0 1 0 0 1 1 0 1 2 1 6 2 7 3 4 2 3 6 7 6 9 7 6 13 8 7 6\
 10 19 16 15 16 23 23 27 16 18 26 20 23 23 28 28 44 38 42 22 24 23 30 25 21 24 18 19 22 18 21 18\
 13 11 12 15 9 7 7 5 10 6 5 5 1 1 3 6 5 3 5 2 3 2 2 2 2 4 1 1 3 4 2 4\
 4 3 3 2 5 3 5 3 2 6 5 2 0 3 3 4 3 3 6 5 6 4 4 5 6 2 5 2 4 6 3 5\
 5 3 9 8 4 1 4 4 6 5 1 8 5 5 8 9 5 6 12 10 8 11 8 8 4 7 7 3 10 7 5 7\
 17 10 16 13 12 12 7 7 11 9 12 15 11 10 11 17 8 15 15 8 11 10 15 12 15 18 17 23 17 22 17 19\
 23 24 19 17 19 13 22 15 25 30 32 24 32 34 24 28 33 41 44 36 43 48 44 41 46 57 50 62 66 53 65 80\
 83 96 112 91 120 124 129 128 150 154 175 173 180 203 209 233 240 239 253 291 292 279 327 291 312 311 329 325 352 375 397 369\
 346 368 395 362 425 363 383 370 427 389 429 376 398 363 366 382 389 385 400 398 412 386 395 388 402 469 394 418 368 412 431 398\
 403 388 390 396 386 351 376 360 345 343 322 312 277 259 281 248 210 232 192 181 132 149 139 142 98 95 88 75 61 58 32 43\
 41 20 21 17 26 8 15 6 8 5 5 7 2 2 5 0 0 1 0 1 0 0 0 2 0 0 0 0 0 0 0 0\
 0 0 0 1 0 0 0 0 0 1 0 0 0 0 0 0 0 0 0 0 0 0 0 0 0 0 0 0 0 0 0 0\
 0 0 0 0 0 0 0 0 0 0 0 0 0 0 0 0 0 0 0 0 0 0 0 0 0 0 0 0 0 0 0 0\
 0 0 0 0 0 0 0 0 0 0 0 0 0 0 0 0 0 0 0 0 0 0 0 0 0 0 0 0 0 0 0 0\
 0 0 0 0 0 0 0 0 0 0 0 0 0 0 0 0 0 0 0 0 0 0 0 0 0 0 0 0 0 0 0 0\
 0 0 0 0 0 0 0 0 0 0 0 0 0 0 0 0 0 0 0 0 0 0 0 0 0 0 0 0 0 0 0 0\
 0 0 0 0 0 0 0 0 0 0 0 0 0 0 0 0 0 0 0 0 0 0 0 0 0 0 0 0 0 0 0 0\
 0 0 0 0 0 0 0 0 0 0 0 0 0 0 0 0 0 0 0 0 0 0 0 0 0 0 0 0 0 0 0 0


#S 4 mca_save_point Point:3 Scan:9 Datafile:20170218
#D Sat Feb 18 15:43:59 2017
#U Epics mca: dp_vortex_xrd74:mca1
#T 300  (Seconds)
#Q 0 1.65718e-08 0.0189899
#Energy 0
#Monc 29640106 86436928
#@MCA %32C
#@CHANN 1000 0 999 1
#@CTIME 300 300 289.665
#@CALIB -48.775 5.7161 0
#N 1
#L Epics MCA
@A 0 0 0 0 0 0 0 0 0 0 0 0 0 0 0 0 1 0 0 0 0 0 0 0 0 0 0 0 0 0 0 0\
 0 0 0 0 0 0 0 0 0 0 0 0 0 0 0 0 0 0 0 0 0 0 0 0 0 0 0 0 0 0 0 0\
 0 0 0 0 0 0 0 0 0 0 0 0 1 0 0 0 1 0 0 1 2 0 0 0 2 0 2 0 0 2 0 0\
 0 0 0 0 2 1 1 1 2 2 0 1 2 0 1 0 2 1 2 3 0 3 1 0 1 1 1 0 1 1 0 1\
 0 1 0 1 3 1 1 1 1 1 1 1 0 1 0 0 1 0 0 2 2 2 1 2 2 3 0 0 1 3 1 1\
 1 0 3 0 2 1 0 1 2 0 0 1 0 0 1 0 1 1 0 1 1 1 0 0 4 1 0 1 0 2 0 0\
 2 2 1 0 2 2 0 2 1 1 0 0 0 1 2 0 4 0 0 0 0 0 0 0 0 1 3 2 1 1 1 0\
 0 0 0 0 2 2 1 0 1 0 0 2 0 0 0 1 1 2 1 0 0 2 0 1 2 0 0 0 2 0 2 0\
 3 0 0 2 0 1 0 0 1 0 0 0 0 2 5 0 0 1 2 2 0 1 2 0 0 1 0 0 0 0 0 2\
 1 2 1 0 2 0 0 1 1 1 0 3 3 0 1 3 2 1 1 0 1 0 1 2 0 0 2 1 0 0 2 2\
 0 0 1 1 0 0 1 2 0 3 2 2 1 2 3 2 2 3 1 6 1 3 3 6 4 4 2 4 7 6 8 8\
 1 6 13 5 5 4 4 9 4 6 4 6 3 5 2 2 4 3 0 0 3 2 2 3 0 1 3 0 2 1 1 2\
 0 1 1 1 1 1 1 2 1 1 0 0 2 1 0 2 2 1 1 2 2 1 3 3 2 0 2 2 7 0 2 1\
 2 0 2 0 1 0 2 0 1 3 0 2 0 4 2 0 1 2 1 1 1 2 3 1 2 3 3 2 1 6 1 8\
 5 7 6 11 11 11 11 19 19 15 24 23 19 22 21 14 24 17 22 26 24 18 16 15 14 13 7 10 9 7 6 5\
 4 7 4 0 4 2 2 1 3 7 4 1 3 4 3 8 2 1 5 3 4 4 3 6 6 3 1 2 2 6 4 6\
 4 8 3 2 3 1 3 1 4 4 1 9 2 4 2 0 3 2 3 2 1 4 1 4 5 1 1 1 2 2 0 0\
 1 1 1 1 1 3 0 0 0 1 0 1 2 1 7 4 0 1 0 2 1 1 1 1 2 0 2 1 2 1 2 0\
 1 0 1 1 0 2 1 4 2 2 1 1 1 0 1 3 1 0 1 0 1 1 1 1 0 1 0 0 1 2 0 0\
 2 2 2 2 3 0 0 2 2 1 2 0 0 3 1 5 1 5 3 4 8 9 10 20 15 28 30 39 45 50 58 66\
 79 76 102 108 136 130 133 166 170 162 160 158 176 179 169 158 131 147 130 117 107 99 98 88 76 60 46 48 32 34 27 22\
 17 13 11 4 5 5 4 4 2 3 3 3 3 3 1 0 3 6 8 6 4 6 12 14 19 10 16 9 19 19 16 24\
 17 18 27 26 21 33 21 27 21 28 25 18 20 13 13 16 13 9 10 8 3 2 3 5 7 5 1 4 1 0 1 2\
 1 1 1 0 0 0 0 0 1 1 0 0 0 0 0 0 1 0 0 0 0 0 0 1 0 1 0 0 0 0 0 0\
 0 0 0 0 0 1 0 1 0 0 1 1 0 0 0 0 0 0 2 0 2 0 0 0 0 1 3 0 0 1 0 0\
 0 0 0 1 0 2 1 1 0 0 0 0 0 0 1 0 1 1 1 0 0 2 1 1 1 0 0 0 2 2 1 0\
 0 0 0 0 1 0 0 1 1 0 0 0 0 1 2 0 0 0 2 1 0 1 1 0 1 0 1 0 1 0 0 1\
 1 3 0 0 0 0 0 1 0 0 0 0 0 1 1 0 0 0 0 0 0 0 1 0 0 1 0 1 0 0 0 0\
 1 0 1 0 0 0 0 0 0 0 1 2 0 0 1 3 0 0 0 0 1 1 1 1 1 1 2 0 0 2 1 2\
 1 0 1 1 1 0 1 0 2 0 2 2 0 0 0 1 0 0 1 0 2 0 0 1 1 0 0 0 0 0 1 0\
 0 0 0 0 0 0 0 1 1 1 0 0 0 0 0 1 1 0 0 0 1 0 0 1 0 0 0 0 1 0 0 1\
 0 1 1 0 0 0 0 2 1 1 2 0 0 0 0 0 1 1 0 1 0 1 0 1 0 1 0 1 0 0 0 0\
 0 1 0 3 1 1 0 1 2 1 1 0 0 0 0 0 0 0 2 1 2 0 1 0 0 0 0 1 0 1 0 0\
 0 0 0 0 1 0 1 0 0 0 1 1 0 4 0 1 0 0 1 0 2 0 0 1 0 2 0 1 0 1 0 0\
 0 0 1 1 0 1 0 1 1 1 0 1 0 1 1 0 2 4 3 2 2 3 7 5 5 8 9 4 12 8 12 4\
 16 15 13 11 12 8 17 8 10 15 12 9 14 20 19 5 11 11 5 8 10 7 6 5 8 4 2 3 6 6 3 2\
 2 3 3 0 0 1 1 0 1 1 0 1 0 1 1 0 1 1 1 1 0 0 0 0 2 2 1 1 0 1 0 0\
 0 0 1 0 1 1 0 0 0 0 1 0 1 0 0 0 0 0 1 1 0 1 0 0 2 1 0 0 0 0 0 0\
 0 1 1 0 1 1 1 0 1 2 3 1 4 0 0 1 1 3 1 1 4 2 3 1 1 1 5 5 5 1 7 2\
 6 2 3 2 0 2 3 1 3 4 2 0 2 3 3 2 3 2 1 1 1 0 1 1 1 0 0 0 0 0 2 0\
 0 0 0 0 2 1 2 2 0 3 0 0 0 0 0 1 2 1 0 0 1 0 0 0 2 1 1 0 0 0 1 0\
 1 2 1 1 0 0 4 0 0 1 2 0 2 1 0 0 0 0 1 0 2 0 1 1 0 0 0 1 0 0 1 1\
 2 1 0 0 0 1 0 1 2 2 0 0 0 1 3 0 1 2 0 0 2 0 2 0 0 0 1 2 2 1 0 3\
 0 0 0 1 0 2 2 1 1 0 1 1 1 0 0 2 1 0 6 4 1 2 1 1 2 2 2 3 1 5 2 4\
 3 5 2 6 4 8 5 5 2 5 3 8 10 3 6 4 5 4 5 8 5 2 3 4 4 1 2 3 2 3 3 1\
 1 1 2 0 4 3 3 0 0 4 2 4 3 3 3 1 4 1 2 4 1 0 1 3 1 1 1 0 1 1 0 4\
 3 2 2 1 1 2 3 4 0 6 2 3 0 1 3 2 2 1 5 3 7 6 4 1 6 6 8 8 10 13 8 15\
 19 14 25 18 19 28 23 26 26 20 26 41 31 23 31 37 25 38 33 44 31 36 19 31 37 26 20 27 27 21 23 24\
 17 15 15 11 10 7 4 6 8 4 11 6 2 3 3 6 2 3 7 4 3 3 4 2 3 4 5 4 3 2 6 2\
 4 9 5 6 4 3 5 3 2 1 5 4 5 4 5 2 6 4 7 2 5 6 8 2 3 3 7 7 6 9 7 5\
 8 11 4 3 6 8 11 2 7 7 7 11 5 5 5 3 7 11 13 9 10 9 6 15 11 6 6 9 7 7 7 18\
 11 8 6 9 9 13 12 11 11 8 14 15 9 13 12 15 24 9 14 15 20 22 13 23 21 21 22 19 21 18 19 24\
 15 24 28 26 22 28 17 18 28 38 25 24 30 25 33 47 37 42 43 33 45 50 49 59 56 45 65 60 83 79 90 101\
 122 90 118 126 148 133 166 171 198 184 187 238 233 213 263 260 262 303 296 342 318 308 373 335 356 362 369 406 404 417 433 415\
 427 447 432 481 454 440 514 459 428 442 435 457 441 431 450 465 434 431 484 476 491 437 449 453 463 485 492 462 498 475 479 464\
 453 447 482 464 483 405 397 388 416 399 353 325 328 323 287 279 249 235 211 200 197 185 152 144 105 118 104 85 80 62 63 42\
 47 32 32 26 19 26 9 9 9 6 8 1 1 5 2 3 1 0 1 1 0 0 1 0 0 1 0 0 0 0 0 0\
 0 0 0 0 0 0 0 0 0 0 0 0 0 0 0 0 0 0 0 0 0 0 0 0 0 0 0 0 0 0 0 0\
 0 0 0 0 0 0 0 0 0 0 0 0 0 0 0 0 0 0 0 0 0 0 0 0 0 0 0 0 0 0 0 0\
 0 0 0 0 0 0 0 0 0 0 0 0 0 0 0 0 0 0 0 0 0 0 0 0 0 0 0 0 0 0 0 0\
 0 0 0 0 0 0 0 0 0 0 0 0 0 0 0 0 0 0 0 0 0 0 0 0 0 0 0 0 0 0 0 0\
 0 0 0 0 0 0 0 0 0 0 0 0 0 0 0 0 0 0 0 0 0 0 0 0 0 0 0 0 0 0 0 0\
 0 0 0 0 0 0 0 0 0 0 0 0 0 0 0 0 0 0 0 0 0 0 0 0 0 0 0 0 0 0 0 0\
 0 0 0 0 0 0 0 0 0 0 0 0 0 0 0 0 0 0 0 0 0 0 0 0 0 0 0 0 0 0 0 0


#S 5 mca_save_point Point:4 Scan:9 Datafile:20170218
#D Sat Feb 18 15:49:08 2017
#U Epics mca: dp_vortex_xrd74:mca1
#T 300  (Seconds)
#Q 0 8.72009e-09 0.019985
#Energy 0
#Monc 29830374 86517475
#@MCA %32C
#@CHANN 1000 0 999 1
#@CTIME 300 300 291.327
#@CALIB -48.775 5.7161 0
#N 1
#L Epics MCA
@A 0 0 0 0 0 0 0 0 0 0 0 0 0 0 0 0 0 0 0 0 0 0 0 0 0 0 0 0 0 0 0 1\
 0 0 0 0 0 0 0 0 0 0 0 0 0 0 0 0 0 0 0 0 0 0 0 0 0 0 0 0 0 0 0 0\
 0 0 0 0 0 0 0 0 0 1 0 0 0 2 0 1 0 1 1 2 1 0 0 1 0 3 1 2 1 0 2 0\
 1 0 2 1 1 1 2 0 0 2 1 3 1 1 1 1 2 1 2 1 0 2 1 2 2 3 2 0 1 1 0 1\
 0 4 3 2 3 3 1 2 0 1 2 0 1 1 3 3 2 4 2 0 1 1 1 2 2 2 0 0 1 1 0 2\
 1 1 2 1 0 0 4 2 0 0 0 3 2 1 3 0 1 2 0 0 2 4 3 1 2 4 2 2 3 2 1 1\
 0 0 2 3 1 2 3 1 0 0 2 1 1 0 3 0 0 2 3 2 3 2 0 0 3 1 1 0 0 2 1 1\
 0 0 0 0 0 2 0 0 3 1 2 0 2 0 2 2 1 2 1 1 3 0 0 2 3 1 1 1 0 2 3 1\
 2 0 0 5 1 1 0 2 0 3 0 0 2 1 4 0 1 0 1 0 1 4 2 2 0 1 1 2 1 2 1 2\
 0 0 0 2 1 2 2 1 0 1 3 0 0 1 0 0 2 1 1 1 2 2 1 2 1 2 1 2 4 0 0 2\
 1 2 1 0 0 1 3 0 1 1 1 2 2 5 3 1 5 3 4 4 8 1 4 7 3 9 6 10 8 5 4 3\
 8 6 5 9 10 7 9 8 8 5 4 3 6 7 5 4 5 1 3 2 5 2 2 0 1 1 0 3 2 1 3 0\
 2 3 1 0 0 3 3 1 6 2 1 1 4 2 1 3 4 1 1 3 1 4 1 0 2 1 2 1 4 1 4 3\
 4 1 3 1 3 0 3 3 2 3 2 0 2 3 2 1 1 1 3 2 2 1 1 3 5 3 3 0 1 7 4 11\
 8 6 8 15 15 17 21 19 27 27 15 29 21 34 38 35 35 28 31 34 28 25 21 27 13 19 19 12 8 13 10 6\
 4 10 9 7 2 9 7 5 4 7 7 4 5 4 4 4 3 2 4 5 5 8 5 7 5 7 1 6 2 1 6 2\
 6 2 3 2 1 4 5 4 6 1 4 8 1 5 4 3 5 2 2 0 4 4 2 1 2 2 3 3 0 0 1 1\
 0 1 0 0 4 0 1 0 1 1 2 0 2 1 2 1 3 2 4 3 0 2 3 4 3 3 1 2 2 1 2 2\
 2 1 1 2 2 2 0 0 0 1 1 1 0 4 1 0 1 3 2 1 1 1 0 2 3 2 1 5 2 1 4 2\
 1 0 3 1 5 2 1 3 4 3 4 4 4 7 3 6 4 5 8 8 13 13 11 17 21 22 32 39 60 52 77 80\
 88 113 137 115 155 160 134 171 173 191 223 180 200 185 176 170 152 163 158 132 125 116 90 73 86 65 63 51 39 28 25 27\
 20 12 18 9 4 9 6 4 4 2 4 3 2 1 5 5 3 7 10 8 9 7 6 12 14 23 12 16 26 21 38 26\
 20 22 28 27 33 13 29 20 22 19 21 16 17 26 17 15 12 11 8 15 10 7 6 4 5 4 2 1 3 0 0 1\
 0 1 1 2 0 0 1 0 1 0 0 0 1 0 0 1 0 0 0 0 0 1 1 0 0 0 1 0 0 0 0 1\
 0 0 3 0 2 0 0 0 2 2 0 0 0 0 0 0 0 0 0 0 0 0 1 0 0 0 1 0 2 1 0 0\
 1 0 0 1 0 1 1 1 2 0 0 0 1 1 1 1 1 1 0 1 0 1 1 0 0 0 1 1 1 1 0 1\
 0 0 0 0 0 2 0 0 0 1 1 1 0 1 0 2 0 0 0 0 3 0 1 1 0 0 1 0 2 0 0 0\
 1 1 0 1 1 0 0 0 1 1 1 1 1 0 0 0 0 0 0 0 0 0 0 0 2 0 1 0 2 0 0 1\
 1 1 1 0 0 3 1 0 0 1 0 0 1 0 2 0 0 0 0 1 0 1 0 0 0 1 0 1 2 2 2 1\
 0 1 2 0 1 0 1 0 0 0 0 1 1 2 3 1 0 0 1 0 0 2 2 0 0 0 0 0 0 1 0 0\
 0 1 2 1 2 1 1 0 0 2 0 0 0 0 0 2 3 1 0 0 0 0 0 1 1 1 0 0 0 2 0 1\
 0 1 0 1 0 0 1 0 0 0 1 1 0 0 0 0 0 0 0 1 0 0 0 0 4 0 0 0 0 0 1 3\
 1 0 0 1 0 0 1 2 1 1 1 0 1 0 0 1 0 0 3 0 2 0 0 1 1 0 1 1 2 0 1 3\
 3 1 0 2 1 0 1 1 0 0 0 3 0 0 1 3 1 1 1 1 0 0 0 3 1 0 0 0 0 0 1 0\
 0 1 1 1 0 0 0 0 1 0 1 3 2 3 2 1 0 4 3 2 4 4 2 5 5 3 5 9 9 5 5 13\
 17 14 16 12 14 18 20 20 14 17 16 18 16 13 14 5 11 10 6 7 10 14 12 5 4 6 3 1 1 6 3 3\
 3 2 0 3 1 4 2 3 3 1 1 3 1 1 1 1 1 1 1 0 2 0 1 0 0 0 2 1 0 2 1 0\
 2 0 0 1 1 0 0 1 1 0 0 1 1 1 0 1 0 1 0 0 1 1 0 2 1 1 0 1 1 1 1 0\
 1 0 1 0 0 2 3 2 2 1 1 2 5 0 2 1 2 2 2 4 3 8 1 1 4 3 1 7 4 3 4 1\
 2 1 1 1 1 3 2 3 3 3 2 0 0 3 2 0 0 1 0 2 1 0 1 0 3 2 0 1 1 1 1 1\
 1 0 1 2 1 1 1 1 1 0 0 2 0 1 0 0 2 2 2 1 0 1 0 0 0 2 0 0 3 0 1 1\
 1 0 1 1 4 1 1 1 1 0 0 0 1 2 1 1 0 2 0 1 1 0 3 2 2 0 0 0 0 0 1 0\
 1 1 2 2 1 1 4 1 1 2 2 2 1 2 0 0 1 1 0 2 0 0 0 3 1 0 0 2 0 2 1 0\
 2 2 1 0 2 0 2 1 0 0 1 1 3 2 2 2 2 2 0 0 1 4 2 5 5 3 2 7 4 4 6 5\
 1 6 7 5 4 2 7 6 4 3 4 3 3 8 7 2 3 3 7 4 5 8 5 3 5 2 4 1 4 3 2 4\
 3 2 1 3 1 2 1 1 1 2 3 5 1 1 2 1 2 5 0 4 4 3 3 3 3 3 1 1 1 2 2 1\
 1 1 1 1 1 5 2 0 4 2 2 4 2 2 2 3 4 5 8 2 4 6 3 9 10 5 12 8 10 9 13 17\
 18 19 19 18 39 23 22 30 42 21 30 34 35 39 31 39 40 42 29 42 31 45 36 34 32 31 20 18 29 15 23 21\
 21 26 22 14 13 13 9 8 6 8 4 6 6 7 10 4 6 3 12 3 4 5 4 8 7 4 10 3 3 1 2 2\
 4 5 5 1 5 10 8 8 9 6 6 3 7 3 9 10 6 6 4 4 4 3 7 9 5 13 4 4 7 8 5 6\
 12 12 7 6 9 6 4 7 8 14 8 13 7 15 9 7 7 9 10 14 10 13 7 15 11 8 10 14 9 10 11 9\
 17 14 10 9 11 13 20 18 16 18 15 20 19 16 16 19 31 16 23 22 18 30 17 23 17 21 21 19 27 22 34 32\
 30 28 31 30 30 32 32 35 34 32 45 39 34 48 36 44 51 41 51 50 69 60 66 59 64 73 87 83 95 104 124 117\
 129 142 143 165 165 189 161 210 226 238 266 262 283 298 299 353 365 351 376 418 402 456 423 460 477 514 471 540 516 562 546 595\
 583 535 569 542 559 604 601 606 613 585 585 607 624 595 613 579 595 585 603 602 586 595 621 588 622 625 689 611 638 618 613 581\
 649 600 604 627 571 572 579 552 511 546 533 477 463 401 400 368 346 351 292 275 260 231 198 175 178 177 133 114 85 91 82 68\
 60 54 45 37 27 31 11 14 17 11 8 9 5 1 4 5 0 2 1 0 1 1 0 0 0 0 0 0 0 0 0 0\
 0 0 0 0 0 0 0 0 0 0 0 0 0 0 0 0 0 0 0 0 0 0 0 0 0 0 0 0 0 0 0 0\
 0 0 0 0 0 0 0 0 0 0 0 0 0 0 0 0 0 0 0 0 0 0 0 0 0 0 0 0 0 0 0 0\
 0 0 0 0 0 0 0 0 0 0 0 0 0 0 0 0 0 0 0 0 0 0 0 0 0 0 0 0 0 0 0 0\
 0 0 0 0 0 0 0 0 0 0 0 0 0 0 0 0 0 0 0 0 0 0 0 0 0 0 0 0 0 0 0 0\
 0 0 0 0 0 0 0 0 0 0 0 0 0 0 0 0 0 0 0 0 0 0 0 0 0 0 0 0 0 0 0 0\
 0 0 0 0 0 0 0 0 0 0 0 0 0 0 0 0 0 0 0 0 0 0 0 0 0 0 0 0 0 0 0 0\
 0 0 0 0 0 0 0 0 0 0 0 0 0 0 0 0 0 0 0 0 0 0 0 0 0 0 0 0 0 0 0 0


#S 6 mca_save_point Point:5 Scan:9 Datafile:20170218
#D Sat Feb 18 15:54:17 2017
#U Epics mca: dp_vortex_xrd74:mca1
#T 300  (Seconds)
#Q 0 0 0.02098
#Energy 0
#Monc 29778254 86563707
#@MCA %32C
#@CHANN 1000 0 999 1
#@CTIME 300 300 288.458
#@CALIB -48.775 5.7161 0
#N 1
#L Epics MCA
@A 0 0 0 0 0 0 0 0 0 0 0 0 0 0 0 0 0 0 0 0 1 0 0 0 0 1 0 0 0 0 0 0\
 0 0 0 0 0 0 0 0 0 0 0 0 0 0 0 0 0 0 0 0 0 0 0 0 0 0 0 0 0 0 0 1\
 0 0 0 0 0 0 0 0 0 0 0 1 0 2 0 0 1 0 3 0 1 0 0 2 2 0 1 1 2 1 2 2\
 0 2 1 0 2 1 1 0 1 0 2 4 0 0 2 2 2 7 1 1 3 2 0 3 2 2 1 2 1 2 0 4\
 1 3 2 2 1 2 2 2 2 2 3 1 3 1 2 2 3 2 3 0 2 3 0 2 5 2 2 5 2 3 1 4\
 2 1 2 3 1 2 1 0 2 2 2 0 1 3 0 1 0 4 1 2 1 1 0 1 0 0 1 1 1 4 0 1\
 1 1 3 1 3 2 0 2 1 1 1 1 2 2 2 0 0 1 2 1 3 1 2 0 1 2 0 1 0 1 1 1\
 1 4 2 0 0 3 0 0 0 0 2 1 1 1 1 1 3 2 1 0 0 5 0 2 1 1 1 1 3 0 2 3\
 2 2 0 0 2 0 0 3 2 2 0 0 1 2 0 5 2 3 0 1 2 3 0 3 1 1 0 2 1 2 0 0\
 5 1 1 1 3 0 2 2 2 3 4 3 2 0 1 2 1 2 2 1 2 2 3 2 0 1 0 0 0 1 2 2\
 3 2 1 2 7 3 2 2 3 3 2 1 2 2 1 3 4 4 4 4 3 5 5 4 5 7 8 2 7 4 11 3\
 8 5 8 7 10 12 13 6 11 5 7 9 8 4 6 1 4 5 2 7 3 3 1 5 2 1 0 3 2 1 4 3\
 0 1 2 3 3 1 1 1 2 2 2 3 2 0 1 3 1 4 2 4 0 1 3 2 2 0 7 3 0 2 1 1\
 0 3 1 4 2 0 4 2 0 4 0 2 4 1 2 5 0 0 1 3 1 2 1 4 5 6 8 10 5 8 10 9\
 13 15 14 16 36 19 29 29 32 42 42 41 36 43 45 41 38 37 42 44 33 34 31 34 27 28 23 19 17 18 21 7\
 9 8 8 7 5 8 3 7 8 6 5 4 1 6 8 6 6 6 6 8 4 9 9 7 7 2 6 2 4 3 1 4\
 5 1 4 2 8 8 3 4 2 1 0 2 6 2 4 3 4 5 1 4 3 3 1 3 1 1 2 0 2 0 5 3\
 2 0 2 0 0 0 0 0 1 2 5 4 3 2 2 2 3 2 3 2 0 0 1 1 2 1 3 2 2 1 0 2\
 1 0 1 3 3 1 1 3 1 2 4 2 2 0 1 1 3 3 1 2 2 1 1 3 3 2 1 1 0 1 1 1\
 1 0 1 1 1 3 1 1 2 3 3 5 4 3 6 4 9 7 7 6 8 16 16 13 23 45 37 39 54 78 78 96\
 107 117 128 150 162 167 205 214 189 201 212 203 214 200 209 192 164 179 163 134 132 135 116 90 92 68 65 42 48 37 21 20\
 26 10 9 9 5 9 12 1 5 3 8 5 7 3 4 2 5 9 6 7 7 7 13 11 13 12 21 18 19 22 18 30\
 29 31 29 25 33 23 27 29 18 29 24 25 21 22 22 19 11 5 9 8 6 7 3 2 4 4 2 3 3 1 4 0\
 0 1 0 1 1 2 0 0 1 0 2 0 0 0 0 0 0 1 0 0 0 1 0 2 0 0 0 1 1 0 1 0\
 1 0 0 0 0 0 2 1 0 0 2 1 1 0 1 1 0 1 0 1 0 0 0 0 0 1 0 0 1 0 1 0\
 0 0 1 2 1 0 0 0 0 1 2 2 1 0 0 2 0 1 0 2 0 2 0 1 1 0 2 0 0 0 2 1\
 1 0 1 0 0 2 1 0 0 1 1 0 0 1 0 0 1 1 0 0 1 1 0 0 0 1 3 0 2 0 0 0\
 2 0 0 2 2 0 1 0 0 0 0 0 0 0 2 1 1 0 1 0 0 1 1 1 1 1 1 0 2 2 1 1\
 0 2 0 0 1 1 2 1 0 2 2 1 0 0 2 0 3 0 0 0 0 2 3 1 0 1 1 1 1 1 2 0\
 1 0 0 1 1 0 0 1 1 1 1 0 0 1 0 0 0 0 0 1 1 1 1 1 2 0 1 0 0 2 0 1\
 2 0 0 0 0 0 3 0 0 0 0 0 0 2 1 1 0 1 2 0 0 0 1 0 2 0 0 1 1 0 0 2\
 1 2 1 2 2 1 1 2 2 3 2 0 0 0 0 1 1 0 1 0 3 0 0 0 1 3 2 3 1 2 1 1\
 0 2 0 2 0 1 0 1 1 0 0 1 2 0 0 1 2 0 2 0 1 2 1 1 2 1 3 1 2 0 1 4\
 1 0 1 1 1 1 1 0 1 0 1 0 1 0 0 1 0 1 2 0 2 0 0 2 1 0 0 1 2 1 1 1\
 0 1 0 1 1 0 0 0 0 1 1 2 0 3 1 4 3 1 4 5 0 6 6 5 8 6 13 8 13 11 16 12\
 11 14 11 15 13 23 15 23 26 15 16 13 16 15 13 10 14 16 16 19 14 8 12 6 2 7 6 3 3 5 1 5\
 1 0 1 2 2 0 2 3 0 1 2 0 1 1 0 1 1 0 1 0 0 0 2 1 0 0 1 3 1 0 0 2\
 0 1 0 1 0 1 0 3 3 1 0 0 2 3 1 0 2 0 2 0 0 1 0 0 1 3 1 1 3 2 2 2\
 1 1 0 1 2 2 0 2 2 2 4 1 1 2 1 1 1 1 5 8 2 2 3 4 2 1 1 3 3 5 0 3\
 2 3 2 7 3 1 4 4 2 3 2 1 4 0 0 1 3 1 0 0 2 0 0 0 3 0 1 2 1 0 0 0\
 1 0 2 0 0 0 1 3 1 0 0 0 0 0 0 1 0 0 2 2 0 0 2 0 1 1 1 1 2 1 0 0\
 0 0 1 2 1 2 0 0 0 1 0 1 0 2 1 1 1 1 0 1 1 1 1 1 2 0 1 2 1 0 0 2\
 4 1 1 2 2 0 3 0 0 1 1 1 0 0 3 3 2 2 1 1 1 3 2 0 0 1 2 0 2 2 1 2\
 1 1 2 3 3 1 3 5 2 1 1 1 2 2 3 1 0 0 2 1 2 0 1 4 5 0 4 5 2 8 5 8\
 7 6 2 7 7 12 5 10 9 7 7 6 2 4 5 4 5 10 4 8 8 4 7 2 5 4 3 4 1 3 5 1\
 3 2 3 5 3 2 2 3 4 2 0 2 0 6 3 1 1 4 2 3 7 0 3 2 4 0 5 1 6 3 1 2\
 2 6 0 3 2 2 1 0 2 3 1 5 6 5 6 6 2 5 8 6 4 6 7 9 8 6 16 16 13 12 11 23\
 22 29 24 26 25 23 23 39 35 40 38 40 41 36 47 38 44 44 34 45 35 31 45 33 28 40 30 37 25 21 15 36\
 22 15 17 13 16 13 9 12 8 12 7 2 6 9 5 6 10 9 2 7 3 6 5 5 7 9 6 8 5 7 8 6\
 3 11 5 8 6 10 8 11 9 6 4 5 15 10 5 8 5 5 8 7 8 8 12 3 11 8 8 9 10 14 3 9\
 7 7 11 10 9 6 15 8 13 13 8 15 10 15 10 12 13 9 15 23 12 17 12 17 16 21 16 8 17 18 22 11\
 15 17 24 23 16 23 26 15 23 22 24 23 30 27 32 36 29 15 27 21 20 27 32 35 26 31 32 37 35 38 27 34\
 38 30 31 35 36 44 47 45 44 51 46 41 46 42 41 54 51 64 76 80 64 73 91 67 100 114 109 129 119 133 146 160\
 173 177 151 199 216 246 230 261 269 315 324 362 334 365 417 448 462 467 531 537 530 555 578 580 586 611 620 709 672 686 697 735\
 738 765 711 770 734 789 730 767 752 708 730 711 755 749 735 772 782 813 787 796 796 826 780 788 797 781 778 816 830 832 804 840\
 824 804 833 763 789 793 732 742 650 632 659 602 595 549 529 476 447 394 384 370 359 285 269 229 201 192 189 147 129 92 100 97\
 78 57 46 42 44 29 33 27 18 15 9 9 7 10 3 1 2 3 1 0 0 0 0 0 1 0 0 0 0 0 0 0\
 0 0 0 0 0 0 0 0 0 0 0 0 0 0 0 0 0 0 0 0 0 0 0 0 0 0 0 0 0 0 0 0\
 0 0 0 0 0 0 0 0 0 0 0 0 0 0 0 0 0 0 0 0 0 0 0 0 0 0 0 0 0 0 0 0\
 0 0 0 0 0 0 0 0 0 0 0 0 0 0 0 0 0 0 0 0 0 0 0 0 0 0 0 0 0 0 0 0\
 0 0 0 0 0 0 0 0 0 0 0 0 0 0 0 0 0 0 0 0 0 0 0 0 0 0 0 0 0 0 0 0\
 0 0 0 0 0 0 0 0 0 0 0 0 0 0 0 0 0 0 0 0 0 0 0 0 0 0 0 0 0 0 0 0\
 0 0 0 0 0 0 0 0 0 0 0 0 0 0 0 0 0 0 0 0 0 0 0 0 0 0 0 0 0 0 0 0\
 0 0 0 0 0 0 0 0 0 0 0 0 0 0 0 0 0 0 0 0 0 0 0 0 0 0 0 0 0 0 0 0


#S 7 mca_save_point Point:6 Scan:9 Datafile:20170218
#D Sat Feb 18 15:59:26 2017
#U Epics mca: dp_vortex_xrd74:mca1
#T 300  (Seconds)
#Q 0 6.72271e-08 0.0220104
#Energy 0
#Monc 29777407 86467258
#@MCA %32C
#@CHANN 1000 0 999 1
#@CTIME 300 300 286.895
#@CALIB -48.775 5.7161 0
#N 1
#L Epics MCA
@A 0 0 0 0 0 0 0 0 0 0 0 0 0 0 0 0 0 0 0 0 0 0 0 0 0 0 0 0 0 0 0 0\
 0 0 0 0 0 0 0 0 0 0 0 0 0 0 0 0 0 0 0 0 0 0 0 0 0 0 0 0 0 0 0 0\
 0 0 0 0 2 0 1 0 3 1 2 1 2 5 8 7 8 10 12 11 9 16 18 8 13 10 16 23 16 18 25 14\
 25 12 19 11 17 17 24 20 17 22 25 21 17 20 17 23 26 19 23 20 23 11 21 20 19 12 19 13 28 24 20 21\
 28 19 23 18 28 17 22 23 15 23 21 17 21 19 30 18 30 17 31 23 30 27 24 26 27 26 32 31 37 36 30 21\
 32 33 26 24 28 19 13 20 21 18 18 19 14 25 17 18 11 18 14 13 25 20 25 14 20 18 21 15 15 17 19 21\
 15 19 18 10 21 17 24 8 17 18 10 20 17 20 14 15 7 17 16 19 16 13 13 19 13 13 19 10 25 14 18 13\
 13 12 11 13 8 17 15 14 15 15 14 11 13 15 13 10 11 13 15 9 14 11 10 13 15 15 15 18 14 19 12 15\
 19 19 15 15 22 22 13 18 18 22 16 27 20 18 11 18 30 11 20 12 14 13 23 14 26 21 16 15 21 18 21 11\
 12 17 15 17 16 23 19 14 16 18 16 16 18 13 25 17 21 28 23 17 15 17 23 21 16 22 19 14 20 14 17 19\
 18 20 22 11 9 19 23 17 19 12 16 15 14 17 23 18 22 19 16 20 17 19 12 18 25 32 19 21 20 22 34 25\
 26 27 36 22 26 25 27 17 22 20 17 22 23 21 29 23 22 15 22 25 20 19 21 14 18 18 19 16 18 18 29 17\
 20 23 21 19 23 24 19 23 19 24 20 31 34 25 24 28 28 33 44 45 41 36 42 43 43 47 41 46 38 48 39 41\
 36 40 33 29 35 20 22 21 25 27 20 38 28 29 32 29 29 28 21 36 36 31 45 48 54 54 70 79 89 136 136 176\
 222 239 310 359 383 453 530 587 598 728 701 810 831 833 850 883 891 782 886 790 755 688 669 579 522 491 423 391 343 294 261 216\
 197 178 128 138 113 95 88 98 80 107 99 96 105 97 95 91 107 103 95 100 105 104 90 91 94 89 74 63 56 53 50 44\
 45 32 33 34 21 24 22 31 18 19 19 19 20 14 22 13 14 19 16 15 15 6 13 10 16 12 14 10 10 11 14 11\
 12 7 16 7 9 17 11 18 10 10 8 11 12 10 13 8 11 14 7 12 15 13 13 19 16 12 12 5 16 12 13 9\
 16 16 5 7 17 15 9 11 10 13 10 10 11 9 10 11 16 14 17 14 10 9 12 9 14 12 20 15 15 4 13 13\
 12 9 10 12 8 11 16 18 19 13 17 13 11 10 24 13 16 22 19 20 23 24 33 43 38 49 62 66 66 94 74 106\
 133 137 155 140 192 218 241 227 252 257 253 272 255 249 263 224 236 226 215 175 172 151 138 114 118 111 82 75 72 43 49 53\
 37 25 28 15 24 20 7 14 17 16 12 13 6 15 20 19 11 8 20 13 21 23 22 18 23 28 29 31 31 41 43 43\
 37 36 44 42 44 36 39 41 51 40 32 32 39 31 37 19 33 24 19 18 28 12 23 19 12 12 12 6 11 17 11 13\
 7 14 7 14 7 12 5 10 15 9 13 15 6 15 8 15 10 8 11 12 9 4 14 12 4 11 11 14 8 12 9 13\
 11 6 12 8 9 11 5 10 16 5 11 10 8 11 7 10 6 16 19 10 10 7 8 10 12 11 9 4 11 11 15 10\
 12 6 16 8 8 10 7 5 8 16 10 9 8 17 16 15 9 7 7 14 11 7 13 3 10 9 6 15 5 10 10 10\
 8 11 6 11 10 10 14 8 15 6 11 9 8 11 12 8 5 12 9 12 8 16 6 10 16 13 5 8 13 10 14 10\
 12 6 6 11 12 12 15 8 9 13 9 13 10 6 14 8 8 12 12 9 8 9 8 17 8 8 10 6 19 8 13 8\
 11 5 13 13 10 14 13 11 9 11 13 7 9 7 19 11 17 13 10 12 13 10 9 10 11 11 11 15 1 9 14 9\
 16 13 10 9 10 6 7 12 7 11 12 13 8 14 11 11 6 5 10 12 7 12 7 13 9 7 13 9 16 8 6 10\
 12 11 9 13 6 8 10 10 9 9 5 10 16 10 11 5 12 14 10 3 10 14 11 10 5 10 7 10 6 10 12 16\
 16 8 8 10 9 9 11 13 15 6 13 12 9 8 11 11 10 9 17 11 11 8 6 7 4 7 10 14 8 9 11 11\
 12 12 6 12 11 12 8 11 17 14 15 9 17 17 14 11 12 9 13 18 17 20 17 14 9 7 23 11 5 15 7 14\
 15 7 4 7 10 14 11 15 11 10 7 14 7 12 11 9 9 5 14 16 10 13 12 10 11 13 14 5 10 6 13 5\
 10 15 9 6 8 14 4 25 8 17 13 14 9 9 11 14 8 17 16 15 16 18 15 24 23 21 29 32 21 21 27 33\
 41 33 46 39 41 33 38 47 34 39 39 24 34 42 27 33 25 29 23 32 28 28 18 30 27 21 21 19 12 12 13 10\
 15 11 12 12 11 6 11 10 16 8 11 13 10 12 10 13 12 10 13 10 3 12 14 14 6 10 6 11 9 12 18 10\
 9 8 13 8 13 10 16 10 9 13 11 17 11 17 9 10 14 9 14 4 15 8 14 10 9 14 10 11 14 10 6 13\
 12 16 16 13 16 11 14 10 11 8 14 16 9 16 11 13 18 11 10 11 17 16 18 10 19 14 19 10 16 24 16 18\
 15 10 13 13 10 13 11 15 13 18 11 19 18 15 16 11 11 8 12 10 16 12 16 9 8 14 18 14 10 9 14 16\
 8 9 16 13 13 4 9 17 20 3 15 11 8 15 14 11 12 14 14 18 14 14 11 14 10 8 10 15 13 13 18 13\
 17 10 10 15 10 14 10 16 20 10 16 16 14 20 7 11 10 17 13 20 14 14 11 13 9 27 11 10 21 15 11 17\
 12 13 11 16 17 15 11 15 17 18 17 13 21 18 23 15 16 19 14 19 18 19 19 12 12 20 19 14 19 13 22 21\
 22 19 22 23 20 21 11 31 33 15 18 16 21 22 27 28 25 29 21 29 31 47 42 44 40 43 58 43 56 58 58 64\
 70 63 65 79 87 76 75 81 92 92 92 91 84 83 63 71 71 56 74 78 68 84 53 53 64 54 54 52 50 51 39 52\
 43 48 39 36 36 48 40 34 33 53 46 44 46 42 47 33 54 47 43 47 44 46 55 38 47 42 23 34 33 50 33 37\
 38 43 43 26 44 35 43 33 43 37 43 36 40 25 38 40 34 32 44 33 40 40 44 45 50 34 61 51 51 48 50 45\
 70 63 72 74 71 65 67 89 81 78 79 91 88 96 90 77 80 77 96 96 89 101 100 76 88 96 86 98 76 80 73 90\
 75 82 81 79 75 83 64 78 68 58 84 76 55 83 76 86 85 79 84 70 80 97 78 102 101 89 76 86 96 94 89 115\
 93 98 104 120 118 97 119 127 103 120 136 115 119 114 143 144 114 117 142 127 128 132 155 125 136 159 153 140 154 136 151 154\
 164 163 183 158 150 161 172 209 166 180 180 207 195 199 225 205 230 224 254 214 220 236 242 241 252 249 262 244 287 278 299 325\
 284 324 312 337 327 389 348 317 335 361 376 392 397 397 354 415 425 411 449 436 432 409 440 493 499 526 510 509 495 514 482 548\
 500 510 528 597 591 560 623 585 628 648 667 698 701 747 758 808 822 897 890 1008 1037 1107 1178 1226 1319 1435 1488 1674 1732 1837 2022 2207\
 2336 2566 2691 2905 3141 3335 3600 3802 4087 4367 4600 4971 5154 5652 5915 6241 6510 6693 7201 7422 7692 7862 8533 8606 8845 9141 9533 9713 9958 10068 10265 10483\
 10628 10539 10888 10969 11063 11049 11179 11366 11221 11186 11521 11440 11342 11340 11564 11516 11522 11550 11792 11888 12055 12220 12386 12568 12626 12914 13108 13055 12973 13114 13164 13234\
 13380 13328 13176 12866 12932 12681 12130 11825 11690 11276 10704 10320 10008 9278 8858 8400 7746 7083 6670 6240 5740 5062 4642 4241 3714 3331 2980 2493 2257 1940 1706 1449\
 1268 1094 884 797 598 565 445 317 295 241 217 153 118 100 73 77 61 41 41 21 12 15 10 4 4 5 2 4 3 1 0 1\
 1 1 0 2 0 1 0 1 1 0 0 0 1 0 0 0 0 1 0 0 1 0 0 0 0 0 0 0 0 0 1 1\
 0 0 0 0 0 2 0 0 0 2 0 0 0 0 0 0 0 0 0 0 0 2 0 0 0 0 0 0 0 0 0 0\
 1 1 0 0 1 0 0 0 1 0 0 1 0 0 0 0 0 0 0 0 0 0 0 0 0 0 0 2 1 0 0 1\
 0 0 0 0 0 0 0 0 0 0 0 0 0 0 0 1 0 0 0 0 0 0 1 0 0 0 0 0 1 0 0 1\
 1 0 0 0 0 1 0 0 0 0 0 0 0 1 0 0 1 0 0 0 0 0 0 0 0 0 0 0 0 0 0 0\
 0 0 0 0 1 0 0 0 0 1 0 0 0 0 0 0 0 0 0 0 0 0 0 0 0 0 0 0 0 1 1 0\
 0 0 0 0 0 0 0 0 0 1 0 0 0 0 0 0 0 0 0 0 0 0 0 0 1 0 0 0 0 0 0 0


#S 8 mca_save_point Point:7 Scan:9 Datafile:20170218
#D Sat Feb 18 16:04:35 2017
#U Epics mca: dp_vortex_xrd74:mca1
#T 300  (Seconds)
#Q 0 6.02282e-08 0.0230055
#Energy 0
#Monc 29670597 86511400
#@MCA %32C
#@CHANN 1000 0 999 1
#@CTIME 300 300 268.483
#@CALIB -48.775 5.7161 0
#N 1
#L Epics MCA
@A 0 0 0 0 0 0 0 0 0 0 0 0 0 0 0 0 0 0 0 0 0 1 0 0 0 0 0 0 0 0 0 0\
 0 0 0 0 0 0 0 0 0 0 0 0 0 0 0 0 0 0 0 0 0 0 0 0 0 0 0 0 1 0 0 1\
 0 1 0 0 2 1 3 3 3 6 7 6 17 18 15 16 12 21 24 20 33 33 37 32 51 35 39 32 41 52 42 51\
 34 58 41 49 61 51 53 58 51 49 43 54 68 60 48 48 48 65 43 58 55 49 60 62 61 42 40 56 51 40 58 55\
 48 52 45 41 54 62 55 64 38 57 58 43 58 53 48 63 59 50 56 72 62 39 83 69 80 88 71 82 74 86 91 73\
 67 63 77 49 67 60 59 64 61 52 54 45 43 43 49 46 46 38 48 50 37 41 48 32 42 43 47 44 44 37 48 41\
 36 58 45 43 39 36 30 45 51 48 41 37 44 41 32 29 40 39 31 37 39 33 36 40 44 45 43 30 51 43 28 35\
 42 44 37 36 22 37 43 30 44 36 41 36 33 28 40 29 34 29 33 37 44 31 32 44 41 50 34 38 43 35 38 35\
 38 42 47 48 46 36 43 51 43 46 40 43 49 47 31 29 32 42 45 42 35 46 50 43 38 46 50 44 43 48 45 42\
 50 44 49 57 49 50 43 33 47 48 45 50 53 51 53 53 50 61 60 60 49 44 48 47 48 45 57 57 43 37 65 54\
 41 45 43 39 45 37 37 46 37 46 44 34 50 39 44 38 52 44 60 32 35 49 44 43 50 43 51 49 42 32 38 46\
 57 44 40 34 51 45 56 47 50 41 52 56 39 35 38 45 39 47 32 36 66 38 39 41 36 51 37 47 37 38 48 45\
 39 47 46 45 55 52 45 52 48 64 59 79 59 62 63 97 88 100 105 96 100 107 110 129 114 125 104 107 98 94 83 97\
 102 91 82 78 86 71 56 64 65 75 62 64 73 77 63 68 75 62 97 66 85 88 118 105 125 126 196 210 270 329 366 458\
 595 685 736 886 1064 1218 1358 1509 1715 1892 1956 2114 2171 2363 2378 2365 2372 2295 2344 2224 2018 2009 1721 1635 1452 1228 1099 981 873 703 583 498\
 459 397 333 245 305 253 243 226 249 224 249 258 250 261 271 300 273 264 276 279 263 286 275 245 225 217 215 173 121 132 158 111\
 85 85 92 65 57 54 61 42 52 43 32 44 47 26 28 37 39 32 38 33 31 34 33 29 17 24 37 35 32 31 24 34\
 24 30 26 29 38 29 31 31 23 21 33 30 38 22 35 30 38 29 31 32 31 30 28 24 25 30 31 36 36 29 29 28\
 34 28 35 44 26 36 28 34 24 36 36 31 35 32 18 28 31 30 33 24 28 34 25 28 26 34 28 31 33 31 30 29\
 43 27 25 31 26 32 40 32 34 30 31 53 18 33 44 31 32 31 40 40 42 52 31 47 66 54 67 77 71 89 104 120\
 141 161 164 179 198 189 204 217 246 249 249 252 243 241 208 229 224 230 224 208 177 166 133 141 110 127 82 76 66 67 37 50\
 49 34 34 45 32 38 45 33 34 24 37 31 24 31 28 32 35 32 35 43 34 32 35 47 39 39 49 49 43 45 54 36\
 55 46 65 68 54 53 57 58 57 52 42 52 55 46 34 58 37 35 34 27 34 30 31 36 27 39 27 18 29 36 32 27\
 25 38 18 25 22 26 29 26 24 16 26 36 37 25 22 22 19 29 25 21 23 29 34 32 25 21 27 32 28 25 30 23\
 34 30 31 29 37 19 33 27 27 24 36 25 31 24 26 27 32 33 28 16 36 19 25 30 24 29 25 30 34 29 29 31\
 31 27 28 36 27 37 33 27 23 25 29 25 27 23 21 24 17 28 32 26 27 36 26 22 22 27 28 25 30 28 30 22\
 25 17 24 25 26 19 32 27 25 25 28 32 22 22 26 19 25 16 27 24 31 23 41 23 30 24 23 21 19 38 24 26\
 26 28 27 28 29 26 28 24 26 15 22 25 28 25 29 18 29 30 28 27 24 30 24 31 25 21 31 42 25 20 23 29\
 24 22 30 20 31 16 33 15 23 30 20 27 28 22 24 25 23 32 24 20 30 20 28 34 11 20 27 25 28 22 24 20\
 28 23 20 24 28 31 24 22 29 39 37 25 34 14 37 37 23 28 34 20 29 21 28 18 29 26 19 19 30 31 24 27\
 28 28 37 30 27 23 20 31 34 30 28 28 31 24 22 35 20 26 26 20 25 20 29 24 28 25 20 26 20 21 28 27\
 28 22 13 29 28 29 25 31 28 22 30 24 30 28 30 22 26 18 29 19 33 27 23 26 37 22 30 32 31 28 30 35\
 23 23 37 23 33 35 31 39 34 37 29 51 37 29 34 33 41 37 31 38 44 35 30 33 29 36 39 24 22 27 24 30\
 25 31 23 31 23 31 30 26 25 20 35 26 31 19 22 32 29 27 26 30 34 29 17 26 39 19 34 24 22 28 41 30\
 37 27 33 28 30 26 28 33 19 35 39 37 26 26 40 35 26 33 35 34 40 42 39 38 37 36 44 41 55 42 55 46\
 64 55 66 58 51 48 65 64 58 49 68 68 62 56 50 66 60 36 53 53 46 36 46 50 41 52 45 38 36 34 35 40\
 28 29 23 23 44 35 30 26 18 33 20 35 30 25 36 33 28 23 31 31 38 27 30 31 32 23 17 28 20 24 24 26\
 20 20 22 39 32 26 30 32 28 32 32 34 36 31 29 21 30 22 38 24 26 30 42 30 34 28 34 27 29 25 29 34\
 33 22 18 33 42 31 43 24 31 35 33 39 32 23 28 34 35 19 32 46 35 31 33 31 45 38 32 25 38 37 34 40\
 38 43 49 38 46 24 29 36 37 30 38 36 42 29 31 27 36 42 33 35 31 30 27 37 29 38 50 42 28 33 33 32\
 33 26 29 36 29 31 37 27 40 26 34 29 27 32 52 31 30 37 39 31 30 38 30 43 41 29 28 33 39 37 34 30\
 35 45 35 38 30 46 34 40 33 43 45 45 35 47 43 38 38 47 39 31 37 47 40 56 47 23 52 44 27 42 36 35\
 34 32 47 33 44 32 45 41 52 31 29 41 46 44 42 55 47 53 45 42 45 43 36 49 32 46 42 37 52 46 61 43\
 50 55 48 38 57 47 41 51 62 52 50 60 56 64 72 71 82 78 91 73 99 98 106 124 130 134 140 162 141 145 143 141\
 165 188 212 196 207 220 202 225 223 231 223 218 212 211 201 207 213 196 198 163 160 142 172 155 159 140 154 136 140 127 116 120\
 100 125 103 116 128 108 124 137 115 121 123 110 124 107 114 137 113 100 103 131 118 105 110 117 110 120 106 95 111 99 96 105\
 103 120 101 92 101 78 106 97 95 80 85 109 120 73 95 99 93 105 81 79 106 125 100 116 116 120 118 108 112 136 129 128\
 133 114 113 124 148 115 125 172 146 146 150 150 149 130 157 179 156 176 159 151 160 156 170 201 167 151 183 162 165 171 160 162\
 170 147 173 174 185 170 158 180 182 202 192 204 212 196 227 202 222 195 205 210 254 248 230 259 232 255 261 254 246 223 270 268\
 259 288 276 307 303 300 274 310 291 310 325 305 334 339 341 304 346 324 352 348 329 378 379 369 379 371 428 399 418 409 424 436\
 432 413 418 466 446 428 505 478 502 503 539 557 525 534 534 600 571 604 593 584 586 645 659 670 619 690 691 675 746 776 754 790\
 847 802 853 822 873 874 943 932 952 954 925 969 1025 1020 1151 1100 1114 1142 1108 1159 1216 1174 1248 1220 1245 1260 1319 1310 1335 1338 1442 1420\
 1428 1434 1517 1417 1495 1532 1587 1541 1672 1640 1684 1741 1881 1942 2036 2115 2123 2307 2414 2593 2778 2853 3100 3294 3566 3882 4072 4433 4715 4982 5580 5909\
 6364 6838 7248 7813 8567 8994 9809 10165 10855 11702 12425 13415 14162 14870 15920 16778 17221 18178 19091 20017 20510 21639 22555 23375 24022 24627 25470 26143 26584 27009 27477 27528\
 28467 28414 29041 29338 29379 29331 29487 29689 29813 30034 29959 30408 30326 30528 30208 30490 30830 31052 31279 31735 32091 32178 32844 33637 33960 34358 34371 34802 35419 35306 35918 35771\
 35699 35651 35446 34473 34234 33758 32538 32136 31025 30073 29146 27404 26237 24894 23387 21766 20375 18808 17336 16033 14761 13384 11995 10578 9594 8375 7521 6650 5816 5101 4268 3727\
 3194 2781 2283 1907 1524 1339 1138 883 767 584 499 416 312 267 199 171 131 90 84 60 47 44 22 28 23 13 14 6 4 1 10 2\
 5 6 3 5 2 2 10 1 1 3 3 2 2 2 0 2 0 1 0 1 3 4 1 1 0 2 0 1 0 5 2 1\
 4 2 0 4 0 3 0 2 2 0 2 3 3 1 0 0 0 5 1 2 4 2 1 1 2 5 4 2 3 0 0 2\
 1 2 1 2 0 1 0 2 2 1 2 0 3 2 0 0 0 0 1 0 2 3 2 0 2 3 2 1 1 1 1 1\
 0 0 1 1 0 2 2 2 1 2 6 0 1 1 1 1 1 1 1 1 2 2 2 1 0 2 2 1 1 1 0 0\
 2 3 0 0 1 0 2 0 1 1 1 0 1 0 0 2 0 0 1 0 0 1 6 0 1 2 1 0 0 0 1 1\
 0 2 0 2 0 1 1 1 2 0 2 1 0 0 0 1 0 1 0 0 0 2 1 1 2 0 1 0 0 1 0 1\
 1 0 0 0 1 0 0 1 0 2 0 1 1 2 2 0 2 0 2 0 1 1 0 0 0 1 0 0 0 0 0 1


#S 9 mca_save_point Point:8 Scan:9 Datafile:20170218
#D Sat Feb 18 16:09:44 2017
#U Epics mca: dp_vortex_xrd74:mca1
#T 300  (Seconds)
#Q 0 0 0.0239873
#Energy 0
#Monc 30283158 86501021
#@MCA %32C
#@CHANN 1000 0 999 1
#@CTIME 300 300 264.274
#@CALIB -48.775 5.7161 0
#N 1
#L Epics MCA
@A 0 0 0 0 0 0 0 0 0 0 0 0 0 0 0 0 0 0 0 0 0 1 0 0 0 1 0 0 0 0 0 0\
 0 0 0 0 0 0 0 0 0 0 0 0 1 0 0 0 0 0 0 0 0 0 0 0 0 0 0 0 1 1 1 0\
 2 1 2 1 1 2 3 2 4 4 7 5 13 9 16 14 24 22 37 30 36 40 39 39 51 48 45 59 53 53 48 50\
 65 60 57 50 63 64 48 57 57 67 47 61 59 64 63 66 62 44 66 61 62 73 54 55 63 63 64 56 65 78 57 62\
 62 73 51 61 74 66 61 53 54 58 72 63 56 63 68 64 47 53 73 62 71 76 65 77 94 94 103 107 92 96 79 83\
 70 89 74 68 72 69 81 63 57 53 42 45 64 35 44 46 51 33 48 52 55 57 68 51 51 42 57 44 55 48 52 56\
 39 50 45 46 42 54 49 38 49 53 43 40 52 44 35 46 48 32 51 45 50 62 34 49 34 38 46 39 58 38 32 28\
 38 35 41 43 47 44 44 33 53 38 43 39 44 44 34 44 51 49 34 40 34 55 48 37 47 36 44 37 58 53 46 48\
 41 49 39 34 47 49 39 49 51 42 51 54 51 52 47 56 54 53 39 55 55 56 43 45 50 53 42 56 40 43 56 44\
 61 46 38 48 32 62 59 62 47 53 54 63 39 61 54 56 45 60 60 52 49 73 56 62 53 50 46 53 57 49 49 51\
 52 54 60 50 55 51 47 43 49 45 36 53 54 37 40 44 44 46 58 59 57 56 59 56 39 58 44 46 42 43 53 51\
 46 57 46 50 62 49 55 41 39 57 64 53 43 58 45 51 65 48 55 44 47 43 43 56 43 58 44 55 56 38 55 42\
 55 64 55 55 54 58 64 58 82 72 82 62 92 73 88 99 101 104 113 105 118 114 103 134 123 115 121 103 113 108 112 103\
 94 93 91 101 78 86 82 83 77 77 68 73 68 77 73 89 93 71 91 91 85 107 128 116 151 195 206 273 304 349 393 498\
 627 780 948 1069 1164 1353 1478 1711 1847 2101 2142 2418 2611 2567 2647 2663 2632 2634 2513 2369 2277 2103 1937 1734 1635 1414 1292 1103 914 776 698 588\
 504 438 373 320 306 264 262 257 283 285 275 273 322 316 304 330 315 303 328 343 318 278 282 269 271 230 208 207 170 156 150 140\
 119 110 89 86 72 71 51 59 49 42 38 44 37 47 40 36 45 47 42 38 29 33 37 32 38 27 27 35 38 28 33 19\
 39 29 39 31 28 28 38 41 30 34 39 30 29 34 30 45 39 36 36 32 28 40 28 34 41 46 30 34 33 32 30 27\
 37 35 34 45 37 25 32 35 49 29 30 35 23 30 42 34 34 44 35 36 48 23 31 44 28 24 30 22 39 27 26 29\
 32 32 32 37 40 31 23 37 33 24 41 34 37 41 37 34 28 50 54 40 40 39 36 60 40 56 60 81 94 90 93 93\
 136 156 168 152 176 188 222 200 217 206 209 252 236 234 218 192 201 229 168 177 164 135 128 122 118 103 114 87 73 59 50 48\
 44 49 40 37 36 39 35 29 28 32 43 42 31 42 41 41 36 39 32 42 29 39 35 42 43 50 48 47 56 58 64 53\
 53 64 54 56 54 74 60 43 65 56 46 58 57 36 46 49 38 36 46 29 32 41 34 24 64 35 34 30 31 24 24 25\
 33 30 19 20 25 39 29 23 34 31 26 23 24 36 24 32 34 35 35 30 41 21 33 25 40 29 36 28 28 37 30 35\
 26 34 36 34 35 31 25 38 36 18 34 24 16 42 29 27 31 31 40 29 30 35 31 30 32 25 27 23 34 26 34 34\
 26 38 30 39 31 32 36 24 30 33 31 23 30 30 34 28 22 35 24 28 30 19 37 24 35 21 35 30 33 27 31 23\
 26 22 24 30 25 29 26 30 24 27 31 30 31 33 36 27 25 25 37 23 15 35 34 29 31 27 28 26 33 26 39 27\
 35 36 33 22 30 34 32 23 26 32 32 30 38 23 26 32 28 37 31 28 24 21 31 29 37 48 32 34 34 28 30 29\
 33 33 23 31 28 22 32 27 41 29 27 23 25 33 39 29 29 34 31 24 25 29 26 28 24 36 34 35 36 34 40 27\
 24 30 31 25 31 31 38 24 22 26 40 27 34 27 23 32 28 24 30 42 36 31 40 30 26 32 30 39 39 33 25 24\
 22 37 34 33 29 30 28 21 25 37 38 33 28 31 27 39 29 27 40 29 24 36 27 30 27 28 36 33 36 22 26 32\
 24 28 26 23 29 33 30 30 37 23 34 30 28 30 22 30 32 40 35 30 28 37 39 28 28 32 30 34 35 22 25 34\
 35 35 27 34 30 35 25 32 41 32 36 41 39 41 37 40 43 40 44 35 33 30 35 23 34 41 33 34 42 41 32 31\
 29 28 28 29 29 36 18 22 30 32 32 29 32 25 24 38 35 28 28 25 27 29 30 35 35 29 32 33 30 34 26 29\
 30 32 31 20 28 35 29 26 27 32 28 20 45 14 40 44 31 42 30 36 49 24 29 40 36 34 39 55 43 46 60 42\
 60 54 63 45 52 67 70 54 55 58 69 59 47 74 61 51 52 46 61 50 50 42 57 41 52 36 33 39 36 50 33 41\
 33 37 29 39 40 30 41 20 40 33 34 40 32 31 34 35 26 34 28 24 36 21 39 20 35 32 29 30 43 32 41 22\
 35 34 31 19 29 39 36 40 28 39 39 34 35 29 28 38 38 28 27 36 30 34 33 37 33 29 31 37 45 28 21 32\
 40 25 38 30 31 26 28 39 43 32 41 35 44 46 42 46 37 44 35 44 42 39 45 29 37 45 35 39 40 37 44 31\
 47 34 39 36 32 41 22 32 36 44 41 38 58 39 29 44 33 30 29 38 39 40 42 37 38 43 42 40 34 46 30 35\
 26 37 32 46 43 38 36 40 42 38 47 39 27 53 42 37 34 37 28 44 40 39 39 43 32 40 40 44 51 36 36 43\
 54 36 39 37 51 34 32 41 47 49 58 42 45 43 46 40 45 53 42 42 34 35 45 41 36 51 36 45 48 46 51 46\
 46 56 45 46 39 50 54 42 56 41 41 50 55 47 56 67 43 48 45 43 47 51 46 46 59 50 48 55 34 57 52 55\
 58 54 62 69 63 59 66 72 66 44 55 75 75 67 72 81 90 83 95 108 113 119 116 129 106 122 154 149 165 173 196 193\
 180 201 199 228 242 239 210 218 248 242 244 225 262 220 227 237 230 194 210 212 211 198 179 176 192 166 168 171 143 149 136 152\
 132 137 145 136 140 121 149 135 127 146 132 131 137 114 132 130 119 129 143 116 145 131 116 107 136 128 134 122 112 95 126 108\
 112 95 112 124 115 99 95 119 121 103 113 109 108 111 103 133 108 102 110 131 108 120 124 103 123 122 128 128 135 143 125 133\
 149 136 132 147 135 131 154 147 131 135 157 157 153 167 177 169 175 159 210 172 187 174 203 185 187 179 170 172 170 168 210 186\
 193 181 212 215 229 225 219 241 216 241 216 207 211 236 269 235 231 273 239 223 278 232 256 277 257 299 272 269 283 293 272 316\
 329 297 303 317 349 338 364 322 344 379 341 386 368 375 394 365 350 422 392 400 411 418 388 411 404 426 439 443 467 486 510 465\
 481 476 488 543 511 587 549 500 555 584 611 619 563 621 639 607 703 694 678 727 707 689 756 746 727 781 766 822 824 869 867 858\
 846 948 939 1001 939 1029 1048 1024 1065 1097 1059 1123 1161 1175 1171 1314 1181 1339 1311 1377 1381 1355 1343 1412 1454 1500 1487 1623 1472 1460 1520 1626\
 1524 1614 1634 1688 1705 1621 1677 1839 1846 1920 1940 2055 2095 2146 2296 2274 2394 2535 2661 2813 3104 3214 3585 3769 3944 4194 4508 4984 5313 5721 6099 6584\
 7021 7691 8362 8818 9661 10300 10911 11586 12492 13520 14222 15283 15877 17126 17642 18711 19645 20773 21759 22459 23645 24667 25175 26285 27035 28113 28833 29483 29880 30549 31001 31908\
 32355 32804 32685 32727 33167 33185 33887 34001 33613 33683 34204 34090 34064 34793 34961 34887 34772 35597 35912 35608 36193 36540 37319 38079 38199 38574 39000 39198 39920 40133 40443 40471\
 40643 40352 40007 39427 39155 38325 37413 36447 35046 34173 32644 31196 29489 28356 26582 24847 23112 21385 19812 18015 16200 14882 13488 12014 10990 9487 8526 7482 6441 5651 4828 4177\
 3654 2957 2540 2110 1806 1497 1217 1082 838 697 555 461 356 300 229 176 145 89 81 70 61 36 34 29 25 15 11 8 8 8 7 8\
 3 2 3 6 2 1 6 3 6 5 2 2 3 5 2 3 2 5 3 3 1 3 2 2 3 1 0 4 4 4 1 3\
 2 4 3 2 1 2 3 0 0 4 2 1 3 1 3 1 2 2 2 1 2 1 5 1 1 0 2 1 1 0 2 0\
 3 1 4 0 2 0 1 1 0 2 0 0 2 3 1 2 2 2 2 3 3 1 0 2 4 2 2 3 4 6 2 2\
 4 1 2 0 3 2 1 4 3 0 5 3 1 2 1 3 3 0 4 2 1 2 2 1 3 1 1 1 2 1 1 2\
 0 1 3 2 5 4 0 2 0 3 1 1 2 0 4 1 2 2 1 1 2 1 0 2 0 0 0 2 2 0 1 1\
 1 1 1 0 2 1 2 2 2 1 0 0 1 0 2 1 0 1 2 0 2 2 1 1 0 0 0 1 4 1 1 0\
 0 1 0 0 1 1 1 1 0 2 0 0 1 0 0 0 1 0 0 1 0 0 1 1 0 0 0 0 0 1 2 0


#S 10 mca_save_point Point:9 Scan:9 Datafile:20170218
#D Sat Feb 18 16:14:53 2017
#U Epics mca: dp_vortex_xrd74:mca1
#T 300  (Seconds)
#Q 0 3.27249e-08 0.025
#Energy 0
#Monc 29969197 86485382
#@MCA %32C
#@CHANN 1000 0 999 1
#@CTIME 300 300 263.73
#@CALIB -48.775 5.7161 0
#N 1
#L Epics MCA
@A 0 0 0 0 0 0 0 0 0 0 0 0 0 0 0 0 0 0 0 0 0 0 0 0 0 0 0 0 0 0 0 0\
 0 0 0 0 0 0 0 0 0 0 0 0 0 0 0 1 0 0 0 0 0 1 0 0 0 1 0 0 0 0 0 0\
 1 0 0 1 3 2 5 7 6 4 10 7 18 8 13 13 20 14 22 32 26 42 27 42 36 32 51 56 65 49 58 47\
 67 61 62 64 62 52 58 63 73 61 51 52 66 69 51 63 52 54 57 62 67 67 61 57 70 60 53 57 51 58 56 68\
 58 50 55 45 48 66 40 66 68 64 67 46 55 59 54 75 65 69 72 61 76 92 73 74 89 107 106 102 114 91 88 105\
 75 68 67 67 61 59 62 61 53 53 56 49 33 50 50 31 48 51 57 43 45 53 43 45 48 42 46 48 41 48 63 66\
 36 41 48 41 48 45 46 54 38 54 51 39 40 48 52 36 33 53 48 52 43 50 45 55 41 43 36 53 45 42 49 42\
 31 48 40 50 42 48 50 36 48 44 53 45 48 45 45 37 35 48 46 44 43 53 60 43 46 40 30 44 47 34 56 46\
 39 33 50 62 45 41 47 57 43 47 39 47 42 43 53 51 38 35 66 39 48 51 49 47 57 63 42 60 43 49 40 53\
 43 65 45 41 49 51 44 43 41 35 51 55 56 66 43 62 64 59 59 56 56 58 60 68 78 61 57 42 52 55 57 52\
 54 53 47 42 34 56 46 40 42 40 58 51 57 66 50 48 48 51 47 51 40 43 60 53 60 50 57 55 63 50 57 65\
 36 53 58 50 64 49 55 56 55 44 44 46 48 33 51 42 58 42 49 55 58 54 58 41 55 64 57 53 62 57 56 51\
 56 56 42 49 61 50 68 76 71 73 64 61 65 78 84 95 95 117 100 102 141 119 118 126 122 104 134 120 111 106 112 98\
 107 91 82 78 83 67 89 78 69 60 71 80 78 64 70 79 73 85 96 86 110 106 99 123 156 170 217 240 286 365 421 448\
 614 689 885 1000 1134 1320 1520 1759 2000 2034 2155 2273 2415 2565 2703 2574 2641 2627 2592 2400 2238 2123 1976 1815 1519 1412 1240 1060 909 817 684 564\
 508 397 367 316 301 287 268 282 254 284 261 263 273 306 323 289 325 309 311 342 298 317 283 246 259 197 236 212 169 180 124 122\
 122 97 85 93 80 60 54 53 67 44 43 29 41 40 36 43 33 45 43 40 37 34 38 56 45 36 34 39 42 27 35 27\
 31 28 23 26 36 35 36 36 29 30 37 35 35 32 28 28 38 42 38 42 33 35 45 40 33 35 40 32 31 28 27 44\
 49 36 39 44 40 33 33 41 32 29 36 54 34 37 41 28 38 25 41 33 49 25 36 44 36 27 31 25 41 25 45 25\
 41 33 41 38 40 34 35 28 40 39 35 36 39 35 33 41 40 27 32 40 51 38 45 64 62 57 63 56 77 81 111 100\
 106 105 136 161 142 172 204 182 198 217 217 210 193 207 208 179 173 177 159 142 145 141 109 118 113 96 84 76 76 73 54 52\
 46 45 41 39 41 44 37 33 40 49 36 31 30 28 30 38 42 26 37 45 36 41 37 35 39 40 42 40 50 52 55 52\
 65 51 63 59 51 60 47 47 44 48 54 29 53 39 35 33 47 39 37 34 31 41 40 45 30 33 34 26 34 40 30 39\
 28 29 32 33 35 30 40 38 31 27 29 34 53 27 38 28 30 37 32 25 25 30 33 35 29 32 23 39 26 22 30 27\
 27 25 21 34 26 33 29 32 33 30 32 36 39 35 32 29 22 28 32 38 28 30 26 39 28 41 31 26 34 27 33 19\
 26 30 31 26 46 35 43 26 28 25 31 29 29 33 29 30 32 29 24 33 27 27 32 38 24 22 27 31 35 39 34 42\
 27 36 34 36 31 35 25 21 28 24 30 27 35 36 38 28 22 32 26 32 34 29 38 33 38 33 41 33 29 26 32 29\
 23 24 28 36 31 25 30 40 30 30 35 20 35 31 26 31 31 27 33 27 31 36 31 26 28 33 24 23 35 25 34 30\
 38 29 30 32 32 19 31 23 31 37 36 31 43 33 29 34 30 31 26 25 36 19 35 30 30 31 35 27 29 25 29 34\
 35 31 33 27 32 24 31 34 24 31 27 25 34 34 28 35 31 33 29 33 32 34 26 30 24 28 29 34 24 42 25 28\
 27 24 38 34 36 28 31 36 27 38 31 33 28 29 35 25 19 34 29 33 32 26 31 28 24 30 33 26 29 24 32 33\
 34 35 25 28 25 19 38 23 31 34 31 38 37 26 33 35 24 31 32 30 40 29 32 42 42 34 26 30 38 36 48 33\
 36 28 34 39 35 40 30 30 28 42 38 38 40 40 25 36 44 33 37 38 42 38 37 35 41 48 31 40 39 31 35 29\
 29 29 35 30 34 33 26 20 32 33 32 30 25 33 27 31 30 29 28 32 45 35 37 34 27 33 32 32 28 31 23 27\
 26 28 22 33 36 22 23 28 40 21 28 31 25 30 25 32 37 27 43 35 41 44 41 40 47 40 49 46 35 49 65 43\
 59 61 58 51 42 72 64 56 64 55 62 59 67 72 36 52 59 48 55 57 51 41 37 51 41 58 47 41 38 23 25 35\
 45 41 42 32 29 46 35 28 35 33 33 27 25 29 34 30 33 31 33 33 32 23 45 29 28 21 35 35 34 26 28 29\
 42 27 28 36 38 28 30 32 37 37 36 38 33 28 30 33 41 42 35 25 31 27 29 35 30 38 45 34 30 44 30 26\
 33 35 26 35 35 33 40 35 45 37 40 25 28 33 35 34 25 37 47 39 37 25 42 44 40 22 30 40 36 34 40 45\
 34 40 33 40 47 28 38 43 41 30 32 36 35 31 34 37 30 35 34 46 49 40 36 35 33 33 35 29 37 33 35 29\
 32 36 39 40 48 27 38 40 34 47 33 43 38 33 29 42 47 32 51 39 31 39 30 45 39 40 40 47 52 31 41 38\
 42 42 45 54 29 38 42 42 40 36 43 36 36 50 33 49 45 43 38 43 43 47 39 34 51 41 41 47 46 39 54 42\
 32 51 45 55 43 43 51 53 40 53 37 45 36 47 61 42 44 59 57 46 35 55 54 52 40 47 51 57 35 61 56 57\
 56 63 53 54 51 68 62 64 69 63 70 72 74 70 76 85 74 93 117 85 124 95 123 120 152 147 144 154 166 167 172 219\
 191 227 230 223 223 254 229 233 250 257 237 253 241 257 257 242 229 206 224 219 208 222 191 171 148 149 178 148 163 155 135 145\
 134 146 135 137 146 111 126 128 124 122 126 152 134 135 149 129 127 114 126 135 145 124 111 136 121 130 121 117 105 148 103 114\
 104 95 126 109 102 105 108 94 114 104 119 113 99 100 106 119 99 113 128 113 87 90 127 121 115 127 139 107 126 119 139 142\
 134 149 128 127 126 157 125 148 147 152 169 155 155 186 152 178 189 163 183 166 161 168 198 197 173 179 179 197 176 192 200 229\
 177 190 207 215 202 195 199 205 231 234 226 216 226 230 199 237 230 240 249 266 254 266 288 272 274 258 274 313 271 315 305 270\
 294 334 296 322 335 338 358 347 353 362 362 360 379 361 379 391 392 379 396 417 422 376 436 423 428 454 437 453 450 513 499 469\
 484 490 484 491 502 517 577 545 612 601 595 598 583 620 643 682 666 667 668 727 731 703 715 788 781 768 802 816 826 790 871 858\
 890 925 906 1039 997 999 978 1061 1019 1075 1134 1154 1171 1150 1158 1196 1235 1287 1399 1284 1330 1416 1452 1384 1452 1362 1556 1466 1528 1582 1609 1542\
 1560 1620 1666 1656 1684 1787 1798 1818 1843 1809 1886 2058 2036 2198 2240 2387 2463 2573 2713 2837 3160 3327 3442 3755 4029 4265 4594 4905 5341 5695 6258 6718\
 7070 7742 8246 8864 9444 10123 10931 11643 12655 13338 14143 14965 16295 16954 17702 18842 19829 20810 21905 22835 23775 24632 25406 26882 27071 28231 28967 29470 30024 31115 31432 32208\
 32489 32623 33234 33312 33835 33859 34161 34164 34249 34173 34093 34296 34607 34649 34846 34966 35174 35766 35654 36222 36810 37182 37566 38248 38577 39133 39287 40033 40214 40781 40764 40771\
 40571 40438 40325 40239 39114 38794 37468 36921 35593 34408 32953 31416 29725 28597 26555 24694 23239 21615 19739 18154 16635 14910 13505 12146 10859 9759 8673 7322 6568 5604 4937 4240\
 3553 2979 2663 2198 1807 1507 1264 1040 849 709 532 457 377 278 248 203 137 103 83 67 52 49 31 20 16 13 22 8 4 9 6 4\
 5 6 3 5 1 3 2 1 4 1 0 2 1 3 2 0 6 3 2 2 2 3 2 1 3 1 0 2 0 3 0 1\
 5 5 0 2 1 4 2 1 2 0 2 1 2 2 2 1 1 2 2 2 2 3 3 2 3 1 0 5 2 3 4 4\
 2 3 1 3 2 2 1 4 2 1 1 0 1 0 0 2 1 1 3 0 2 4 1 1 2 0 4 0 3 2 1 3\
 2 1 0 3 3 3 0 0 2 1 0 1 3 0 0 2 1 0 3 0 2 0 0 4 0 0 1 1 0 1 1 1\
 0 1 1 2 1 0 0 1 0 1 3 1 1 3 2 0 2 2 3 0 2 0 2 1 1 1 1 2 1 1 1 0\
 1 1 0 2 0 0 0 1 1 1 2 1 0 1 1 0 0 1 0 0 2 0 1 1 2 0 0 0 0 0 1 0\
 1 2 0 0 1 0 1 2 1 0 1 1 0 2 1 4 0 1 0 0 0 1 3 0 1 2 1 0 2 0 0 0


#S 11 mca_save_point Point:10 Scan:9 Datafile:20170218
#D Sat Feb 18 16:20:02 2017
#U Epics mca: dp_vortex_xrd74:mca1
#T 300  (Seconds)
#Q 0 6.81012e-08 0.0260127
#Energy 0
#Monc 30180962 86418952
#@MCA %32C
#@CHANN 1000 0 999 1
#@CTIME 300 300 262.504
#@CALIB -48.775 5.7161 0
#N 1
#L Epics MCA
@A 0 0 0 0 0 0 0 0 0 0 0 0 0 0 0 0 0 0 0 0 0 0 0 0 0 0 0 0 0 0 0 0\
 1 0 0 0 0 0 0 0 0 0 0 0 0 0 0 0 0 0 0 0 0 0 0 0 0 0 0 0 0 0 1 1\
 1 3 5 0 2 4 3 3 7 7 8 8 7 10 15 16 23 22 27 26 33 28 33 36 40 56 48 56 69 58 64 49\
 52 58 55 62 55 55 56 71 58 78 65 57 57 61 83 64 59 46 64 55 59 56 69 60 47 50 65 58 62 60 65 63\
 48 59 75 50 66 62 69 66 60 51 66 55 59 53 57 67 52 91 72 73 81 64 85 88 75 78 88 103 111 101 93 86\
 80 79 92 70 71 59 56 57 60 59 63 65 40 45 51 53 49 35 47 44 56 51 51 41 59 48 51 53 55 49 42 55\
 54 46 47 50 47 51 56 41 38 43 56 41 36 47 50 51 45 42 58 51 49 33 50 46 48 49 46 47 62 46 48 46\
 44 35 57 46 47 41 44 44 48 40 35 39 34 39 45 40 40 39 35 42 44 31 44 52 37 59 51 42 45 50 42 43\
 54 52 51 42 57 55 48 48 51 51 50 54 48 52 64 48 49 49 38 58 44 53 48 46 51 62 60 40 44 47 48 56\
 71 52 50 47 59 72 65 51 58 53 42 57 64 54 71 57 60 62 58 53 71 72 56 68 50 59 66 68 57 67 53 52\
 46 56 59 51 51 40 58 28 50 50 40 44 47 61 53 54 49 52 45 69 60 37 52 43 59 58 45 42 54 59 55 58\
 59 55 44 58 52 48 64 52 43 50 56 62 57 50 52 51 42 37 62 54 59 56 51 43 59 49 52 49 64 62 45 43\
 55 55 45 65 45 60 70 63 68 76 86 75 80 87 86 110 97 110 116 105 100 116 109 157 123 121 106 89 113 121 120 106\
 100 81 104 90 104 89 78 106 93 74 76 100 73 66 72 75 74 76 86 96 97 108 129 141 159 170 208 254 308 419 436 532\
 595 736 850 1017 1224 1366 1598 1704 1881 1999 2337 2338 2516 2551 2694 2704 2726 2645 2614 2540 2349 2210 2060 1808 1636 1494 1246 1135 934 847 679 564\
 497 434 381 341 286 255 261 265 273 279 283 280 302 281 321 327 369 306 332 337 294 328 298 257 254 228 234 215 183 158 139 146\
 133 101 99 83 77 76 56 44 48 57 57 46 39 43 39 36 42 48 32 48 33 29 35 29 32 28 41 41 41 36 44 37\
 34 31 40 33 35 45 31 36 38 34 35 31 35 31 34 36 35 33 25 38 39 33 31 36 40 26 40 39 30 35 38 31\
 30 35 39 36 36 41 35 53 50 38 46 33 38 36 30 46 43 36 39 37 32 31 32 27 31 26 36 46 41 41 34 36\
 37 34 37 56 33 35 41 44 27 43 42 32 38 29 38 31 41 48 33 37 46 42 44 50 58 60 71 75 76 71 87 103\
 118 117 126 156 152 183 187 193 187 212 214 183 181 206 196 192 183 183 169 142 132 123 122 120 104 112 82 102 69 73 65 58\
 50 40 43 43 47 34 34 38 33 49 35 37 24 43 45 38 34 31 44 40 50 44 40 39 45 38 48 37 53 45 61 57\
 65 64 48 56 62 72 51 47 51 49 44 33 45 44 68 45 55 43 32 35 36 31 35 40 48 30 30 36 39 33 26 34\
 33 37 36 29 28 39 32 28 27 32 37 33 44 27 33 20 35 26 32 24 37 28 27 41 31 36 33 29 31 33 39 33\
 36 39 30 29 31 32 41 33 35 32 32 29 29 40 34 30 39 34 27 24 33 29 21 31 27 33 34 44 38 38 32 30\
 31 36 34 31 35 33 31 30 31 31 24 43 35 27 35 27 34 22 31 28 38 28 49 32 32 38 30 28 30 26 25 37\
 31 24 18 32 42 21 32 24 29 23 25 31 40 34 36 27 27 26 32 33 42 32 29 28 29 28 25 38 29 32 34 29\
 33 29 34 32 20 31 32 24 28 46 30 31 28 28 39 30 24 29 31 33 39 31 22 39 29 25 31 23 24 40 32 32\
 28 24 30 30 29 32 42 30 26 41 26 28 31 29 31 35 44 31 31 22 24 26 25 38 35 33 35 25 24 32 37 31\
 23 31 34 37 35 37 37 37 46 30 34 25 28 41 32 29 34 29 33 30 29 36 28 23 34 32 30 31 25 30 41 45\
 29 32 49 41 33 27 33 29 28 32 35 28 35 31 40 30 26 36 26 28 28 43 27 27 35 29 34 30 39 36 40 30\
 33 25 27 36 38 23 34 22 24 30 28 29 28 31 30 28 43 32 19 27 33 40 45 26 36 28 26 34 28 34 34 48\
 42 35 28 40 39 39 29 35 45 42 54 32 35 26 34 39 39 31 28 40 37 31 36 42 46 38 37 47 52 29 34 39\
 27 33 36 38 27 35 37 39 28 35 40 29 27 16 39 33 33 31 41 24 27 21 26 25 42 29 27 32 41 30 30 30\
 27 36 35 33 28 39 20 31 31 25 27 28 49 31 30 32 33 36 39 37 40 33 35 56 49 38 46 51 50 51 57 55\
 64 82 63 62 76 65 55 79 54 68 67 61 69 66 75 68 72 63 69 50 60 41 41 41 52 51 41 45 40 46 49 41\
 26 43 33 41 40 31 37 31 35 42 38 30 25 32 30 33 32 43 34 35 34 27 23 44 40 25 35 36 33 29 32 25\
 35 38 29 38 42 29 44 47 37 28 41 37 28 34 31 37 34 41 26 33 33 42 34 48 40 37 47 37 30 41 35 30\
 29 39 43 40 30 26 25 35 31 38 35 26 29 28 33 42 31 46 33 38 38 28 44 41 48 53 42 60 49 48 46 33\
 38 36 39 53 45 43 46 44 40 38 42 32 48 43 45 31 45 44 36 29 30 36 44 38 41 46 38 55 47 43 46 32\
 36 33 39 47 37 35 40 44 41 34 39 48 40 42 43 45 35 35 30 30 40 51 52 35 46 45 44 48 45 43 32 47\
 38 38 44 45 44 33 48 47 45 50 37 43 49 41 42 34 47 39 42 70 62 35 34 35 45 37 42 44 41 59 67 57\
 51 43 55 44 48 47 50 46 47 42 42 45 36 51 49 47 66 49 62 47 44 63 52 56 48 52 66 55 52 50 63 57\
 57 58 60 57 66 63 54 49 78 53 58 71 64 56 80 70 97 106 95 115 109 116 138 113 146 150 152 141 180 194 183 200\
 201 226 232 263 263 267 245 239 264 294 270 258 277 270 268 250 219 253 225 204 185 181 161 210 219 189 152 159 163 168 142 150\
 163 165 134 132 129 133 126 139 130 157 143 139 131 148 121 129 125 146 146 124 125 142 125 139 130 117 122 132 117 124 137 108\
 124 116 125 132 127 84 117 111 99 102 109 118 112 119 111 103 111 114 119 120 155 104 115 128 119 129 131 126 119 128 133 147\
 147 136 139 127 144 139 151 152 144 184 145 185 144 192 161 162 164 160 206 195 168 184 207 182 179 216 182 187 205 199 206 182\
 207 228 183 231 227 207 223 197 199 197 218 242 242 199 239 236 247 255 265 251 279 251 278 283 281 288 293 312 293 309 316 295\
 291 306 375 320 336 355 328 368 368 363 394 351 408 426 391 390 386 355 418 411 412 406 415 427 428 480 487 458 419 485 431 502\
 502 522 509 559 571 554 564 615 602 575 642 627 643 655 673 647 686 654 714 745 711 724 756 804 836 801 848 833 850 821 964 982\
 939 980 970 969 1032 1076 1075 1092 1079 1176 1138 1140 1198 1258 1246 1277 1396 1431 1296 1381 1336 1413 1475 1468 1492 1429 1554 1513 1598 1639 1577 1612\
 1653 1716 1780 1725 1708 1708 1787 1803 1892 1897 1995 2093 2127 2244 2329 2357 2536 2726 2833 3019 3141 3514 3579 3851 4036 4358 4809 5077 5385 6036 6466 6966\
 7393 7945 8394 9075 10023 10629 11330 12142 13273 13985 14571 15522 16502 17529 18529 19382 20612 21498 22379 23653 24621 25350 26401 27454 28253 29408 30015 30521 31364 32109 32695 32721\
 33594 33930 34173 34821 35070 35185 35088 35357 35452 35943 35561 35614 36028 35737 36418 36383 36800 36605 37332 37667 37974 38675 39078 39787 39907 40504 41271 41091 42048 42357 42350 42489\
 42633 42250 41910 41223 40663 40039 39212 38186 36813 35876 34760 32497 30968 29664 27690 25938 23990 22313 20570 18991 17612 15558 14170 12802 11387 9865 8684 7816 6933 5975 5009 4290\
 3757 3226 2659 2328 1959 1594 1291 1015 824 688 586 418 383 282 237 202 137 111 82 61 56 49 35 34 23 20 17 10 14 5 5 7\
 2 7 6 5 5 3 4 1 3 4 2 4 4 3 1 0 4 0 5 3 5 1 1 2 6 1 4 4 2 3 2 3\
 4 5 4 3 5 0 3 4 1 1 1 1 4 5 0 3 0 0 0 5 4 1 1 0 1 3 3 0 5 5 5 3\
 1 0 1 1 2 2 1 2 4 1 2 2 2 1 3 4 2 1 6 2 2 4 1 2 3 2 2 2 2 4 3 3\
 0 0 2 3 2 0 4 3 3 3 5 1 2 3 2 0 1 2 1 1 3 2 1 1 0 3 4 1 1 1 1 3\
 3 0 3 0 2 1 0 2 1 2 3 1 2 0 1 1 3 1 3 4 1 0 0 2 1 5 0 2 1 1 0 2\
 0 1 0 2 1 0 0 1 1 1 1 1 0 1 0 1 1 0 0 0 1 0 0 2 0 2 3 1 2 0 1 0\
 1 1 0 1 1 1 2 1 0 1 1 0 0 0 1 0 2 1 2 0 0 1 1 0 0 0 2 0 1 1 2 0


#S 12 mca_save_point Point:11 Scan:9 Datafile:20170218
#D Sat Feb 18 16:25:11 2017
#U Epics mca: dp_vortex_xrd74:mca1
#T 300  (Seconds)
#Q 0 5.89219e-08 0.0270078
#Energy 0
#Monc 29869161 86526061
#@MCA %32C
#@CHANN 1000 0 999 1
#@CTIME 300 300 261.82
#@CALIB -48.775 5.7161 0
#N 1
#L Epics MCA
@A 0 0 0 0 0 0 0 0 0 0 0 0 0 0 0 0 0 0 0 0 0 0 0 0 0 0 0 0 0 0 0 0\
 0 0 0 0 0 0 0 0 0 0 0 0 0 0 0 0 0 0 0 0 1 0 0 0 0 0 0 0 0 0 2 0\
 0 1 1 2 1 4 1 3 4 8 6 11 14 18 14 20 22 23 26 32 22 43 36 44 55 53 52 47 46 65 48 57\
 56 58 61 55 62 62 70 62 63 56 50 53 52 51 45 88 63 56 62 54 68 55 59 76 64 61 76 65 66 48 67 61\
 54 59 77 60 62 58 59 67 55 55 53 72 53 72 65 72 69 75 63 63 65 81 87 83 91 92 93 103 99 74 82 91\
 82 91 76 73 74 78 60 82 62 60 52 52 55 48 60 45 40 42 55 51 44 47 56 52 41 55 47 48 47 45 49 52\
 61 57 45 39 42 57 46 49 47 49 49 52 50 40 57 55 49 38 56 52 43 38 41 44 32 47 47 43 34 39 52 35\
 45 45 56 43 49 36 48 38 36 45 42 44 48 39 46 47 44 48 44 40 53 48 39 45 51 59 53 45 34 47 57 43\
 54 57 47 43 49 59 39 51 50 52 51 54 50 45 43 44 40 56 48 47 49 42 63 50 47 44 55 53 58 59 51 58\
 58 57 47 42 52 54 48 63 65 55 63 50 50 49 48 69 62 61 79 69 67 66 61 68 50 56 54 53 54 68 55 55\
 62 47 56 41 49 40 40 57 52 48 48 54 50 44 47 45 56 57 50 38 44 57 45 53 50 59 49 51 41 62 43 42\
 52 55 63 54 46 58 61 43 57 61 61 48 47 54 49 56 51 52 54 53 52 62 59 61 62 62 52 47 57 62 64 56\
 39 65 49 63 53 67 65 70 57 67 83 77 89 87 74 102 98 117 112 103 116 117 116 119 114 113 125 125 127 122 122 95\
 97 99 105 90 94 78 78 71 84 69 83 78 77 83 77 75 80 83 92 98 104 114 111 147 168 181 211 232 301 345 503 511\
 640 754 872 1036 1236 1379 1535 1797 1994 2100 2295 2423 2604 2667 2654 2591 2710 2671 2683 2503 2385 2221 2020 1778 1607 1512 1264 1097 984 837 677 595\
 515 427 346 332 277 279 287 269 293 264 261 284 320 319 316 344 337 360 295 360 315 308 337 272 260 266 234 204 166 175 130 152\
 152 111 109 106 71 71 62 51 51 44 63 50 36 46 41 32 40 35 37 52 38 35 41 40 36 36 24 34 56 32 45 31\
 29 31 35 33 38 44 35 33 44 35 37 44 35 42 31 39 37 33 40 27 36 39 45 25 29 40 29 35 36 31 24 35\
 36 36 29 35 40 42 33 35 28 44 40 28 47 34 33 36 42 46 33 35 35 34 39 28 36 43 37 33 31 32 29 39\
 34 27 30 32 28 38 23 41 46 33 37 42 35 44 28 34 46 41 48 36 43 35 55 49 58 46 66 80 68 102 104 106\
 101 118 133 139 138 171 165 174 196 181 190 193 189 170 178 181 153 178 183 165 181 132 122 109 107 99 65 84 55 64 77 61\
 53 32 51 44 38 37 34 41 39 39 35 38 34 47 29 42 29 44 41 37 38 40 48 37 38 33 36 49 50 53 58 48\
 62 58 59 58 53 64 61 66 49 53 53 57 59 50 44 43 34 58 46 50 41 40 29 28 39 29 33 32 30 38 31 27\
 39 32 36 30 25 41 31 26 25 39 34 38 33 30 37 42 45 40 35 37 29 32 37 39 30 28 26 27 30 37 18 35\
 38 36 33 31 39 39 29 42 41 49 26 45 30 39 28 29 19 30 40 35 24 30 29 38 27 28 32 29 29 41 38 28\
 31 28 37 32 31 39 29 28 36 34 35 35 37 32 39 35 29 30 36 31 37 30 32 31 22 26 33 32 34 31 37 26\
 26 30 34 34 30 35 35 26 34 28 34 23 33 29 39 27 27 27 27 40 36 33 27 32 41 31 37 31 30 39 27 35\
 33 35 31 43 33 43 40 34 31 29 38 35 31 33 43 23 33 27 34 39 35 30 28 34 31 38 33 33 38 40 25 37\
 30 28 36 32 35 41 24 28 36 25 34 37 30 38 22 41 35 37 29 29 34 38 28 41 31 24 31 26 35 26 37 38\
 31 27 38 23 42 35 41 24 24 28 35 30 32 30 37 30 35 44 37 38 29 27 30 29 25 37 30 35 33 43 38 32\
 35 40 31 40 31 28 27 25 34 35 31 31 25 30 24 37 30 34 32 34 31 29 26 39 32 38 25 37 26 34 37 31\
 31 33 37 32 32 37 25 26 28 38 38 36 45 36 35 35 38 40 33 33 41 35 28 39 33 28 35 35 40 33 39 33\
 40 31 31 35 38 29 37 39 35 37 35 37 46 38 32 37 29 39 32 30 36 25 35 34 41 46 36 33 34 46 38 32\
 28 28 39 42 37 36 38 38 34 35 32 35 24 18 24 39 34 26 26 35 29 33 36 34 37 31 32 21 29 36 34 34\
 32 31 40 39 30 31 29 28 32 36 39 50 32 41 35 33 31 39 31 50 43 52 36 35 46 38 52 78 61 70 58 63\
 69 72 63 73 80 72 66 68 64 79 88 76 77 64 68 61 76 60 52 54 63 43 57 40 45 39 51 49 43 44 30 44\
 48 34 36 35 32 34 28 29 34 39 42 35 38 29 40 40 32 36 22 30 35 27 35 33 23 39 27 39 38 38 48 32\
 25 39 32 27 36 32 27 37 35 41 36 35 40 21 36 35 25 36 31 35 26 39 44 33 31 47 21 38 42 38 22 41\
 38 44 44 36 33 39 45 37 30 42 34 37 42 35 40 50 45 39 44 36 32 43 33 46 47 23 42 34 29 41 50 34\
 40 42 36 39 47 53 40 44 41 38 39 37 43 46 45 47 35 39 29 34 39 36 34 39 38 53 46 47 44 37 33 44\
 38 41 37 44 47 42 28 47 42 39 49 49 52 46 37 52 39 43 39 33 36 52 48 47 48 41 52 49 46 49 50 37\
 40 56 49 48 47 38 49 42 36 57 53 49 44 54 49 56 39 64 54 45 48 41 50 41 48 52 48 49 52 54 54 40\
 48 60 47 61 54 48 51 50 42 50 45 46 58 61 61 42 51 53 42 52 53 54 43 52 53 56 57 47 62 66 55 53\
 58 61 49 51 62 68 61 68 78 55 69 86 86 70 83 86 81 80 94 93 91 128 163 126 157 148 159 184 168 189 218 204\
 214 229 268 242 240 244 255 249 270 255 259 274 256 255 254 243 222 224 226 221 197 185 199 209 172 182 195 152 147 155 169 136\
 146 143 137 144 135 136 125 149 130 156 147 188 141 153 154 144 161 134 138 143 135 156 132 148 161 141 124 147 116 113 127 138\
 115 126 120 105 121 116 121 118 111 108 113 104 112 114 110 105 128 92 105 103 123 106 117 144 124 129 139 143 127 108 135 136\
 141 145 132 142 146 147 163 139 172 184 154 162 166 155 178 195 193 181 179 186 192 169 192 187 171 199 229 214 174 227 216 169\
 200 218 221 209 193 202 214 226 212 228 235 223 237 224 262 253 261 264 268 249 298 271 293 263 278 296 325 281 311 313 318 326\
 296 357 344 365 368 345 347 354 335 358 345 412 394 438 405 420 414 395 409 448 454 448 452 441 465 467 477 477 488 473 526 488\
 528 532 521 517 520 529 606 562 623 625 589 599 661 628 716 646 700 777 743 763 755 771 800 828 826 895 878 860 865 901 904 938\
 981 1004 970 1009 1049 1062 1065 1099 1196 1165 1200 1145 1224 1193 1292 1266 1352 1363 1416 1456 1374 1444 1427 1510 1504 1520 1557 1574 1540 1554 1605 1734\
 1715 1674 1692 1734 1774 1801 1919 1839 1920 1948 1986 2088 2168 2249 2347 2523 2608 2798 2903 3046 3173 3536 3690 3876 4185 4489 4705 5155 5610 5995 6435 6912\
 7468 8051 8638 9463 9924 10912 11496 12335 12911 13997 14804 15838 16780 18024 18789 19745 20737 21793 23145 23827 24993 25570 26516 27392 28661 29042 30650 31075 31961 32375 33389 33699\
 34128 34570 35213 35157 35598 35383 35790 35486 36249 35836 36382 36361 36340 36386 36810 37109 37236 37692 37919 38086 38814 39403 39678 40416 40852 41363 41935 42573 42578 42621 43072 43398\
 43083 42985 43034 42316 41791 40587 39830 38630 37709 36194 34837 33573 31746 29985 28299 26748 24423 22818 20944 19166 17547 15982 14364 12854 11490 10301 9078 7969 7010 6014 5248 4475\
 3751 3213 2791 2296 1968 1663 1283 1074 861 688 584 494 390 317 245 222 143 116 84 71 47 46 32 18 21 20 8 12 8 7 5 7\
 4 5 1 4 3 2 2 5 2 3 2 4 4 2 1 4 2 7 1 4 2 2 2 4 3 5 4 7 3 4 4 3\
 1 0 8 5 4 3 1 3 5 4 1 2 2 2 0 4 1 3 1 0 3 2 2 3 1 1 1 3 5 2 0 2\
 4 2 6 2 4 2 2 1 5 1 2 1 1 1 0 1 1 3 2 1 2 2 1 1 1 1 4 2 0 3 3 1\
 2 3 1 1 3 1 0 1 1 2 0 0 2 1 2 2 0 2 0 2 3 0 2 3 1 1 5 3 1 0 3 0\
 1 4 0 1 1 3 3 0 3 2 0 2 2 0 2 0 1 1 2 1 1 3 0 1 1 1 0 0 2 1 3 2\
 2 2 1 4 2 2 0 1 2 3 1 1 1 1 1 1 1 1 0 1 1 0 0 1 0 1 1 1 0 1 1 1\
 1 2 1 1 0 0 1 0 0 2 0 0 4 2 1 2 1 1 0 1 1 0 0 0 0 1 1 1 1 0 1 0


#S 13 mca_save_point Point:12 Scan:9 Datafile:20170218
#D Sat Feb 18 16:30:20 2017
#U Epics mca: dp_vortex_xrd74:mca1
#T 300  (Seconds)
#Q 0 4.88742e-08 0.0280028
#Energy 0
#Monc 29838494 86463272
#@MCA %32C
#@CHANN 1000 0 999 1
#@CTIME 300 300 262.669
#@CALIB -48.775 5.7161 0
#N 1
#L Epics MCA
@A 0 0 0 0 0 1 0 0 0 0 0 0 0 0 0 0 0 0 0 0 0 0 0 1 0 0 1 0 0 0 0 0\
 0 0 0 0 0 0 0 0 0 0 0 0 0 0 0 0 0 0 0 0 0 0 0 0 0 0 1 0 0 0 0 2\
 0 2 1 3 0 2 3 4 3 8 5 10 10 10 16 16 14 22 24 33 32 40 30 38 44 51 45 48 54 60 53 54\
 64 41 63 72 64 60 66 77 68 62 77 57 71 64 57 65 55 57 58 61 63 65 52 76 66 70 55 70 62 64 60 53\
 49 51 70 51 58 62 51 74 56 61 57 58 65 70 55 63 82 74 78 70 57 79 84 94 69 81 83 95 96 94 57 75\
 90 69 71 83 66 71 72 63 62 55 52 56 41 51 47 55 40 61 45 47 57 42 55 48 47 53 49 50 46 62 46 58\
 51 44 47 52 41 50 50 41 38 50 60 35 44 46 42 38 53 46 35 43 36 47 32 30 39 43 43 36 34 40 44 51\
 48 46 36 37 48 45 56 34 30 49 43 42 37 61 41 43 47 43 41 34 38 31 39 38 49 45 38 32 54 33 38 46\
 46 39 53 46 36 46 57 41 48 48 48 54 56 42 54 55 53 43 60 50 47 41 43 46 41 59 47 46 39 42 46 50\
 47 52 43 47 52 56 52 53 53 48 47 44 51 54 50 60 71 61 68 45 42 55 54 64 60 59 79 65 49 60 43 54\
 60 45 60 56 51 59 47 52 50 38 46 45 50 45 39 50 46 43 57 40 49 47 46 46 59 49 54 54 55 40 46 44\
 50 51 50 53 51 54 48 44 49 57 33 60 40 50 36 64 49 46 56 47 58 47 56 51 54 52 61 49 48 61 48 54\
 56 48 59 62 64 57 71 76 63 73 71 68 98 99 99 93 89 100 113 99 104 130 139 131 128 107 142 107 128 121 104 122\
 97 90 107 75 89 86 80 90 74 77 91 65 93 73 61 86 94 89 84 87 95 89 112 134 181 138 190 257 314 371 416 529\
 600 730 878 1012 1208 1323 1555 1664 1877 2076 2204 2374 2398 2566 2681 2591 2572 2511 2422 2383 2229 2088 1855 1732 1567 1483 1235 1006 952 766 644 581\
 472 409 340 337 265 279 277 274 245 247 272 290 276 273 306 305 306 315 311 303 306 302 295 251 262 237 221 179 185 175 145 110\
 85 99 77 101 61 52 67 47 50 44 42 51 37 34 42 40 44 48 31 36 23 33 33 26 37 30 42 37 39 42 46 31\
 40 33 39 36 35 29 26 36 32 32 34 38 26 34 33 39 38 34 39 30 34 37 42 36 37 36 35 42 35 41 26 47\
 34 33 37 32 31 31 38 37 39 39 39 55 24 35 40 35 32 34 29 33 24 36 46 33 46 41 28 28 24 33 30 35\
 32 40 26 46 31 37 30 32 17 33 35 42 33 32 42 28 45 40 48 37 35 24 52 40 50 52 57 69 58 76 80 87\
 103 103 112 134 133 150 174 164 165 131 176 191 196 182 172 158 146 165 178 130 145 134 94 106 74 77 75 67 71 62 70 51\
 39 41 35 45 35 47 27 35 38 19 28 41 28 37 37 26 43 30 32 40 34 46 38 36 41 42 38 53 49 56 52 54\
 54 52 55 61 50 58 44 40 54 48 57 54 61 47 40 49 41 43 55 34 31 31 32 37 26 37 27 26 34 39 28 32\
 37 21 35 34 32 33 30 25 40 32 32 22 33 35 35 25 35 34 30 21 30 33 26 21 42 40 34 37 26 22 37 29\
 38 39 33 42 33 26 29 35 28 28 28 27 36 30 26 34 38 33 34 29 27 30 37 26 28 21 36 33 35 31 38 31\
 27 45 41 37 34 35 43 37 30 27 26 38 33 36 34 38 27 31 31 22 28 27 33 37 34 40 43 24 34 41 32 39\
 35 29 25 29 28 32 31 29 40 29 33 27 32 35 46 29 42 30 26 27 24 28 34 38 33 20 27 29 33 35 42 40\
 32 29 35 29 23 33 38 22 38 33 34 34 33 35 33 32 37 29 33 43 34 25 31 29 33 36 35 22 27 35 29 20\
 27 44 24 30 26 31 31 26 38 27 30 24 33 35 41 30 34 21 27 33 33 31 41 48 25 27 48 31 33 27 30 29\
 24 43 23 26 26 23 36 34 40 33 32 37 27 32 33 20 32 37 35 39 34 22 37 40 39 44 31 38 47 34 35 46\
 32 30 35 25 37 33 36 36 38 40 31 38 36 30 32 37 26 32 23 32 36 31 33 36 31 32 36 29 30 32 17 28\
 35 29 25 34 23 32 31 22 27 44 45 29 30 32 35 29 30 29 34 37 30 44 51 28 30 35 36 28 40 35 37 33\
 42 25 34 36 35 43 35 45 39 43 41 43 41 34 34 31 36 38 50 42 39 46 39 35 34 26 41 28 41 37 30 49\
 33 35 29 34 34 32 31 38 37 30 36 29 29 35 28 31 34 36 23 33 33 36 38 31 39 25 26 30 37 33 24 36\
 26 33 35 36 24 35 38 32 31 38 34 30 38 31 38 38 53 37 49 45 48 72 72 71 75 80 83 82 94 106 107 114\
 109 123 117 154 123 128 133 138 174 129 124 140 113 144 125 128 118 97 89 100 92 88 81 75 87 70 50 60 62 39 45 48\
 51 43 43 37 46 49 38 40 28 27 38 36 38 29 46 27 42 31 41 25 42 43 27 32 47 32 33 40 34 22 30 30\
 43 30 31 38 34 31 32 26 33 33 42 44 40 37 34 32 32 34 37 37 43 38 35 41 28 37 42 31 39 35 34 50\
 26 41 34 40 31 37 52 33 34 45 36 31 32 46 41 37 41 52 58 35 44 54 52 40 52 44 45 47 52 50 44 51\
 50 41 64 57 47 44 44 55 37 46 40 43 41 47 52 36 36 41 51 42 51 25 51 39 40 34 37 44 37 38 40 32\
 49 43 35 31 40 40 41 32 44 36 33 27 40 41 55 37 34 38 39 41 35 39 39 42 50 49 48 43 36 38 44 45\
 48 44 46 37 50 41 46 58 62 51 37 41 56 49 39 37 50 53 46 40 36 52 45 60 50 46 37 39 46 53 41 51\
 40 43 33 38 40 50 45 46 51 48 46 55 66 42 57 42 57 56 49 47 61 55 54 45 56 59 56 48 55 44 51 56\
 57 51 50 54 54 55 46 66 63 64 69 63 82 83 87 93 101 90 100 113 84 127 138 155 159 144 141 159 184 204 192 184\
 227 226 228 221 238 236 265 268 235 283 239 255 240 267 274 251 232 225 228 216 240 194 188 192 177 164 166 150 166 150 161 154\
 144 137 155 148 140 142 116 124 141 136 124 126 137 137 136 130 145 126 146 140 128 120 138 124 118 139 130 117 111 108 126 115\
 114 138 106 113 119 102 101 103 112 121 110 132 120 120 123 106 114 112 114 122 106 128 115 108 119 125 135 114 130 139 138 145\
 122 156 150 143 144 143 147 160 146 138 168 142 141 162 175 179 175 186 180 191 182 168 187 222 206 194 161 185 194 181 202 190\
 193 208 180 196 232 200 211 213 210 235 256 236 212 229 211 277 240 256 248 277 258 265 278 279 313 288 291 298 301 294 311 366\
 355 324 350 323 353 365 352 333 377 367 378 373 379 381 366 385 368 378 367 393 403 415 424 428 449 462 466 470 461 495 494 502\
 516 512 508 565 532 567 567 563 598 553 601 619 650 598 619 656 733 663 724 743 743 741 741 819 815 783 805 825 890 906 932 883\
 905 984 950 952 1018 997 1092 1065 1073 1130 1130 1114 1102 1200 1303 1236 1278 1290 1338 1301 1354 1427 1415 1405 1479 1539 1569 1483 1531 1618 1531 1561\
 1615 1624 1667 1643 1636 1830 1816 1868 1908 1896 2026 2043 2177 2121 2306 2363 2434 2656 2714 3021 3151 3353 3548 3758 4148 4357 4687 4950 5417 5851 6158 6662\
 7394 7793 8433 9120 9613 10460 11009 11934 12569 13590 14357 15382 16215 17096 18208 19228 20066 21165 22178 23390 24598 25161 25871 27036 27852 28669 29773 30659 31171 31616 32028 32541\
 32997 33533 34124 34225 34393 34526 34838 35137 35033 35139 35390 35471 35721 35693 35697 35858 36477 36782 36792 37374 37573 37963 38887 39026 39580 40553 40818 41425 41080 41689 42124 42212\
 41958 41717 41222 41046 40716 40034 38860 37546 36677 35426 33928 32379 30662 29070 27441 25726 23742 22021 20655 18740 17273 15390 13889 12580 11089 10087 8724 7728 6700 5807 4963 4281\
 3710 3118 2765 2204 1868 1530 1292 1074 851 722 525 452 364 287 232 196 142 93 70 71 48 42 36 22 22 16 15 8 10 7 11 10\
 4 3 6 3 1 6 3 4 1 3 4 6 0 4 4 2 0 0 2 3 6 3 4 3 3 2 2 3 3 0 1 1\
 2 1 2 5 1 1 2 1 1 2 3 0 2 0 3 2 4 3 4 2 1 4 3 4 4 3 3 5 2 0 1 3\
 5 3 2 0 3 2 1 2 0 1 1 3 1 0 1 4 2 1 3 3 1 1 1 1 1 0 0 1 2 4 2 2\
 1 2 2 1 2 1 0 2 3 0 0 0 3 2 1 0 0 0 1 2 2 1 0 1 0 2 0 1 1 2 0 3\
 3 0 1 1 1 1 0 0 2 0 1 0 0 2 0 1 2 1 3 2 0 3 0 0 0 1 1 0 1 1 1 0\
 1 0 1 1 1 2 0 0 2 0 2 0 0 0 1 1 1 0 0 3 0 0 0 1 1 0 1 1 0 0 1 0\
 1 0 1 0 1 1 1 2 1 1 0 0 0 0 2 0 0 1 2 1 1 1 1 1 1 1 1 2 1 0 1 0


#S 14 mca_save_point Point:13 Scan:9 Datafile:20170218
#D Sat Feb 18 16:35:29 2017
#U Epics mca: dp_vortex_xrd74:mca1
#T 300  (Seconds)
#Q 0 8.8623e-08 0.0290156
#Energy 0
#Monc 29911575 86567104
#@MCA %32C
#@CHANN 1000 0 999 1
#@CTIME 300 300 262.956
#@CALIB -48.775 5.7161 0
#N 1
#L Epics MCA
@A 0 0 0 0 0 0 0 0 0 0 0 0 0 0 0 0 0 0 0 0 0 0 0 0 0 0 0 0 0 0 0 0\
 0 0 0 0 0 0 0 0 0 0 0 0 0 0 0 0 0 0 0 0 0 0 0 0 0 0 0 1 0 0 0 0\
 1 1 3 2 3 1 4 8 5 1 6 6 15 17 14 16 23 20 24 31 32 39 30 46 53 45 43 55 46 46 52 64\
 49 53 54 65 54 61 53 65 49 71 79 66 71 63 53 72 64 50 64 54 49 66 49 54 56 69 63 62 62 70 51 54\
 69 46 72 60 66 52 56 71 64 60 51 60 71 49 54 53 69 56 71 70 78 76 81 82 90 86 106 79 79 95 72 66\
 92 78 81 64 63 75 68 58 47 59 62 52 52 51 53 64 46 48 43 41 61 53 52 46 55 53 44 37 45 55 44 51\
 50 34 53 59 61 46 33 51 52 47 56 48 53 32 48 52 45 30 39 47 43 43 32 42 38 56 44 45 37 44 38 42\
 37 52 52 38 54 45 50 40 43 41 40 33 39 49 42 36 55 39 37 44 39 30 42 34 40 38 68 44 39 52 51 35\
 43 41 44 43 49 52 56 51 40 53 56 59 45 39 50 44 40 31 57 43 54 48 46 52 45 48 50 51 35 49 42 52\
 49 43 54 48 58 46 41 45 50 56 67 65 59 51 57 53 72 67 58 68 50 59 49 52 60 56 40 45 50 47 44 44\
 60 45 55 64 46 45 50 51 48 55 49 40 41 37 57 58 46 46 42 57 48 51 47 46 54 51 45 55 39 57 52 47\
 43 43 49 47 60 55 51 57 56 48 48 56 54 41 45 45 48 50 49 47 47 48 55 46 56 48 53 54 54 56 48 53\
 46 64 58 67 58 62 58 72 74 65 86 56 82 84 83 91 102 80 92 132 133 122 122 128 117 111 120 123 91 102 92 99\
 97 79 102 92 69 89 84 82 84 81 87 63 79 70 75 64 80 94 99 95 106 120 121 118 134 179 195 215 275 345 409 507\
 551 734 876 976 1130 1314 1551 1670 1824 2029 2119 2395 2511 2607 2488 2639 2554 2601 2495 2314 2156 2037 1860 1668 1550 1400 1170 1006 923 739 638 545\
 507 401 362 318 298 282 275 246 244 246 276 290 293 284 340 301 372 335 323 329 324 299 277 276 258 236 198 197 198 149 143 140\
 115 109 77 90 69 74 72 53 50 51 49 45 34 33 40 44 39 35 45 31 44 35 37 34 30 35 31 36 28 42 33 30\
 35 38 34 35 29 39 30 43 32 27 29 30 29 40 39 27 42 43 37 29 34 41 45 37 30 31 30 47 39 42 40 22\
 35 23 44 36 39 29 40 33 34 42 36 34 33 32 40 36 44 29 48 47 33 41 37 32 35 45 40 35 29 34 27 45\
 32 37 35 29 39 31 35 41 29 30 39 42 39 35 30 38 44 37 34 27 41 47 44 51 54 60 50 60 71 58 93 95\
 113 116 118 126 138 139 154 167 171 156 161 152 190 176 168 173 165 153 131 134 125 114 100 108 96 76 78 73 59 58 69 36\
 39 35 47 46 35 32 26 37 27 40 29 34 36 35 46 33 25 28 35 38 35 45 36 39 33 44 51 55 39 53 43 44\
 58 50 40 55 56 51 42 61 55 40 44 52 43 53 39 46 35 44 25 34 41 25 39 38 42 40 29 34 30 35 23 26\
 38 36 29 30 32 36 28 33 40 32 29 27 29 37 32 30 31 40 43 35 38 35 29 30 40 34 28 33 28 30 34 33\
 30 25 17 30 31 27 43 33 25 28 34 31 32 45 34 29 30 32 21 25 28 38 26 30 40 29 25 28 45 46 40 37\
 26 26 31 26 29 30 34 37 31 25 27 39 27 39 28 40 41 25 32 36 34 38 28 24 20 32 37 23 22 33 41 44\
 32 32 32 28 27 28 30 35 25 31 38 34 37 29 30 29 32 34 34 29 35 31 37 35 42 32 25 23 36 29 25 30\
 28 29 33 36 31 42 26 22 41 35 29 22 35 33 25 39 30 38 35 28 23 29 30 34 34 35 29 30 35 28 35 41\
 24 34 26 27 30 23 33 30 30 23 35 28 28 25 35 27 30 29 25 42 28 39 35 40 29 29 31 25 25 31 30 31\
 33 27 28 23 35 36 34 36 28 30 30 41 39 37 39 28 29 35 29 31 39 28 41 37 31 31 28 24 25 30 36 32\
 25 39 28 29 32 35 35 36 26 28 30 26 32 31 35 31 20 26 26 24 31 27 32 45 27 37 28 20 26 30 30 37\
 24 36 33 41 27 34 24 28 32 33 29 24 32 31 39 28 26 26 31 36 40 25 33 37 26 35 31 31 34 27 23 25\
 38 39 44 40 27 40 28 35 29 40 36 44 42 44 38 45 37 38 36 35 31 30 31 30 34 40 36 29 39 31 33 25\
 36 37 36 32 37 41 36 28 31 29 33 22 28 27 36 13 26 35 29 36 24 35 38 25 35 28 28 35 32 36 41 37\
 30 27 37 35 25 41 25 29 40 40 47 31 41 43 30 44 40 46 43 50 49 65 56 63 58 82 69 87 89 100 91 111\
 103 123 120 135 137 126 123 138 153 138 152 145 143 126 115 146 113 96 104 83 92 68 80 85 67 69 61 57 51 51 42 52\
 40 47 31 29 52 30 32 37 20 38 32 37 40 29 43 24 43 42 25 35 32 27 43 41 28 25 40 42 29 33 34 29\
 33 33 38 26 21 44 30 29 28 36 38 32 38 31 32 41 28 35 35 21 35 36 30 39 36 28 32 37 31 32 31 35\
 40 28 31 41 35 37 38 35 31 48 38 42 36 43 42 51 35 44 50 52 62 49 53 49 52 38 62 52 41 50 46 48\
 65 39 41 52 52 54 40 53 47 47 48 52 27 41 46 43 54 37 42 36 39 41 43 30 35 35 38 30 57 37 40 40\
 38 43 39 24 49 35 34 39 37 47 42 39 42 45 39 52 36 56 39 37 30 35 45 47 50 38 37 39 51 46 59 37\
 41 42 44 54 48 52 36 55 41 48 38 48 46 45 37 54 56 51 57 51 45 41 45 43 44 39 39 44 37 52 38 52\
 46 51 49 64 49 44 42 60 55 50 47 49 51 43 67 45 41 46 53 61 51 56 52 59 49 49 62 57 55 52 60 59\
 58 52 64 51 55 69 69 63 67 59 53 67 79 83 80 82 89 96 91 114 109 126 127 123 157 151 154 154 156 179 193 203\
 212 187 211 235 250 227 248 294 253 251 249 256 252 269 243 244 253 243 212 216 203 220 197 198 182 191 180 170 135 167 167 140\
 155 138 120 151 160 149 124 153 124 137 138 134 144 133 117 131 132 141 142 111 139 130 133 130 113 125 116 122 115 109 108 112\
 117 112 110 107 95 124 130 111 110 113 108 114 107 107 109 118 115 108 116 92 105 121 116 132 119 120 144 132 137 121 140 133\
 122 141 124 152 138 148 161 140 149 145 174 154 179 185 151 153 158 173 176 155 165 190 182 179 166 173 204 166 179 193 190 197\
 199 185 187 186 204 193 227 218 201 217 213 228 203 224 221 236 249 272 260 272 277 279 278 286 282 281 291 292 309 317 289 315\
 299 337 316 308 333 310 342 339 333 337 367 370 327 387 382 370 391 372 378 378 398 402 428 463 421 441 463 466 468 481 451 512\
 518 559 518 511 484 519 563 530 583 613 618 585 611 666 612 686 648 708 709 712 716 726 760 763 819 798 850 813 820 880 863 946\
 857 951 942 996 1032 1008 1040 1069 1066 1090 1093 1139 1153 1262 1246 1306 1274 1289 1358 1287 1393 1360 1401 1447 1487 1490 1465 1565 1544 1521 1594 1627\
 1679 1703 1651 1751 1681 1830 1743 1880 1849 1860 1880 2027 2119 2178 2242 2355 2480 2549 2756 2945 3113 3290 3389 3771 4105 4223 4593 4907 5420 5799 6288 6722\
 7348 7769 8482 8984 9576 10338 10970 11999 12539 13288 14479 15386 16192 16821 17868 18883 20040 21109 22152 22895 23673 25245 26047 26751 27643 28854 29143 29871 30684 31928 32048 32345\
 33154 33315 33687 34127 34221 34493 34626 34760 34899 34810 35214 35644 35161 35354 35676 35816 35963 36434 36816 37230 37812 38495 38512 39035 39269 40133 40218 40908 40939 41690 41351 41760\
 41417 41222 41402 40935 40243 39766 38694 37726 36800 35107 33728 32129 30715 28913 27216 25596 23651 21988 20634 18477 17028 15553 13858 12577 11054 9901 8746 7524 6840 5811 4999 4437\
 3662 3191 2569 2267 1820 1552 1292 1023 872 689 545 431 362 316 225 176 146 110 83 67 64 38 46 29 31 14 15 12 9 8 11 9\
 9 3 4 3 6 6 3 3 2 2 1 2 0 3 3 2 1 5 2 3 4 3 2 2 6 2 2 2 1 3 3 1\
 2 2 1 3 0 2 4 3 4 2 2 0 3 4 5 0 3 1 3 3 2 2 3 0 1 2 0 3 6 2 1 1\
 3 1 3 2 2 1 2 5 4 2 3 5 1 2 3 2 6 0 3 3 0 1 0 1 0 1 4 1 4 3 2 1\
 0 1 3 2 2 0 3 2 0 1 2 1 2 4 2 0 0 2 1 1 1 7 3 1 4 1 1 1 4 2 1 1\
 1 0 1 0 2 3 1 3 0 1 1 3 2 2 0 0 0 1 0 1 0 0 1 2 1 2 3 1 2 0 0 1\
 1 0 1 1 0 2 2 1 2 0 1 0 1 0 0 0 1 0 0 0 0 1 2 1 1 1 1 2 1 0 1 0\
 1 0 0 1 0 0 0 0 0 0 0 0 1 1 4 0 1 1 3 0 0 0 0 2 1 0 1 1 2 0 0 2


#S 15 mca_save_point Point:14 Scan:9 Datafile:20170218
#D Sat Feb 18 16:40:38 2017
#U Epics mca: dp_vortex_xrd74:mca1
#T 300  (Seconds)
#Q 0 -2.61583e-08 0.0299752
#Energy 0
#Monc 30184960 86501155
#@MCA %32C
#@CHANN 1000 0 999 1
#@CTIME 300 300 262.628
#@CALIB -48.775 5.7161 0
#N 1
#L Epics MCA
@A 0 0 0 0 0 0 0 0 0 0 0 0 0 0 0 0 0 0 0 0 0 0 0 0 0 0 0 0 0 0 0 0\
 0 0 0 0 0 0 0 0 0 0 0 0 0 0 0 0 0 0 0 0 0 0 0 0 0 0 0 0 0 0 3 1\
 0 3 0 2 3 4 4 4 8 2 8 10 15 8 22 25 20 31 24 35 35 42 45 37 42 51 39 53 59 62 64 51\
 54 43 51 50 60 54 64 57 61 58 41 55 60 57 57 54 73 62 74 53 58 63 61 65 55 67 70 45 53 57 56 72\
 68 61 56 70 67 59 59 59 61 62 50 56 59 62 55 74 69 67 68 83 82 95 93 97 79 88 82 90 99 81 94 88\
 78 72 99 77 68 62 65 70 67 66 52 50 45 55 51 47 71 51 48 61 67 63 58 57 61 60 46 44 59 61 65 74\
 34 48 61 47 54 55 56 45 55 60 48 33 47 54 48 41 57 39 48 48 54 50 47 47 32 43 35 38 57 43 46 46\
 52 39 46 45 35 38 40 49 59 32 40 48 45 44 54 28 45 41 45 30 44 42 53 42 49 38 45 44 48 52 46 55\
 62 50 43 41 55 48 57 50 50 62 48 50 51 51 45 39 54 41 57 58 52 50 50 55 45 42 49 52 47 49 34 48\
 56 56 51 51 47 43 59 38 49 45 53 53 63 46 50 58 70 69 67 55 59 64 44 56 59 53 64 57 44 60 50 64\
 48 52 62 44 39 42 63 41 40 56 47 53 56 31 46 43 56 48 58 48 63 49 60 46 54 47 52 49 43 54 50 49\
 51 47 56 48 47 45 42 74 43 61 62 54 46 48 70 52 47 43 51 62 52 51 41 50 56 60 49 61 54 58 57 56\
 62 73 70 56 69 41 75 61 66 66 76 68 83 77 94 92 83 91 115 106 120 113 122 114 108 131 113 129 130 114 120 92\
 90 84 86 81 98 81 66 81 62 76 71 75 69 64 97 76 78 95 100 98 93 110 120 124 144 165 195 272 302 353 383 514\
 608 746 866 1020 1114 1300 1534 1637 1888 1955 2277 2415 2446 2606 2575 2583 2608 2589 2457 2376 2178 2071 2072 1695 1587 1429 1272 1024 942 790 662 543\
 504 440 359 290 282 254 267 263 275 241 270 308 287 310 285 300 327 322 299 326 337 307 297 239 242 245 244 190 196 163 158 120\
 129 99 97 96 81 78 66 59 50 39 49 42 56 44 41 32 36 42 39 39 33 31 44 40 54 54 24 36 29 49 40 36\
 29 33 31 35 41 40 23 28 31 54 41 27 37 33 34 33 26 45 34 35 38 47 41 35 30 37 41 41 35 45 33 29\
 33 35 38 40 35 37 37 37 39 26 39 26 30 41 33 39 45 40 46 41 45 34 27 28 42 46 34 29 39 30 41 41\
 35 38 39 38 41 34 34 35 30 48 39 43 38 35 33 27 36 36 38 45 35 37 49 58 51 47 69 75 72 77 66 105\
 98 124 102 129 127 157 169 159 155 158 162 156 169 154 178 173 142 127 142 137 126 121 104 86 77 81 75 72 66 56 50 47\
 50 46 35 56 27 29 33 28 41 31 43 38 45 35 24 51 33 32 38 39 37 38 37 45 43 44 43 42 36 46 56 48\
 51 52 40 53 39 34 50 35 45 47 52 44 35 48 27 46 24 39 38 39 36 23 47 36 43 34 32 36 27 28 31 34\
 28 26 31 31 23 27 29 26 30 24 18 34 26 28 25 32 32 32 28 23 32 36 35 26 27 29 38 33 28 34 29 38\
 34 29 27 29 26 39 36 35 43 29 25 33 35 29 36 28 42 33 30 24 31 29 39 34 34 27 34 27 27 28 26 30\
 33 35 31 26 36 33 36 25 42 35 21 26 36 31 32 29 29 36 25 29 23 39 25 30 37 32 32 27 28 30 36 43\
 34 25 34 23 31 29 33 32 48 27 39 33 37 28 33 35 33 37 33 41 32 32 27 28 33 35 36 23 39 26 34 36\
 30 26 33 28 32 32 29 36 32 31 27 31 28 32 40 37 28 40 26 26 37 18 34 43 38 29 32 35 28 28 32 21\
 33 27 37 40 24 23 27 32 39 34 36 29 27 34 29 34 27 22 34 25 31 41 31 38 35 32 26 37 38 38 34 26\
 30 28 36 41 32 28 25 38 40 34 30 29 39 36 37 35 27 30 31 35 48 32 26 38 25 35 33 19 33 34 41 41\
 30 45 19 32 40 28 29 29 30 37 43 27 27 28 24 24 34 42 42 35 38 35 34 28 33 35 30 36 32 44 36 31\
 27 29 35 33 41 28 38 31 36 27 35 32 32 35 19 31 29 31 33 37 27 31 23 38 34 31 26 38 36 36 31 26\
 46 33 31 38 23 39 18 37 36 48 30 40 41 52 31 28 38 43 43 35 33 35 36 42 40 32 42 39 37 45 33 34\
 28 31 30 36 34 32 38 23 33 33 35 33 30 27 21 30 39 35 33 25 36 26 33 32 36 30 36 29 33 33 40 31\
 26 36 34 41 33 40 29 37 38 31 36 37 32 39 41 48 39 38 52 49 52 46 56 47 51 71 70 71 87 79 80 77\
 85 86 98 99 101 102 83 123 102 82 86 94 103 87 94 84 95 64 87 65 71 76 53 60 53 47 53 62 49 42 52 51\
 39 33 40 35 40 37 21 28 37 33 50 28 37 28 28 28 37 40 37 30 37 34 39 43 30 40 36 32 23 40 34 26\
 33 40 36 28 43 23 27 32 52 30 34 39 27 40 36 34 36 32 41 21 53 36 38 28 52 51 37 30 37 47 44 40\
 33 34 30 37 39 33 29 39 31 32 31 50 36 44 45 46 49 54 40 38 43 46 39 53 50 40 33 42 28 46 62 52\
 41 36 39 42 60 40 41 49 44 31 39 50 37 42 41 36 41 35 37 37 37 32 38 31 41 45 44 47 40 43 39 36\
 41 47 49 33 39 41 43 39 50 30 36 43 35 39 37 55 33 48 45 41 42 46 42 41 37 54 44 48 44 38 47 42\
 59 36 49 40 44 33 45 61 38 39 55 40 49 46 43 44 39 37 43 56 31 44 53 46 46 44 45 51 60 45 39 51\
 42 52 43 46 42 57 46 46 50 46 46 48 53 41 51 59 59 57 58 61 62 50 56 36 60 47 49 43 57 56 57 56\
 54 69 56 70 75 64 82 55 74 70 68 65 77 77 80 91 80 99 87 106 114 128 121 132 127 158 163 166 215 181 222 202\
 237 223 227 222 252 244 265 248 251 287 283 263 266 263 274 267 246 231 227 245 222 217 217 189 204 177 177 170 169 155 154 157\
 154 133 137 129 130 160 130 132 157 155 149 140 137 126 121 145 162 122 125 139 130 107 164 126 130 137 127 124 136 125 134 118\
 124 127 108 108 112 106 118 118 108 107 101 110 94 107 100 116 105 114 119 107 105 138 108 124 127 128 120 116 121 128 142 134\
 129 153 139 137 129 158 155 135 182 146 157 156 157 168 149 173 175 195 173 163 174 176 172 186 199 174 176 195 159 197 192 209\
 223 209 190 218 209 221 190 212 233 235 250 243 220 257 250 259 254 257 259 262 254 286 290 259 301 289 287 290 316 319 294 283\
 307 346 301 346 365 325 349 355 366 393 358 378 387 401 375 408 388 404 417 395 451 447 401 474 429 454 454 417 504 476 538 492\
 544 532 494 536 524 568 558 549 577 618 614 665 600 682 663 659 673 715 727 737 759 707 755 762 828 769 844 878 874 880 874 889\
 931 983 975 1038 1052 1074 1080 993 1135 1135 1198 1184 1207 1184 1265 1267 1298 1375 1356 1357 1318 1382 1529 1430 1405 1482 1557 1505 1620 1534 1626 1620\
 1578 1675 1717 1702 1748 1795 1815 1783 1817 1969 1968 2057 2087 2308 2319 2362 2564 2663 2815 3034 3110 3367 3602 3809 3999 4381 4633 5014 5496 5886 6274 6673\
 7260 7902 8509 9074 9897 10513 11250 11835 12702 13685 14646 15656 16379 17266 18321 19455 20075 21437 22410 23493 24386 25656 26186 27152 28150 29203 29745 30523 31361 32243 32540 33075\
 33799 33855 34311 35000 34921 35266 35111 35654 35811 35572 35699 35965 35792 36192 36345 36752 37047 37184 37328 38005 38821 38732 39093 39999 40442 40962 41226 41762 42262 42549 42635 42784\
 42649 42068 42227 41827 41344 40646 39219 38407 37069 36168 34592 33035 31562 29876 28126 26045 23974 22689 20828 18994 17359 16063 14427 12687 11218 10033 9036 7814 6859 5876 5047 4592\
 3754 3217 2798 2253 1829 1551 1387 1064 854 692 628 509 417 292 236 185 144 129 99 82 60 44 33 27 15 20 16 12 3 9 11 9\
 2 3 2 2 6 4 2 4 5 3 5 3 2 2 2 5 4 2 1 4 1 3 1 1 2 0 7 4 3 3 0 3\
 5 2 2 3 5 1 3 1 4 1 1 4 1 2 2 2 3 4 1 3 2 1 2 3 4 0 3 2 3 1 2 1\
 1 3 2 2 0 0 3 1 1 1 2 0 3 3 2 2 3 1 0 5 2 1 1 1 0 3 3 3 1 1 0 3\
 2 2 3 1 3 1 1 1 1 2 3 1 1 2 0 5 0 0 5 4 5 1 3 1 2 1 2 1 2 0 0 1\
 2 1 0 3 1 1 0 3 1 2 1 0 1 1 0 3 0 2 0 2 0 2 3 1 2 0 3 2 2 2 1 1\
 1 0 2 1 1 0 2 1 0 2 2 1 1 1 1 1 1 0 0 2 2 0 1 1 2 0 2 1 1 1 1 0\
 1 0 0 1 2 0 1 3 0 0 0 2 0 0 0 3 1 0 0 0 1 0 0 1 0 1 0 2 0 1 1 0

