#F ./vortex/20170218_34_mca
#E 1487567983
#D Sun Feb 19 23:19:43 2017
#C surf  User = epics

#C Saving MCA data for Scan:34 in Datafile:20170218

#S 1 mca_save_point Point:0 Scan:34 Datafile:20170218
#D Sun Feb 19 23:19:43 2017
#U Epics mca: dp_vortex_xrd74:mca1
#T 200  (Seconds)
#Q 0 6.97569e-09 0.0159871
#Energy 0
#Monc 20286458 56202645
#@MCA %32C
#@CHANN 1000 0 999 1
#@CTIME 200 200 186.87
#@CALIB -48.775 5.7161 0
#N 1
#L Epics MCA
@A 0 0 0 0 0 0 0 0 0 0 0 0 0 0 0 0 0 0 0 0 0 0 0 0 0 0 0 0 0 0 0 0\
 0 0 0 0 0 0 0 0 0 0 0 0 0 0 0 0 0 0 0 0 0 0 0 0 0 0 0 0 0 0 0 0\
 0 0 0 0 0 0 0 0 0 0 0 0 0 0 0 0 0 0 1 1 1 1 0 0 0 1 0 0 1 0 0 0\
 0 0 0 0 0 0 1 1 0 1 1 0 0 0 0 2 0 1 0 0 0 1 0 0 0 0 0 2 1 0 1 1\
 0 0 0 0 0 0 0 0 1 0 0 0 1 0 0 0 1 0 0 1 0 0 0 0 1 1 0 0 2 0 1 0\
 0 0 0 0 0 0 0 1 1 0 0 0 0 0 1 1 1 1 1 1 0 0 1 0 0 0 1 0 1 1 0 0\
 1 0 0 0 1 1 0 0 0 1 2 0 0 0 0 1 0 0 0 0 1 0 0 0 0 0 0 1 0 1 1 0\
 0 0 2 0 1 1 0 0 0 0 1 0 1 0 1 0 0 0 1 0 0 0 0 0 1 0 0 0 2 1 1 0\
 0 0 2 0 0 2 0 2 0 0 0 0 1 0 0 0 0 0 0 0 0 0 0 0 0 1 0 0 1 0 1 0\
 1 0 0 0 0 0 1 0 0 0 1 0 0 0 1 0 0 1 0 0 1 2 0 0 0 0 0 0 0 2 0 0\
 1 0 1 0 1 0 0 0 1 0 0 0 0 0 0 0 0 0 0 0 0 0 0 0 0 0 1 0 0 0 0 0\
 0 0 0 1 0 0 1 0 0 0 1 0 0 0 1 0 0 0 0 0 0 0 0 0 0 0 0 1 0 0 0 1\
 1 0 1 0 0 0 0 0 0 0 0 0 0 0 0 0 1 2 0 0 2 0 0 0 0 1 0 2 0 0 0 0\
 0 0 0 0 0 0 3 1 0 0 1 0 1 0 1 1 1 0 0 0 0 0 1 2 0 4 0 0 2 1 2 0\
 2 3 5 4 2 2 3 5 6 5 5 4 5 5 14 1 8 5 8 4 3 3 6 5 4 5 5 3 6 1 3 3\
 2 1 0 0 0 1 0 0 0 0 0 0 2 0 1 2 1 0 3 1 3 1 1 4 1 0 1 0 1 1 1 3\
 5 6 3 6 4 9 0 5 3 1 6 6 4 7 7 4 4 7 7 7 4 1 1 4 1 1 1 2 0 0 0 1\
 0 0 0 1 2 1 0 3 2 1 2 1 0 0 1 0 2 0 0 1 0 0 1 1 1 1 0 1 2 2 1 0\
 0 0 1 0 0 0 0 0 0 0 0 0 1 0 0 0 0 0 0 0 0 0 0 0 0 0 0 0 0 0 0 2\
 0 1 1 0 1 2 1 0 0 0 1 1 1 0 0 0 0 0 0 2 3 1 0 0 4 5 5 5 4 6 7 9\
 7 10 7 21 10 15 13 14 19 16 17 13 18 21 14 26 13 16 8 18 9 9 19 6 12 7 3 6 3 7 1 4\
 4 0 0 0 1 1 0 0 0 0 2 0 1 2 0 0 1 1 0 0 2 1 1 0 3 0 0 4 3 1 2 4\
 1 1 1 2 2 4 1 1 0 1 5 1 2 5 1 3 0 1 1 2 0 0 0 2 0 0 1 0 1 0 0 0\
 0 0 0 1 0 1 0 0 0 0 0 0 0 0 0 0 0 0 0 0 0 0 0 0 0 0 0 0 1 0 0 0\
 0 0 0 0 0 0 1 0 0 0 0 0 0 1 0 1 0 0 0 1 0 0 0 0 1 0 0 0 0 0 0 0\
 0 0 1 0 0 0 0 2 0 0 0 0 0 0 0 0 0 0 0 0 0 0 0 0 1 0 0 0 0 1 0 0\
 0 0 0 0 0 0 0 0 0 0 0 1 0 0 0 0 0 0 0 1 0 0 0 0 0 0 0 0 0 0 0 0\
 0 0 0 0 0 0 1 0 0 0 2 0 0 0 0 0 0 0 0 0 0 1 0 0 0 0 0 0 0 0 0 0\
 0 0 0 2 0 0 0 0 0 0 0 0 0 0 0 0 0 1 0 1 0 0 0 0 0 0 0 0 0 0 0 0\
 0 0 0 0 0 1 0 0 0 1 1 0 0 1 0 0 1 0 1 1 2 0 0 1 0 0 1 0 1 1 0 0\
 1 0 0 0 0 0 0 0 0 0 0 1 0 0 0 0 0 0 0 1 0 0 0 0 1 1 0 1 0 1 0 0\
 0 0 0 0 0 0 0 0 0 0 0 0 0 0 0 2 0 1 0 0 0 1 0 0 0 1 0 0 0 0 0 1\
 0 0 1 0 0 0 0 0 0 0 0 0 0 0 1 0 1 0 1 0 0 0 0 0 1 1 0 0 1 1 0 0\
 0 0 0 1 0 0 1 0 0 0 1 0 0 2 0 0 0 0 0 1 1 0 0 0 1 0 0 0 0 0 0 0\
 0 0 0 0 0 0 1 0 1 0 1 0 0 0 0 0 0 0 0 0 0 1 0 1 0 1 0 0 0 0 0 0\
 0 0 0 0 0 0 0 0 0 0 0 0 0 0 0 2 0 0 0 0 0 0 0 1 0 0 0 0 0 0 1 0\
 1 0 1 0 0 0 0 0 0 0 0 0 0 0 0 0 0 0 0 0 1 0 0 0 0 0 0 0 0 0 0 0\
 1 0 0 0 0 0 0 0 0 0 0 0 0 0 1 0 0 1 0 0 0 0 0 0 0 0 0 0 0 1 0 0\
 0 0 0 0 0 0 1 1 0 0 0 0 0 0 1 1 0 0 0 0 0 0 0 0 0 0 1 0 0 0 0 0\
 0 0 0 0 1 0 1 0 0 0 1 0 0 0 0 0 0 0 0 0 0 0 0 0 0 0 0 0 0 0 0 1\
 0 0 0 0 0 0 0 0 0 0 1 0 0 0 0 0 0 0 1 0 0 0 0 0 0 0 1 0 0 0 0 0\
 0 2 0 0 0 0 0 0 0 0 0 0 0 0 1 0 0 0 0 0 1 0 0 1 0 0 1 0 0 2 1 0\
 0 0 0 0 0 0 0 0 0 1 0 0 1 0 0 0 0 0 0 0 0 0 0 0 1 0 1 0 1 0 0 1\
 0 1 0 1 0 0 0 1 0 1 1 1 1 0 0 1 0 1 0 0 1 1 0 1 1 2 0 1 1 1 1 4\
 2 1 3 2 2 2 1 3 4 2 1 1 2 1 2 2 1 2 1 3 1 1 1 1 1 0 3 3 0 3 0 0\
 0 0 1 1 0 1 1 1 4 1 2 2 2 0 3 0 1 2 0 3 0 0 1 0 0 0 0 1 2 0 2 2\
 1 0 2 0 0 0 2 0 2 1 1 1 2 1 0 1 0 1 1 1 1 1 0 0 0 1 1 1 0 3 0 0\
 0 0 1 0 1 1 0 1 1 3 1 0 1 1 1 1 2 0 0 1 2 1 1 0 2 1 0 0 1 0 1 1\
 2 3 1 2 0 1 1 1 1 0 1 2 0 2 0 0 0 0 1 2 2 4 0 2 1 0 0 1 2 1 0 3\
 0 2 2 3 2 2 2 1 2 2 5 1 3 1 1 1 0 4 3 3 4 2 2 1 1 2 1 3 2 1 2 1\
 4 2 1 2 3 4 2 4 3 5 2 3 4 3 4 1 4 1 4 4 2 3 2 0 1 3 5 0 3 8 3 3\
 4 7 0 6 4 5 6 1 7 6 8 1 9 6 9 3 5 8 9 13 3 9 7 9 7 3 8 7 5 13 5 7\
 8 15 8 14 10 11 6 8 10 9 3 10 11 11 6 12 18 18 16 19 22 14 30 28 28 34 28 33 30 40 30 37\
 49 48 44 50 51 85 64 75 97 105 83 83 116 125 115 120 133 114 130 139 137 132 149 164 173 190 196 217 203 190 195 201\
 215 214 214 213 226 217 208 216 193 201 217 220 193 177 218 228 210 187 217 201 205 201 204 199 200 232 204 215 194 204 189 202\
 204 177 219 215 172 188 167 177 154 168 185 142 136 123 108 117 101 112 87 97 64 87 73 69 47 47 38 33 38 32 38 20\
 15 9 8 6 10 6 9 10 1 2 3 2 1 2 0 1 1 0 0 2 1 0 0 0 0 0 0 0 0 0 0 0\
 0 0 0 0 0 0 0 0 0 0 0 0 0 0 0 0 0 0 0 0 0 0 0 0 0 0 0 0 0 0 0 0\
 0 0 0 0 0 0 0 0 0 0 0 0 0 0 0 0 0 0 0 0 1 0 0 0 0 0 0 0 0 0 0 0\
 0 0 0 0 0 0 0 0 0 0 0 0 0 0 0 0 0 0 0 0 0 0 0 0 0 0 0 0 0 0 0 0\
 0 0 0 0 0 0 0 0 0 0 0 0 0 0 0 0 0 0 0 0 0 0 0 0 0 0 0 0 0 0 0 0\
 0 0 0 0 0 0 0 0 0 0 0 0 0 0 0 0 0 0 0 0 0 0 0 0 0 0 0 0 0 0 0 0\
 0 0 0 0 0 0 0 0 0 0 0 0 0 0 0 0 0 0 0 0 0 0 0 0 0 0 0 0 0 0 0 0\
 0 0 0 0 0 0 0 0 0 0 0 0 0 0 0 0 0 0 0 0 0 0 0 0 0 0 0 0 0 0 0 0


#S 2 mca_save_point Point:1 Scan:34 Datafile:20170218
#D Sun Feb 19 23:23:12 2017
#U Epics mca: dp_vortex_xrd74:mca1
#T 200  (Seconds)
#Q 0 2.22585e-08 0.0170043
#Energy 0
#Monc 20418967 56146591
#@MCA %32C
#@CHANN 1000 0 999 1
#@CTIME 200 200 186.651
#@CALIB -48.775 5.7161 0
#N 1
#L Epics MCA
@A 0 0 0 0 0 0 0 0 0 0 0 0 0 0 0 0 0 0 0 0 0 0 0 0 0 0 0 0 0 0 0 0\
 0 0 0 0 0 0 0 0 0 0 0 0 0 0 0 0 0 0 0 0 0 0 0 0 0 0 0 0 0 0 0 0\
 0 0 0 0 0 0 0 0 0 1 0 3 0 0 0 0 0 0 0 0 0 0 1 0 0 0 0 0 0 1 0 0\
 1 0 0 0 0 2 0 0 1 0 0 0 0 0 0 0 1 1 0 1 2 0 0 2 0 0 1 0 0 2 1 0\
 1 1 0 0 0 1 0 1 1 0 2 0 1 0 1 2 0 0 0 1 0 0 0 0 1 0 0 1 0 0 0 0\
 0 0 0 1 1 1 0 0 0 0 1 0 1 0 0 1 0 1 0 0 0 0 0 2 1 0 0 0 0 1 0 0\
 0 1 0 0 0 1 0 1 0 0 2 2 0 0 0 2 0 0 0 0 0 0 0 1 1 0 0 0 0 0 0 0\
 1 0 1 1 0 0 1 0 1 2 0 0 0 1 0 0 0 0 0 0 0 2 1 0 0 1 1 0 0 0 0 0\
 0 0 1 0 0 0 0 0 0 0 0 0 0 1 0 0 0 0 0 1 1 0 0 0 1 0 1 1 0 0 0 0\
 0 0 0 0 1 0 1 0 1 0 0 0 0 1 0 0 0 0 1 0 1 1 0 1 0 1 1 0 0 0 0 0\
 0 0 0 0 0 0 0 1 0 1 0 1 0 1 0 0 0 0 2 0 0 0 3 0 0 1 0 0 0 1 2 0\
 0 3 0 0 2 0 0 0 0 0 0 0 0 0 0 0 1 0 0 0 0 0 0 2 0 1 0 0 1 0 0 0\
 1 0 0 0 0 1 1 0 0 0 0 0 0 1 0 1 1 2 0 0 0 1 0 2 0 1 2 1 1 0 0 0\
 1 0 0 0 0 0 0 0 0 0 1 1 0 0 0 0 0 0 1 0 1 0 0 0 1 0 2 1 1 3 0 0\
 3 1 1 4 6 5 10 3 6 14 9 9 8 8 7 12 11 7 10 7 6 10 4 8 7 6 7 2 1 1 3 2\
 2 1 0 1 4 0 1 2 0 1 0 1 2 2 2 3 4 1 1 2 1 1 0 2 3 2 2 1 5 2 1 2\
 3 4 6 2 2 2 6 4 3 4 3 8 5 4 4 5 3 6 2 0 3 3 1 2 1 2 0 1 2 0 0 2\
 2 0 0 0 1 1 0 1 1 2 1 0 1 0 4 0 2 0 1 0 3 1 1 1 0 3 0 2 0 0 0 1\
 0 0 0 1 0 0 0 0 2 0 1 1 0 0 0 0 0 1 0 0 0 0 1 1 0 0 0 1 2 0 0 0\
 0 1 0 0 1 1 0 0 0 0 0 1 1 2 2 1 1 2 1 2 4 2 1 5 6 7 7 4 7 8 13 16\
 10 13 12 15 20 20 24 19 19 28 28 23 27 13 20 14 21 23 10 22 20 8 20 9 10 9 9 4 9 2 4 3\
 2 3 1 1 1 2 1 2 0 0 0 0 2 1 0 0 0 1 0 3 1 1 2 1 0 1 1 1 3 1 1 2\
 2 4 5 7 4 1 4 1 4 4 1 1 3 1 3 1 3 0 3 0 2 0 0 1 0 0 0 0 0 0 0 0\
 1 0 1 0 0 1 0 1 0 0 0 0 0 1 0 0 0 0 1 0 0 1 0 1 0 1 0 2 0 0 0 0\
 0 0 0 0 0 0 0 0 0 0 0 0 1 0 0 0 0 0 0 0 0 2 0 0 1 0 0 1 0 0 0 1\
 0 0 0 2 0 0 1 0 0 0 0 0 0 0 0 1 0 0 0 0 0 0 0 0 0 0 0 1 0 0 0 0\
 0 0 0 0 0 0 0 0 0 0 1 0 0 0 0 0 0 0 0 0 0 0 0 0 0 0 0 1 1 0 2 0\
 2 0 0 0 0 0 0 0 1 1 0 0 0 0 0 0 0 0 1 1 0 0 0 0 0 0 0 0 0 1 0 0\
 0 1 0 0 0 0 1 0 0 0 0 1 1 0 0 0 1 1 0 0 1 0 0 0 0 0 0 0 0 1 0 0\
 0 0 0 0 1 1 1 0 1 0 0 1 0 0 1 0 1 0 0 0 0 0 0 0 0 0 0 1 0 0 0 0\
 1 0 0 0 0 0 0 0 0 0 0 0 0 2 0 0 0 1 0 1 0 0 0 1 0 1 0 0 0 1 0 0\
 0 0 0 0 0 0 0 1 0 0 0 0 1 0 0 0 2 0 0 0 0 0 0 0 1 0 1 0 0 0 0 1\
 0 1 1 0 0 0 0 0 0 1 0 0 0 0 0 1 0 0 0 0 0 0 0 1 0 0 0 0 0 1 0 0\
 1 1 0 0 0 0 0 1 1 0 1 0 0 0 0 0 0 1 0 1 0 0 2 0 1 1 0 0 0 0 0 2\
 0 0 0 0 0 0 1 0 0 0 0 1 0 0 0 0 0 1 0 0 0 0 0 0 0 2 1 0 0 0 1 0\
 0 0 0 0 1 1 0 0 0 0 1 1 0 2 0 0 0 1 0 0 0 0 1 0 0 0 0 0 0 0 0 0\
 0 0 0 0 0 0 1 0 0 0 0 0 0 0 0 0 1 0 0 1 0 0 0 0 0 0 0 0 0 0 1 0\
 0 1 0 0 0 0 0 0 0 0 0 0 0 0 0 0 0 0 1 1 0 0 0 0 0 1 0 0 0 0 0 0\
 0 0 0 0 1 0 0 0 1 1 0 0 1 0 0 0 0 0 0 0 0 1 1 0 0 0 0 0 1 0 0 0\
 0 0 0 1 1 0 1 0 0 0 0 0 0 0 1 0 0 1 2 0 0 0 1 0 0 0 0 0 0 0 1 0\
 0 0 0 0 1 0 1 0 0 1 1 2 0 0 1 0 0 0 1 0 1 0 0 1 0 1 0 0 0 0 0 0\
 1 1 1 1 0 2 0 0 0 0 1 1 0 0 0 0 0 1 0 1 1 0 0 0 0 0 1 0 0 0 0 1\
 2 0 0 1 1 0 0 0 0 0 0 0 1 0 0 0 0 0 1 1 0 0 1 0 0 0 0 0 0 1 0 2\
 1 2 0 0 1 0 0 0 0 0 0 0 0 1 1 1 1 0 0 0 1 1 1 2 4 0 0 2 1 2 0 0\
 2 4 4 0 4 0 4 0 1 3 0 0 4 0 2 0 0 2 0 2 2 0 1 1 3 0 2 0 0 1 1 0\
 1 3 0 1 1 0 0 0 1 2 0 3 0 0 0 0 1 1 0 0 0 1 0 1 1 1 1 0 0 0 0 0\
 0 1 2 0 1 0 0 0 0 0 1 3 0 0 1 0 1 0 1 1 0 0 0 0 0 1 1 1 2 1 0 0\
 2 0 1 0 0 0 0 0 2 2 1 0 1 1 1 0 0 0 1 1 0 1 2 1 0 0 0 1 0 0 1 1\
 1 2 1 1 1 1 0 1 1 0 0 1 0 4 1 3 0 1 3 1 1 1 2 4 2 0 2 2 0 1 2 3\
 5 1 4 2 2 1 2 5 3 1 2 2 2 2 4 3 0 1 1 3 3 4 5 2 1 2 5 3 5 6 5 0\
 3 3 1 3 4 2 4 2 4 7 6 3 3 2 1 4 5 5 4 4 3 3 2 5 3 3 8 5 5 3 2 7\
 4 9 2 4 13 6 7 6 3 9 10 6 5 5 5 8 10 9 6 2 14 4 12 9 8 8 7 15 8 6 10 13\
 14 14 10 12 13 15 5 18 20 15 11 20 14 8 17 12 10 26 23 23 25 28 27 30 34 35 32 31 42 56 49 54\
 57 63 70 60 80 73 91 85 106 96 103 110 117 130 117 144 131 133 154 150 183 182 181 200 209 209 225 204 197 213 228 218\
 218 220 226 231 252 237 274 235 251 231 245 233 238 250 249 227 250 235 259 234 221 215 246 265 242 248 223 225 241 272 268 230\
 232 209 245 250 216 230 212 192 200 192 199 188 180 177 154 137 132 121 108 98 106 81 77 73 69 58 63 51 36 32 31 23\
 13 16 17 17 5 14 12 8 4 4 3 3 3 1 3 1 0 0 0 1 0 0 0 0 0 0 0 0 0 0 0 0\
 0 0 0 0 0 0 0 0 0 0 0 0 0 0 0 0 0 0 0 0 0 0 0 0 0 0 0 0 0 0 0 0\
 0 0 0 0 0 0 0 0 0 0 0 0 0 0 0 0 0 0 0 0 0 0 0 0 0 0 0 0 0 0 0 0\
 0 0 0 0 0 0 0 0 0 0 0 0 0 0 0 0 0 0 0 0 0 0 0 0 0 0 0 0 0 0 0 0\
 0 0 0 0 0 0 0 0 0 0 0 0 0 0 0 0 0 0 0 0 0 0 0 0 0 0 0 0 0 0 0 0\
 0 0 0 0 0 0 0 0 0 0 0 0 0 0 0 0 0 0 0 0 0 0 0 0 0 0 0 0 0 0 0 0\
 0 0 0 0 0 0 0 0 0 0 0 0 0 0 0 0 0 0 0 0 0 0 0 0 0 0 0 0 0 0 0 0\
 0 0 0 0 0 0 0 0 0 0 0 0 0 0 0 0 0 0 0 0 0 0 0 0 0 0 0 0 0 0 0 0


#S 3 mca_save_point Point:2 Scan:34 Datafile:20170218
#D Sun Feb 19 23:26:41 2017
#U Epics mca: dp_vortex_xrd74:mca1
#T 200  (Seconds)
#Q 0 -1.56919e-08 0.0179816
#Energy 0
#Monc 20299238 56208099
#@MCA %32C
#@CHANN 1000 0 999 1
#@CTIME 200 200 187.574
#@CALIB -48.775 5.7161 0
#N 1
#L Epics MCA
@A 0 0 0 0 0 0 0 0 0 0 0 0 0 0 0 0 0 0 0 0 0 0 0 0 0 0 0 0 0 0 0 0\
 0 0 0 0 0 0 0 0 0 0 0 0 0 0 0 0 0 0 0 0 0 0 0 0 0 0 0 0 0 0 0 0\
 0 0 0 0 0 0 0 0 0 0 0 0 0 0 0 2 0 0 0 0 1 2 0 1 0 0 0 0 2 0 1 0\
 1 0 0 1 0 0 0 0 1 1 1 2 0 0 0 0 2 0 1 1 0 0 1 1 0 0 0 0 2 0 0 2\
 0 0 0 0 2 1 1 0 0 3 0 0 1 0 1 0 0 1 2 1 1 0 0 0 0 0 0 4 0 2 1 0\
 1 1 0 0 0 1 0 0 0 0 0 1 0 1 0 0 1 0 0 0 3 0 0 0 1 0 1 0 0 0 1 1\
 0 2 0 1 0 1 0 0 0 0 0 1 0 0 0 0 2 0 0 0 1 0 2 2 1 3 0 1 0 0 0 0\
 0 0 0 0 0 0 0 2 1 0 0 0 0 0 0 0 0 0 0 0 0 2 0 0 0 0 1 0 0 0 1 2\
 0 1 0 1 0 0 1 2 0 0 0 0 1 0 1 0 1 2 0 0 0 0 0 0 0 0 0 0 1 0 0 0\
 0 1 0 0 0 2 0 1 0 0 1 0 1 0 0 0 0 0 2 0 0 0 0 0 1 1 0 0 1 0 0 2\
 0 1 1 0 0 0 0 0 0 1 1 1 1 1 0 0 1 0 1 0 1 0 0 2 0 0 0 1 0 0 0 2\
 0 2 1 0 0 0 0 0 2 1 0 0 0 0 0 1 0 0 0 0 0 0 2 1 1 1 0 1 0 0 0 0\
 0 1 1 0 0 0 0 1 0 0 0 0 0 0 0 0 0 1 0 1 0 0 0 1 0 1 0 0 0 0 0 0\
 1 0 1 0 1 0 2 0 1 0 1 0 0 2 0 0 0 1 0 1 0 0 2 0 1 0 0 1 1 2 0 3\
 3 0 1 6 3 4 8 4 8 3 8 6 16 15 17 11 14 11 10 10 11 5 5 3 7 8 6 3 7 2 5 5\
 2 2 1 4 3 3 1 0 0 0 1 1 3 1 2 2 0 0 2 0 2 2 2 3 3 3 1 1 3 4 2 3\
 3 3 4 6 1 4 3 6 1 2 7 9 7 2 8 4 5 6 6 4 5 7 5 1 4 3 0 2 2 1 0 0\
 0 0 2 0 0 0 2 0 1 1 1 0 2 2 0 1 1 0 1 0 0 1 1 1 0 0 3 2 1 2 0 1\
 0 0 0 1 0 0 0 0 1 0 0 0 0 0 1 0 0 0 1 2 0 1 2 0 0 1 0 1 1 0 0 0\
 0 0 0 0 0 1 1 0 1 0 0 2 0 0 0 0 2 0 1 0 0 2 4 6 1 3 8 9 9 12 13 15\
 15 15 13 21 23 20 25 27 30 35 28 34 29 34 30 28 46 27 28 19 15 11 17 26 11 9 14 5 4 5 2 3\
 4 2 2 1 0 0 0 0 0 0 2 0 5 0 0 0 1 1 1 1 0 1 4 0 5 1 1 3 5 1 3 3\
 3 5 4 5 2 1 6 1 7 2 4 1 4 3 3 1 2 3 1 0 1 1 1 0 1 0 0 1 1 0 2 1\
 0 0 1 0 0 0 0 0 1 0 0 0 0 0 0 0 0 0 1 0 0 0 1 0 0 0 0 0 0 0 1 0\
 0 0 0 0 1 0 0 0 0 1 0 0 1 0 0 0 0 0 0 0 0 0 0 1 0 0 0 0 0 0 0 0\
 2 0 0 0 0 0 1 0 0 0 1 0 0 0 0 0 0 0 0 0 0 0 0 0 0 0 0 0 0 2 0 0\
 0 0 0 0 0 0 2 0 0 0 0 1 0 0 0 1 0 0 0 0 0 0 0 1 0 0 1 0 1 0 0 0\
 0 1 0 0 2 0 0 0 1 1 0 0 1 0 1 0 0 0 0 0 0 0 1 0 0 0 0 1 0 0 0 0\
 1 0 1 0 0 0 0 0 0 0 1 0 0 0 0 1 1 0 0 0 0 0 0 2 0 0 0 0 0 0 0 0\
 0 0 0 1 0 0 0 0 0 0 0 0 0 0 1 0 0 0 0 0 0 0 0 1 0 1 0 0 0 0 0 0\
 0 0 0 0 0 0 0 1 1 0 0 1 0 0 0 0 1 1 1 0 0 0 0 0 0 0 0 0 1 0 0 0\
 0 0 0 0 0 0 0 0 0 0 1 0 0 1 1 0 1 0 0 1 0 0 0 0 1 0 0 2 0 1 0 1\
 0 2 1 0 1 0 0 0 1 0 1 1 0 0 0 0 0 0 1 0 1 0 0 1 0 0 0 1 0 0 2 0\
 1 1 0 0 0 0 1 0 1 0 0 0 0 0 0 0 1 2 0 1 1 0 0 0 0 3 0 0 0 0 0 0\
 0 0 0 2 0 0 0 0 1 1 0 0 0 0 0 1 0 1 0 1 1 0 0 1 0 0 0 0 0 0 1 1\
 0 0 0 1 1 1 1 0 1 1 0 2 0 1 1 0 1 0 0 0 0 0 0 0 0 1 0 1 0 0 0 2\
 2 1 0 0 0 0 0 0 0 0 0 0 0 0 0 0 0 0 0 0 0 0 0 1 0 0 0 0 0 0 0 1\
 0 0 0 0 1 0 0 0 0 0 0 0 0 0 0 0 0 2 1 0 0 0 0 0 0 0 0 1 0 1 2 0\
 0 0 0 0 1 0 0 0 0 0 0 0 0 0 0 0 1 1 0 1 0 0 0 0 0 1 1 0 0 0 0 0\
 1 1 0 0 0 2 0 0 0 0 0 0 0 0 0 1 0 0 0 0 1 1 0 1 0 0 0 0 0 0 0 0\
 0 0 0 0 1 0 0 0 0 2 0 0 1 1 0 0 0 1 0 0 0 0 1 0 1 1 0 0 0 0 0 1\
 0 0 0 0 0 0 0 0 0 1 0 0 0 1 2 0 0 0 0 0 0 0 1 0 1 0 0 1 1 0 1 0\
 1 0 0 0 1 1 0 1 1 1 2 0 0 0 0 0 0 0 1 0 1 0 1 0 1 1 0 1 1 1 0 3\
 0 1 0 0 0 0 2 0 0 2 0 0 0 0 0 2 1 1 2 2 0 0 0 1 1 2 1 4 2 0 3 3\
 2 2 0 4 2 0 2 4 2 4 3 2 1 4 4 1 2 1 2 0 2 4 3 1 0 1 2 2 1 2 3 2\
 3 1 0 1 0 1 1 0 2 1 0 2 1 1 0 2 0 0 1 0 0 1 0 0 1 2 2 1 1 1 2 1\
 1 0 1 0 1 1 1 1 0 0 0 0 0 0 2 1 0 0 0 1 0 1 1 1 0 1 1 1 0 0 1 0\
 1 2 1 0 1 1 1 0 1 0 1 0 3 1 2 3 1 3 3 1 0 2 0 1 1 1 1 1 3 2 2 1\
 1 1 1 0 5 1 1 1 1 1 3 0 0 1 3 1 0 2 1 3 3 1 2 2 2 3 3 2 5 3 2 3\
 2 1 3 2 2 0 4 3 3 4 1 1 3 2 4 0 5 2 5 7 5 3 2 4 3 2 7 2 2 2 5 2\
 2 4 3 5 3 2 4 6 6 2 6 6 1 5 7 4 4 5 5 4 6 3 4 3 7 2 8 2 9 8 5 1\
 8 10 6 8 7 7 6 10 10 6 8 10 11 10 13 2 10 11 5 7 12 4 17 8 9 12 9 4 17 12 11 12\
 12 15 11 11 11 14 9 13 16 12 10 15 17 19 15 27 20 29 29 23 26 28 35 28 43 39 45 38 46 44 52 52\
 69 63 70 89 82 95 93 108 94 131 125 131 143 151 153 148 172 206 195 213 215 234 187 193 234 236 232 250 260 260 248 277\
 258 246 261 299 303 306 268 271 247 287 253 281 266 284 265 276 275 265 254 310 285 299 298 294 264 258 284 291 268 289 300 281\
 272 260 301 271 266 276 279 254 275 219 213 190 202 179 172 183 145 133 146 125 116 98 94 79 84 57 55 56 39 44 35 35\
 21 15 18 13 14 13 9 5 10 5 4 1 1 1 1 2 0 2 1 0 0 0 0 0 1 0 0 0 0 0 0 0\
 0 0 0 0 0 0 0 0 0 0 0 0 0 0 0 0 0 0 0 0 0 0 0 0 0 0 0 0 0 0 0 0\
 0 0 0 0 0 0 0 0 0 0 0 0 0 0 0 0 0 0 0 0 0 0 0 0 0 0 0 0 0 0 0 0\
 0 0 0 0 0 0 0 0 0 0 0 0 0 0 0 0 0 0 0 0 0 0 0 0 0 0 0 0 0 0 0 0\
 0 0 0 0 0 0 0 0 0 0 0 0 0 0 0 0 0 0 0 0 0 0 0 0 0 0 0 0 0 0 0 0\
 0 0 0 0 0 0 0 0 0 0 0 0 0 0 0 0 0 0 0 0 0 0 0 0 0 0 0 0 0 0 0 0\
 0 0 0 0 0 0 0 0 0 0 0 0 0 0 0 0 0 0 0 0 0 0 0 0 0 0 0 0 0 0 0 0\
 0 0 0 0 0 0 0 0 0 0 0 0 0 0 0 0 0 0 0 0 0 0 0 0 0 0 0 0 0 0 0 0


#S 4 mca_save_point Point:3 Scan:34 Datafile:20170218
#D Sun Feb 19 23:30:10 2017
#U Epics mca: dp_vortex_xrd74:mca1
#T 200  (Seconds)
#Q 0 4.14778e-08 0.019012
#Energy 0
#Monc 20179450 56100856
#@MCA %32C
#@CHANN 1000 0 999 1
#@CTIME 200 200 188.671
#@CALIB -48.775 5.7161 0
#N 1
#L Epics MCA
@A 0 0 0 0 0 0 0 0 0 0 0 0 0 0 0 0 0 0 0 0 0 0 0 0 0 0 0 0 0 0 0 0\
 0 0 0 0 0 0 0 0 0 0 0 0 0 0 0 0 0 0 0 0 0 0 0 0 0 0 0 0 0 0 0 0\
 0 0 0 0 0 0 0 0 0 0 0 0 0 0 0 0 1 0 0 0 0 0 2 1 0 0 1 0 0 0 1 6\
 0 1 3 0 2 1 1 1 1 1 1 1 0 0 1 1 0 1 3 1 1 1 0 1 0 1 1 0 0 0 2 0\
 0 1 1 0 0 1 0 0 1 0 1 2 0 0 0 0 1 1 1 0 1 0 0 3 1 0 0 0 1 0 1 1\
 1 0 0 2 0 0 2 0 0 0 2 0 0 0 0 0 0 0 1 0 0 0 0 0 1 2 0 0 1 0 2 1\
 0 1 1 0 1 1 1 1 0 1 0 0 1 0 1 1 0 1 1 0 1 0 0 0 0 1 1 0 0 0 2 1\
 0 0 1 1 0 0 0 0 0 0 0 0 1 0 2 1 1 0 0 0 1 0 0 0 0 0 0 0 0 0 0 1\
 0 0 0 0 2 0 0 0 2 0 2 0 0 0 0 0 1 2 2 0 1 0 0 0 0 0 0 1 0 0 2 0\
 2 1 1 0 0 1 1 0 3 0 0 0 2 0 0 0 0 3 0 1 1 1 0 0 0 0 0 0 1 0 2 0\
 0 1 0 0 0 0 0 0 0 1 1 0 1 0 2 0 1 2 1 1 0 0 2 1 0 1 0 0 2 0 3 0\
 1 3 0 0 0 0 2 0 1 0 1 1 0 1 0 0 0 1 0 1 0 0 0 0 0 0 0 2 0 1 0 0\
 0 1 0 2 0 1 0 2 0 0 0 1 0 1 0 2 0 0 1 2 0 0 2 0 0 0 0 0 0 0 0 0\
 1 0 3 0 0 0 0 2 0 1 0 1 1 1 0 3 1 0 1 0 0 0 0 0 2 2 2 4 1 2 2 8\
 4 4 6 9 8 4 10 5 15 19 7 17 7 10 14 9 12 9 12 12 13 12 8 8 5 6 12 7 6 3 0 3\
 6 5 2 1 0 1 0 4 0 2 2 1 5 1 0 0 1 2 1 4 2 0 3 1 2 1 2 0 3 3 5 1\
 0 3 1 1 4 5 3 7 5 5 5 3 3 6 3 2 3 1 3 5 1 4 3 4 3 1 0 0 2 0 0 0\
 0 0 0 0 1 0 1 2 0 1 0 1 0 1 0 1 2 2 0 1 1 1 0 3 1 1 1 2 0 0 2 0\
 1 1 1 0 1 0 0 1 0 0 0 0 1 0 0 0 1 0 0 0 0 0 0 1 0 1 2 0 1 0 0 0\
 0 0 0 0 0 1 1 0 0 0 0 1 1 1 0 0 1 3 2 1 6 4 1 5 2 8 4 9 17 7 11 19\
 19 22 18 23 26 30 21 46 38 27 37 46 38 34 27 32 26 44 20 28 34 17 23 18 12 10 17 6 4 6 1 7\
 1 5 2 0 3 1 3 3 1 0 2 1 0 0 4 1 0 2 0 0 1 1 1 1 5 1 6 6 2 2 8 4\
 6 5 2 8 6 8 5 8 5 5 3 3 3 2 2 3 2 2 2 2 4 1 2 1 1 2 1 0 0 1 2 2\
 1 0 0 0 1 2 0 1 0 0 0 0 0 0 0 1 0 1 0 0 0 0 0 1 0 0 1 0 0 1 0 0\
 0 0 0 1 0 1 0 0 0 1 0 0 1 0 0 0 0 0 0 0 0 1 1 1 0 1 1 0 0 0 0 0\
 0 1 1 0 0 0 0 1 0 0 0 0 0 0 2 0 1 0 0 0 1 0 1 2 0 0 0 0 0 0 0 1\
 0 0 0 0 0 0 0 0 0 0 0 0 0 0 0 0 0 0 0 0 0 0 0 0 1 0 0 1 0 0 0 0\
 0 0 0 0 0 1 0 0 0 0 0 0 1 0 0 0 0 0 0 0 0 0 0 0 1 0 1 0 0 0 0 0\
 0 0 1 0 0 0 0 0 0 0 1 0 0 0 1 0 0 0 0 0 0 2 0 0 0 0 0 0 3 0 0 0\
 0 0 1 0 0 0 0 0 0 0 0 0 0 0 0 0 0 1 0 0 0 0 0 1 0 0 2 0 0 0 0 0\
 0 0 0 0 1 3 0 0 0 1 0 0 0 0 0 0 0 1 0 0 0 0 0 0 0 1 0 0 0 0 0 1\
 0 0 0 0 0 0 0 0 0 0 0 0 0 1 0 0 2 0 2 1 0 1 0 1 0 0 0 0 0 0 0 0\
 1 0 0 0 0 0 0 0 2 0 0 0 0 1 2 0 1 1 0 0 0 2 0 0 1 0 0 0 0 1 0 0\
 0 0 0 0 0 0 2 0 0 0 0 0 0 0 1 0 0 0 1 0 0 0 0 0 0 0 0 0 0 0 0 0\
 0 0 0 0 0 0 0 0 0 1 0 0 0 0 0 1 1 0 0 0 0 1 1 2 0 0 0 0 0 1 0 0\
 1 0 0 0 1 2 2 2 0 0 2 2 3 0 1 0 0 0 0 0 1 0 0 0 0 1 0 0 0 0 1 0\
 0 0 0 0 0 1 0 0 0 0 0 0 0 0 0 0 1 0 1 0 1 0 0 0 0 0 1 0 0 1 2 0\
 0 1 0 0 1 0 0 0 0 1 1 0 0 1 0 0 0 1 0 0 0 1 0 0 0 0 1 0 0 0 0 0\
 0 0 1 0 0 1 0 1 0 0 0 0 0 0 0 1 1 2 0 0 1 1 0 1 1 0 0 0 1 1 0 0\
 0 0 0 1 0 0 1 0 0 0 1 0 0 0 1 0 1 0 0 0 1 0 0 0 0 1 0 0 0 0 0 1\
 0 1 0 1 0 1 0 0 0 0 1 0 0 0 0 1 0 1 0 0 0 1 0 1 0 1 1 0 1 0 1 0\
 0 0 3 0 0 0 1 0 0 1 1 0 0 0 2 1 1 0 0 0 0 0 0 0 2 1 0 0 1 0 0 0\
 1 0 1 0 1 1 0 1 1 0 0 1 1 1 0 0 0 3 2 0 0 0 0 0 2 1 0 0 1 1 0 0\
 0 1 1 0 0 1 0 1 0 1 0 0 2 2 0 1 0 3 0 1 1 1 1 3 3 2 0 2 0 3 2 1\
 0 2 2 2 3 4 2 1 3 3 2 0 1 5 3 1 2 1 2 2 2 0 1 2 1 0 1 3 2 0 0 2\
 0 1 3 1 2 2 2 0 0 0 2 1 0 1 2 3 2 3 3 1 3 4 0 0 3 0 2 1 2 1 3 0\
 0 2 2 1 0 0 0 2 3 1 2 0 4 1 0 1 1 1 1 0 2 1 0 2 1 1 1 0 0 3 1 0\
 1 1 0 1 1 1 2 0 0 0 2 1 1 1 2 3 1 2 1 1 2 1 2 2 1 1 4 0 1 1 1 0\
 3 5 3 2 1 1 5 2 1 0 3 0 2 2 1 2 1 2 2 0 4 1 2 5 1 3 3 3 3 2 0 2\
 3 3 5 0 3 3 5 2 2 4 1 0 2 3 1 3 2 3 4 3 5 5 2 3 3 0 3 1 4 2 1 7\
 3 1 7 8 9 5 10 7 4 3 5 3 13 0 5 8 5 7 9 5 8 8 13 8 7 8 8 2 5 8 7 7\
 7 8 4 2 5 10 9 6 13 9 17 11 12 12 8 6 11 14 10 15 4 11 17 10 8 13 15 11 15 13 16 17\
 22 13 21 14 21 16 20 12 14 17 19 10 12 18 14 20 21 28 26 36 37 42 31 25 45 50 50 44 70 56 60 83\
 71 74 88 95 117 103 112 114 133 125 160 158 163 159 177 180 215 210 226 240 240 254 251 268 270 246 309 276 314 313 318 281\
 281 308 349 317 336 316 337 337 318 318 342 321 325 330 346 304 346 303 317 332 343 337 318 332 348 365 386 370 331 365 349 326\
 322 382 372 350 313 322 304 343 283 288 310 284 253 225 235 197 171 160 178 151 155 115 129 101 86 93 90 80 59 55 33 38\
 35 22 24 18 9 21 14 6 7 6 5 2 3 2 5 0 1 1 0 0 0 0 0 0 0 0 0 0 0 0 0 0\
 0 0 0 0 0 0 0 0 0 0 0 0 0 0 0 0 0 0 0 0 0 0 0 0 0 0 0 0 0 0 0 0\
 0 0 0 0 0 0 0 0 0 0 0 0 0 0 0 0 0 0 0 0 0 0 0 0 0 0 0 0 0 0 0 0\
 0 0 0 0 0 0 0 0 0 0 0 0 0 0 0 0 0 0 0 0 0 0 0 0 0 0 0 0 0 0 0 0\
 0 0 0 0 0 0 0 0 0 0 0 0 0 0 0 0 0 0 0 0 0 0 0 0 0 0 0 0 0 0 0 0\
 0 0 0 0 0 0 0 0 0 0 0 0 0 0 0 0 0 0 0 0 0 0 0 0 0 0 0 0 0 0 0 0\
 0 0 0 0 0 0 0 0 0 0 0 0 0 0 0 0 0 0 0 0 0 0 0 0 0 0 0 0 0 0 0 0\
 0 0 0 0 0 0 0 0 0 0 0 0 0 0 0 0 0 0 0 0 0 0 0 0 0 0 0 0 0 0 0 0


#S 5 mca_save_point Point:4 Scan:34 Datafile:20170218
#D Sun Feb 19 23:33:39 2017
#U Epics mca: dp_vortex_xrd74:mca1
#T 200  (Seconds)
#Q 0 3.4919e-08 0.0200071
#Energy 0
#Monc 20300491 56180021
#@MCA %32C
#@CHANN 1000 0 999 1
#@CTIME 200 200 192.895
#@CALIB -48.775 5.7161 0
#N 1
#L Epics MCA
@A 0 0 0 0 0 0 0 0 0 0 0 0 0 0 0 0 0 0 0 0 0 0 0 0 0 0 0 0 0 0 0 0\
 0 0 0 0 0 0 0 0 0 0 0 0 0 0 0 0 0 0 0 0 0 0 0 0 0 0 0 0 0 0 0 0\
 0 0 0 0 0 0 0 0 0 0 0 0 0 0 1 0 0 0 1 0 1 1 0 0 0 0 3 3 1 2 2 0\
 0 0 0 1 0 1 0 0 2 2 0 2 1 0 1 2 2 0 1 1 0 2 2 0 0 2 0 1 1 1 2 1\
 0 0 0 1 1 1 0 0 1 0 1 1 0 1 1 2 2 2 0 0 0 0 0 1 0 2 1 1 0 1 2 0\
 2 0 0 0 0 0 1 1 1 0 0 0 1 0 1 1 0 1 0 0 0 1 0 0 0 2 2 1 0 0 0 1\
 0 0 2 2 0 0 1 1 0 1 1 1 0 1 0 0 0 2 0 0 0 0 0 0 0 1 1 0 2 2 2 1\
 0 3 0 1 0 1 1 0 0 1 2 0 0 1 2 2 1 1 1 0 0 2 2 0 4 1 0 0 1 0 0 1\
 1 2 1 0 0 0 2 0 1 0 0 1 0 2 1 3 2 0 0 0 0 0 2 1 0 1 0 2 0 0 1 2\
 0 1 0 1 1 1 0 0 0 0 0 0 1 2 2 0 1 0 0 1 1 1 1 1 0 1 1 0 0 1 3 1\
 0 0 0 2 1 0 0 2 2 0 0 1 0 1 0 0 1 0 2 0 2 0 0 1 0 1 1 3 0 0 0 0\
 1 0 2 0 1 3 1 1 2 0 0 2 0 3 0 1 1 0 0 1 0 0 1 0 1 0 1 1 1 2 0 0\
 0 0 1 1 0 1 0 1 0 1 1 1 1 1 3 2 1 1 1 1 1 1 0 1 1 0 1 1 1 1 0 0\
 0 0 2 1 0 1 2 2 2 1 1 1 1 0 2 2 1 1 1 1 0 0 3 1 1 0 2 2 4 0 4 1\
 7 5 2 10 10 9 11 11 16 12 14 19 14 15 13 15 24 15 20 9 14 12 22 16 8 8 7 8 12 5 5 6\
 3 2 3 1 2 2 3 3 1 4 4 4 4 0 1 4 2 1 3 2 2 1 4 3 3 3 3 3 5 3 4 5\
 7 3 0 3 8 4 6 3 4 6 3 4 1 4 4 2 2 5 1 7 4 3 3 3 3 3 0 2 2 2 2 1\
 0 0 1 2 0 0 1 0 4 1 0 0 0 0 2 1 2 3 4 2 2 0 2 0 0 2 1 3 0 1 4 0\
 1 1 0 1 0 0 1 1 1 0 0 0 1 1 1 0 0 0 1 2 1 1 0 0 0 0 0 1 0 0 0 0\
 0 4 1 1 0 0 1 0 1 2 1 2 3 2 2 0 3 4 3 0 3 2 6 7 7 10 5 14 12 11 17 18\
 28 34 30 29 48 32 43 39 50 38 53 48 46 49 47 58 44 37 32 41 24 28 26 23 20 18 17 10 16 3 7 5\
 7 3 4 2 3 4 1 0 3 1 0 0 2 1 1 2 2 1 2 3 3 2 1 2 2 5 3 3 5 7 7 1\
 8 5 7 7 5 8 2 6 7 7 5 4 11 5 7 4 4 3 2 1 1 4 2 2 0 0 1 1 1 1 0 0\
 0 0 1 0 0 1 0 0 1 0 1 2 0 1 0 1 1 0 0 0 2 1 0 0 1 0 1 1 1 0 0 0\
 0 1 1 0 0 1 2 0 1 1 0 0 0 1 0 0 0 1 0 3 0 1 0 1 0 0 0 2 0 1 0 0\
 0 0 0 0 0 1 0 0 1 0 0 3 0 0 0 0 0 1 1 0 0 1 0 1 1 0 0 1 0 0 0 0\
 0 0 0 0 0 0 0 1 0 1 0 0 0 0 0 0 0 1 0 1 0 0 0 0 1 0 0 1 1 0 1 0\
 0 0 0 0 0 1 1 2 0 1 0 1 0 0 0 0 0 0 0 0 0 0 1 0 1 0 2 1 2 0 0 0\
 0 0 0 1 0 2 0 0 0 2 1 0 0 1 0 1 0 0 0 0 1 0 3 0 0 1 1 0 0 0 0 1\
 0 0 0 0 0 0 0 0 1 0 0 0 0 1 0 0 0 0 0 0 0 0 1 0 0 0 1 0 0 0 0 2\
 0 0 2 0 1 0 0 1 0 0 0 0 1 0 0 0 0 0 1 0 1 0 0 1 0 0 1 0 0 0 0 0\
 1 0 1 0 1 2 0 0 0 0 0 1 0 1 0 2 0 0 1 1 0 0 1 0 0 0 0 0 0 1 0 0\
 1 0 0 0 0 0 0 0 0 0 1 2 0 1 0 0 1 2 1 0 0 0 0 1 0 0 1 0 1 0 1 0\
 1 0 0 0 1 0 0 0 0 0 0 0 1 0 0 0 0 0 0 1 1 2 0 0 0 0 0 0 0 1 0 0\
 1 0 0 0 0 0 0 2 0 0 0 0 0 1 0 0 0 1 1 1 1 1 1 0 0 0 2 0 1 0 0 2\
 1 1 2 0 0 2 0 0 0 0 1 1 1 3 0 1 0 0 0 1 1 0 1 0 1 1 0 1 1 0 1 0\
 1 0 0 0 0 0 0 0 0 0 0 1 0 1 1 1 0 0 0 1 0 1 0 0 0 0 0 0 1 1 0 0\
 0 1 0 1 0 0 1 0 1 0 0 0 0 1 1 0 0 0 0 0 0 1 0 1 0 0 0 2 1 1 1 1\
 0 1 1 0 3 0 0 1 0 1 0 1 0 0 1 1 1 0 0 0 1 0 0 1 0 0 1 1 1 0 0 0\
 1 0 0 1 0 1 0 0 0 2 1 0 1 3 0 1 0 1 0 0 1 0 1 0 0 0 1 0 0 1 1 0\
 0 0 0 1 0 0 1 0 1 1 0 0 0 0 0 1 0 1 0 0 1 0 0 0 0 0 0 0 1 0 0 1\
 2 2 0 0 0 0 1 0 0 0 0 0 1 0 0 0 1 1 1 0 1 0 0 0 0 0 1 1 0 0 0 0\
 1 0 0 0 0 1 0 1 0 1 1 0 1 0 2 0 1 1 0 0 0 1 1 1 1 1 0 0 2 1 0 0\
 1 1 2 0 0 0 1 0 0 0 1 0 0 0 1 1 2 1 2 1 2 1 3 1 1 1 3 1 4 2 1 2\
 0 4 0 2 2 3 4 4 5 4 4 2 2 5 2 0 5 1 3 1 5 4 2 0 4 2 2 2 5 7 1 1\
 3 1 2 2 0 2 2 3 4 5 5 2 2 0 2 3 2 2 1 3 1 0 1 1 2 1 0 1 1 0 1 0\
 4 1 4 1 2 1 0 4 1 1 0 2 3 0 2 0 2 1 2 2 0 0 3 0 3 4 0 0 1 2 2 3\
 0 1 1 2 2 1 2 1 0 1 3 3 3 4 1 1 1 1 2 1 1 4 2 5 2 2 0 2 2 2 2 0\
 0 1 1 1 1 1 5 1 3 6 1 2 2 3 3 1 2 1 1 4 2 5 3 2 7 6 4 5 2 5 3 3\
 4 6 0 5 2 4 3 6 3 4 9 5 3 3 5 1 8 3 6 3 6 9 1 4 0 5 5 7 6 7 6 4\
 3 8 3 6 5 9 8 2 3 5 5 13 9 10 9 5 4 10 9 6 9 5 10 12 6 7 7 9 20 9 6 16\
 12 10 7 10 13 12 14 18 10 8 12 16 18 16 10 7 21 14 11 14 9 14 13 16 18 23 13 14 23 22 16 19\
 17 25 11 15 20 26 31 17 25 27 34 29 27 29 25 25 35 34 32 42 26 44 50 58 60 54 59 76 72 72 86 84\
 103 93 100 111 123 143 150 145 154 189 192 183 208 231 247 254 244 271 292 282 361 316 314 346 351 341 368 387 370 384 423 381\
 407 447 432 440 432 437 478 420 388 447 387 416 426 472 419 471 440 457 469 455 445 483 466 449 483 475 476 478 461 444 492 500\
 481 507 406 442 485 449 449 410 399 408 379 349 320 337 282 306 262 242 242 195 191 177 170 185 129 123 89 90 80 53 69 49\
 49 42 26 28 16 15 16 16 7 12 9 9 8 3 4 2 3 0 0 0 2 1 0 2 1 0 0 0 0 0 0 0\
 0 0 0 0 0 0 0 0 0 0 0 0 0 0 0 0 0 0 0 0 0 0 0 0 0 0 0 0 0 0 0 0\
 0 0 0 0 0 0 0 0 0 0 0 0 0 0 0 0 0 0 0 0 0 0 0 0 0 0 0 0 0 0 0 0\
 0 0 0 0 0 0 0 0 0 0 0 0 0 0 0 0 0 0 0 0 0 0 0 0 0 0 0 0 0 0 0 0\
 0 0 0 0 0 0 0 0 0 0 0 0 0 0 0 0 0 0 0 0 0 0 0 0 0 0 0 0 0 0 0 0\
 0 0 0 0 0 0 0 0 0 0 0 0 0 0 0 0 0 0 0 0 0 0 0 0 0 0 0 0 0 0 0 0\
 0 0 0 0 0 0 0 0 0 0 0 0 0 0 0 0 0 0 0 0 0 0 0 0 0 0 0 0 0 0 0 0\
 0 0 0 0 0 0 0 0 0 0 0 0 0 0 0 0 0 0 0 0 0 0 0 0 0 0 0 0 0 0 0 0


#S 6 mca_save_point Point:5 Scan:34 Datafile:20170218
#D Sun Feb 19 23:37:08 2017
#U Epics mca: dp_vortex_xrd74:mca1
#T 200  (Seconds)
#Q 0 2.74917e-08 0.0210021
#Energy 0
#Monc 20304108 56160001
#@MCA %32C
#@CHANN 1000 0 999 1
#@CTIME 200 200 192.525
#@CALIB -48.775 5.7161 0
#N 1
#L Epics MCA
@A 0 0 0 0 0 0 0 0 0 0 0 0 0 0 0 0 0 0 0 0 0 0 0 0 0 0 0 0 0 0 0 0\
 0 0 0 0 0 0 0 0 0 0 0 0 0 0 0 0 0 0 0 0 0 0 0 0 0 0 0 0 0 0 0 0\
 0 0 0 0 0 0 0 0 0 0 0 0 0 0 2 0 0 1 0 0 0 0 0 0 1 1 0 3 1 0 2 0\
 1 2 1 0 1 2 0 3 4 0 2 1 3 1 0 0 1 0 0 2 0 0 1 1 1 0 1 0 0 3 2 0\
 0 0 2 1 1 2 2 0 2 4 1 2 0 1 1 1 0 1 0 1 1 1 1 0 2 1 0 1 1 0 1 1\
 2 1 1 1 2 1 1 0 1 2 1 1 1 1 0 1 1 2 0 0 0 1 2 1 3 0 4 2 1 0 1 2\
 0 1 2 2 0 1 1 0 2 0 0 2 0 2 0 1 2 0 1 1 1 2 1 0 0 1 1 3 1 4 2 0\
 0 2 2 1 1 1 1 1 0 2 0 0 2 1 2 0 2 4 0 1 3 1 1 0 1 1 1 2 2 2 1 0\
 1 3 3 0 0 0 0 3 0 0 2 1 0 0 1 1 0 1 2 0 1 2 1 1 0 0 0 1 0 2 1 3\
 0 1 0 2 0 4 0 0 0 2 1 0 2 1 1 1 1 2 1 1 3 0 0 2 2 1 2 0 0 1 2 1\
 1 0 1 1 0 1 3 1 0 0 2 0 0 0 3 1 1 0 5 3 1 1 3 0 0 1 1 2 4 2 1 2\
 1 2 2 0 0 4 2 0 3 2 0 1 1 2 1 1 0 3 1 2 1 1 2 0 1 2 1 0 0 1 3 1\
 1 0 0 2 1 0 0 3 0 0 3 0 1 1 1 0 1 0 1 1 1 1 0 2 2 3 0 2 0 3 4 2\
 1 0 0 1 0 2 2 0 1 3 0 3 0 0 6 1 1 0 1 1 2 2 1 0 3 3 2 2 8 7 5 6\
 7 7 6 15 19 19 24 23 27 24 26 39 27 28 22 26 19 24 31 35 26 17 31 35 10 25 15 13 14 10 10 4\
 3 6 8 4 4 7 1 2 4 10 1 4 6 3 3 2 8 2 5 2 3 9 5 8 2 6 4 0 3 5 3 1\
 3 4 6 4 6 5 2 4 2 1 3 3 3 2 3 3 6 4 0 0 2 3 2 3 1 1 0 1 4 1 3 1\
 2 1 1 3 2 0 2 0 1 1 1 7 3 1 1 3 3 2 1 1 1 0 2 2 1 0 2 0 1 1 3 1\
 3 1 1 0 1 1 2 2 0 0 1 1 0 2 0 0 0 0 1 1 1 0 2 0 1 0 0 1 2 0 1 1\
 1 1 0 2 2 2 0 1 2 4 1 0 3 4 3 2 2 6 3 8 6 5 11 12 8 12 19 19 26 33 45 43\
 41 52 60 62 47 67 78 88 79 81 79 94 98 89 74 74 75 79 55 69 53 50 52 26 42 28 30 18 22 22 14 16\
 7 3 7 6 0 4 0 4 3 3 1 2 1 2 3 2 3 5 2 4 4 2 3 8 4 8 11 3 13 11 10 18\
 11 10 12 10 15 15 12 7 14 12 17 12 6 9 5 5 2 7 4 4 2 2 4 4 6 2 1 1 0 0 2 0\
 1 0 0 1 0 0 0 0 1 0 3 0 2 0 0 2 0 1 1 0 0 0 0 1 0 1 0 1 0 1 0 1\
 0 0 0 0 0 1 0 0 1 0 0 1 2 1 0 0 1 0 0 1 1 1 1 0 0 1 1 0 0 1 0 0\
 0 2 1 1 0 2 1 3 1 0 0 0 0 3 1 1 0 0 0 0 1 1 0 1 0 0 0 3 0 0 0 1\
 1 0 0 0 0 3 0 0 0 1 0 0 0 1 0 1 1 0 1 2 0 0 2 2 1 0 0 0 0 2 0 1\
 1 0 2 1 1 1 1 0 0 3 0 2 0 1 0 1 1 1 0 2 0 0 2 0 1 4 0 0 0 0 1 2\
 2 0 0 1 0 0 1 1 1 0 1 3 1 0 0 0 0 2 1 0 0 3 1 0 0 0 0 1 1 0 2 0\
 1 0 0 0 1 0 0 0 3 1 0 1 0 0 0 0 1 0 0 0 1 1 1 0 0 0 0 1 2 0 0 1\
 0 0 0 0 0 2 2 0 0 1 3 1 0 1 1 0 0 2 1 0 0 1 2 1 0 0 0 0 0 0 0 0\
 0 0 0 0 0 0 0 2 0 0 1 1 0 0 0 0 0 1 2 0 0 0 0 1 1 1 0 1 1 0 1 2\
 0 2 0 3 0 0 1 1 1 1 0 0 1 0 0 2 0 0 1 3 0 0 0 0 0 0 0 0 0 1 0 1\
 1 0 0 2 0 0 0 0 0 0 1 3 1 0 0 0 2 0 0 0 0 0 1 0 1 0 3 0 0 1 0 2\
 0 0 2 0 0 0 1 0 0 0 0 1 1 0 1 1 1 2 1 1 1 0 1 0 1 0 1 0 0 2 2 0\
 1 1 0 0 1 2 0 0 0 3 1 0 1 0 2 0 0 2 1 0 0 0 0 0 1 0 2 0 0 1 0 0\
 1 0 0 0 0 0 0 0 2 1 1 0 0 0 1 0 0 0 1 0 1 2 1 0 1 0 1 0 0 0 0 1\
 0 0 1 0 0 0 0 2 0 0 0 1 1 2 1 1 0 0 1 1 0 0 0 1 0 1 1 0 0 1 2 0\
 1 1 0 2 0 0 0 0 0 2 1 2 1 0 2 0 2 0 0 1 2 0 0 2 1 1 2 0 1 0 1 2\
 0 0 0 0 1 1 0 0 0 1 0 0 2 0 2 0 0 0 0 3 0 1 1 1 1 0 0 0 0 0 3 0\
 2 0 0 1 1 0 0 3 0 0 1 0 0 1 2 0 1 0 1 1 1 2 0 1 1 0 0 0 1 0 1 2\
 1 3 0 0 2 1 0 0 1 0 0 1 0 3 0 1 1 1 1 0 0 1 1 0 0 1 2 1 0 1 1 0\
 1 0 3 0 0 2 0 1 0 3 2 1 1 0 3 1 1 0 0 0 1 0 1 0 1 1 0 0 0 1 1 1\
 0 1 1 2 0 0 1 0 1 0 1 0 0 1 1 2 1 0 1 1 1 2 3 2 1 1 1 1 2 4 2 1\
 1 6 3 4 7 5 5 5 8 8 2 8 7 6 4 4 1 5 2 5 4 7 5 4 0 3 3 4 4 1 4 2\
 3 5 3 3 3 1 1 1 1 2 1 2 3 8 4 3 1 6 0 0 3 5 4 2 7 1 2 4 3 0 0 0\
 0 3 1 0 1 1 4 4 3 1 4 1 1 1 4 2 0 2 3 4 1 2 3 2 2 0 1 1 0 4 2 5\
 3 2 4 2 2 2 1 3 2 0 4 3 3 3 5 5 3 5 3 2 2 2 4 4 2 3 5 2 4 1 6 3\
 2 1 4 5 2 3 3 4 3 5 8 7 3 3 6 5 5 2 3 3 4 5 6 8 7 5 8 9 5 4 3 8\
 5 9 4 12 9 6 2 4 10 4 5 10 6 9 7 8 10 5 7 6 12 6 13 8 1 7 8 5 7 5 12 5\
 9 11 18 9 10 15 8 7 5 8 7 15 15 11 6 12 11 12 16 11 12 15 17 12 18 13 17 17 14 12 15 18\
 16 22 10 30 26 17 20 26 23 24 19 24 23 19 23 23 37 28 19 22 23 32 23 30 28 27 31 41 26 27 38 32\
 30 32 29 40 42 37 31 44 37 44 37 36 39 61 51 42 53 64 47 66 60 74 79 79 91 105 116 112 122 124 157 136\
 166 158 181 217 200 218 249 241 250 249 307 315 352 336 354 374 440 420 439 487 504 508 518 542 542 575 574 617 571 630 650 653\
 662 625 701 669 707 663 656 649 685 699 670 708 675 674 735 726 712 737 694 682 707 671 709 743 732 778 742 747 742 726 732 773\
 784 765 711 695 728 687 725 688 652 670 588 571 555 512 476 464 423 425 380 330 331 273 278 248 198 168 165 166 95 118 108 82\
 68 53 54 35 42 38 24 15 22 11 13 12 9 5 3 3 1 3 2 1 0 0 0 0 0 0 0 0 1 0 0 0\
 0 0 0 0 0 0 0 0 0 0 0 0 0 0 0 0 0 0 0 0 0 0 0 0 0 0 0 0 0 0 0 0\
 0 0 0 0 0 0 0 0 0 0 0 0 0 0 0 0 0 0 0 0 0 0 0 0 0 0 0 0 0 0 0 0\
 0 0 0 0 0 0 0 0 0 0 0 0 0 0 0 0 0 0 0 0 0 0 0 0 0 0 0 0 0 0 0 0\
 0 0 0 0 0 0 0 0 0 0 0 0 0 0 0 0 0 0 0 0 0 0 0 0 0 0 0 0 0 0 0 0\
 0 0 0 0 0 0 0 0 0 0 0 0 0 0 0 0 0 0 0 0 0 0 0 0 0 0 0 0 0 0 0 0\
 0 0 0 0 0 0 0 0 0 0 0 0 0 0 0 0 0 0 0 0 0 0 0 0 0 0 0 0 0 0 0 0\
 0 0 0 0 0 0 0 0 0 0 0 0 0 0 0 0 0 0 0 0 0 0 0 0 0 0 0 0 0 0 0 0


#S 7 mca_save_point Point:6 Scan:34 Datafile:20170218
#D Sun Feb 19 23:40:37 2017
#U Epics mca: dp_vortex_xrd74:mca1
#T 200  (Seconds)
#Q 0 -1.91807e-08 0.0219795
#Energy 0
#Monc 20223849 56204818
#@MCA %32C
#@CHANN 1000 0 999 1
#@CTIME 200 200 188.745
#@CALIB -48.775 5.7161 0
#N 1
#L Epics MCA
@A 0 0 0 0 0 0 0 0 0 0 0 0 0 0 0 0 0 0 0 0 0 0 0 0 0 0 0 0 0 0 0 0\
 0 0 0 0 0 0 0 0 1 0 0 0 0 0 0 0 0 0 0 0 0 0 0 0 0 0 0 0 0 0 0 0\
 0 0 0 1 1 3 3 2 2 1 1 2 3 3 6 8 10 6 10 10 11 12 12 12 19 9 12 16 21 15 19 30\
 25 10 18 21 19 17 20 28 25 16 16 18 14 22 29 17 30 18 18 22 16 21 23 21 19 20 18 16 14 15 21 19\
 23 17 22 23 24 20 16 16 19 20 11 19 29 20 6 19 23 27 16 23 13 21 26 34 20 23 28 27 24 24 17 23\
 28 33 20 25 15 18 14 18 20 11 16 17 19 17 11 15 12 16 14 18 21 22 18 26 18 18 12 14 15 13 13 10\
 11 6 12 18 12 16 12 17 11 12 18 15 14 11 19 20 22 13 13 12 21 9 15 14 13 19 18 11 10 17 12 13\
 14 14 15 16 13 16 17 12 9 14 15 12 13 14 9 11 18 14 11 12 11 15 11 9 22 18 10 10 26 11 12 15\
 17 14 12 18 12 15 24 13 17 21 29 13 12 14 19 19 20 15 16 8 8 20 14 17 13 14 10 14 17 15 21 13\
 15 16 10 14 23 12 23 18 18 13 18 21 16 12 11 14 13 21 17 17 19 14 12 30 16 14 18 10 16 14 20 24\
 20 14 20 20 6 24 17 18 19 20 20 17 23 19 23 16 26 23 29 27 39 37 38 25 28 28 27 34 23 25 25 26\
 18 21 17 17 28 16 18 15 23 19 14 12 21 17 19 10 20 20 24 12 15 13 12 18 12 20 20 14 15 16 15 14\
 13 14 19 20 19 11 18 13 14 17 17 22 23 17 14 18 23 14 14 12 18 16 22 12 15 16 21 10 13 18 22 19\
 19 20 14 23 17 18 25 19 19 26 16 23 18 16 17 22 22 24 23 25 37 20 30 35 36 49 44 65 69 75 81 126\
 103 178 196 190 250 261 307 338 378 382 404 456 483 464 489 510 495 522 482 472 476 416 423 372 319 296 250 239 194 173 139 140\
 126 94 90 79 68 63 63 67 56 64 48 54 68 66 70 80 69 81 68 80 69 62 62 71 58 50 45 41 38 36 47 36\
 24 37 33 30 26 29 23 31 30 20 20 17 14 17 13 16 9 18 16 16 16 10 12 25 18 11 19 8 16 14 10 16\
 11 9 17 14 17 16 8 19 11 21 24 16 15 15 22 11 20 12 20 11 17 10 9 9 16 19 10 15 10 21 19 11\
 18 26 13 21 17 16 21 16 24 16 13 23 19 16 10 13 17 20 11 21 12 12 18 11 15 23 21 27 23 14 18 17\
 23 22 24 20 11 17 19 23 17 25 30 33 24 29 43 44 40 46 72 73 78 113 142 155 204 238 264 336 363 502 527 629\
 731 779 939 977 1047 1084 1274 1278 1383 1463 1517 1451 1446 1431 1475 1392 1341 1257 1109 1101 1077 936 853 691 667 519 473 375 313 300 227 181\
 167 105 99 71 64 47 44 44 44 28 28 29 33 32 31 30 43 52 53 75 68 84 81 91 91 119 123 164 144 153 171 186\
 205 194 202 208 198 230 171 213 186 185 204 144 171 157 132 101 103 87 99 76 84 70 54 39 32 31 28 20 29 22 19 14\
 11 17 11 9 6 11 10 12 13 9 7 6 9 10 13 5 13 8 6 7 15 10 9 5 10 8 7 11 7 8 18 6\
 10 1 4 9 9 12 9 18 12 8 10 9 12 9 12 13 8 10 14 11 4 10 17 9 9 9 4 9 7 12 13 11\
 15 9 14 13 10 9 10 10 14 12 10 8 6 8 6 5 8 10 12 7 6 9 5 10 6 9 7 10 10 8 10 11\
 6 13 9 18 11 7 12 5 8 12 8 17 6 4 9 8 6 6 11 14 9 11 10 21 8 6 14 9 10 7 3 16\
 8 8 6 9 8 10 9 9 10 15 15 10 10 9 3 6 7 7 12 10 4 10 6 11 6 5 8 15 13 9 11 8\
 13 15 8 9 10 10 9 10 7 4 7 8 8 13 3 8 11 13 10 6 5 6 9 11 6 10 14 6 13 12 5 12\
 6 12 9 11 10 15 5 11 6 7 9 7 11 8 7 9 11 9 9 9 8 7 13 15 10 7 11 8 10 12 9 9\
 1 9 12 8 6 8 12 10 8 7 10 9 7 7 4 10 12 7 5 15 10 10 6 8 8 7 10 9 6 11 5 8\
 7 6 7 9 7 7 8 12 8 7 11 8 6 7 18 8 7 6 9 15 10 11 7 6 10 11 7 14 16 4 14 15\
 8 8 13 8 11 11 7 12 12 17 8 14 17 16 13 11 14 10 9 19 14 13 9 9 13 6 12 18 11 8 6 8\
 17 14 4 10 15 16 3 10 8 7 7 11 12 10 17 13 15 4 13 7 7 8 8 4 12 6 8 12 11 7 9 14\
 13 10 7 13 10 11 14 5 4 10 8 11 10 8 7 11 14 11 14 9 12 10 10 10 10 6 10 21 16 13 8 9\
 8 17 6 13 11 12 8 13 20 14 21 18 3 6 14 13 10 12 11 10 15 9 14 13 9 13 10 6 9 15 12 8\
 10 6 11 5 10 11 14 12 12 6 7 10 16 10 7 9 6 10 16 5 8 10 8 9 9 12 12 8 9 8 14 10\
 12 4 10 11 8 9 9 13 13 8 5 10 10 11 13 15 10 11 9 11 9 14 7 10 8 12 12 14 8 13 14 12\
 10 14 11 8 13 7 13 6 16 11 13 17 14 7 11 9 12 13 7 14 16 8 11 16 7 7 15 10 7 14 8 8\
 22 13 9 13 12 9 7 9 9 10 11 6 14 6 15 14 3 13 7 13 12 10 13 8 16 5 16 12 9 13 10 13\
 9 11 13 16 13 12 8 9 10 10 15 13 21 16 11 10 9 13 16 10 12 7 21 16 10 6 15 14 19 12 14 17\
 9 16 12 16 9 11 14 17 15 19 11 8 11 12 13 15 7 14 16 13 8 18 10 12 12 18 20 13 14 16 13 23\
 18 16 11 15 14 22 11 13 11 13 16 17 19 14 16 7 10 14 14 16 18 11 17 17 17 11 7 16 11 22 15 19\
 15 13 17 17 23 25 11 30 22 19 20 17 22 36 16 20 28 34 30 29 40 32 36 34 39 47 56 51 55 55 63 69\
 65 59 61 63 64 96 72 80 65 79 64 83 86 83 62 75 86 61 55 54 68 78 66 59 50 55 41 50 53 39 49 39\
 37 41 36 45 48 41 54 41 46 41 40 42 32 41 39 47 31 33 27 30 47 49 41 27 36 28 36 42 47 33 38 26\
 21 37 32 32 25 24 36 37 24 37 31 26 35 27 30 25 42 36 31 34 26 24 32 39 31 33 42 46 30 39 36 38\
 47 32 51 39 46 50 39 27 54 43 47 49 55 42 48 48 43 53 45 56 49 44 49 61 61 48 53 55 45 57 48 60\
 70 51 46 56 68 55 59 69 86 52 57 68 63 69 61 74 84 83 71 89 91 76 84 78 91 94 80 110 87 98 91 82\
 108 109 104 111 88 88 100 117 104 101 101 127 122 103 100 120 125 125 120 130 119 123 134 142 133 140 126 152 133 145 139 142\
 116 138 151 156 145 146 159 177 156 163 175 160 171 195 174 222 212 184 199 189 211 235 245 208 252 253 234 281 263 275 289 291\
 248 291 298 252 318 330 316 315 338 329 340 332 373 356 375 354 362 389 382 444 393 415 433 423 438 459 435 471 453 493 484 524\
 498 516 511 538 512 529 510 497 541 582 588 587 610 655 732 686 729 767 840 974 883 974 1081 1229 1195 1312 1430 1472 1658 1773 1942 2004\
 2268 2394 2604 2761 2937 3055 3352 3552 3737 4082 4401 4648 4841 5191 5521 5737 6028 6303 6633 6828 7014 7401 7691 7892 8152 8359 8783 8836 9245 9422 9256 9650\
 9552 9677 9757 9883 10132 10143 10137 10248 10211 10216 10345 10476 10538 10463 10482 10399 10539 10660 10743 10885 10822 11197 11256 11341 11278 11395 11808 11840 11959 12071 11847 11804\
 12036 11905 11852 11729 11692 11406 10885 11000 10737 10196 9853 9449 8782 8584 8074 7533 7142 6645 6077 5622 5079 4773 4064 3814 3369 2970 2720 2440 2033 1845 1530 1421\
 1236 964 859 736 629 514 382 362 308 250 199 146 115 114 70 66 44 44 27 18 14 15 9 6 4 4 1 2 2 2 2 2\
 2 1 1 1 0 0 0 0 0 0 0 0 0 0 0 0 0 0 0 0 0 1 0 2 0 0 0 0 0 0 0 0\
 0 2 0 0 1 1 0 0 0 0 0 0 0 0 0 0 1 0 0 0 0 0 0 0 0 0 0 0 0 0 0 0\
 1 1 0 0 1 0 0 0 0 0 0 0 0 0 0 0 0 0 0 0 1 0 0 0 0 0 0 1 1 0 0 0\
 0 0 0 0 1 0 0 0 0 0 0 0 0 0 0 0 0 0 0 2 0 1 0 0 0 0 0 0 0 0 0 1\
 1 0 1 0 0 1 0 0 0 1 1 0 0 0 0 0 0 0 0 1 0 0 1 0 1 0 0 0 0 0 0 0\
 0 0 0 0 0 0 0 0 0 0 0 0 0 1 0 1 1 0 0 0 0 0 1 0 0 0 0 0 0 0 0 0\
 0 0 0 0 0 0 0 0 0 0 0 0 0 0 0 0 0 0 0 0 0 0 0 0 1 0 0 0 0 0 0 1


#S 8 mca_save_point Point:7 Scan:34 Datafile:20170218
#D Sun Feb 19 23:44:06 2017
#U Epics mca: dp_vortex_xrd74:mca1
#T 200  (Seconds)
#Q 0 1.00323e-08 0.0229922
#Energy 0
#Monc 20250690 56213420
#@MCA %32C
#@CHANN 1000 0 999 1
#@CTIME 200 200 174.691
#@CALIB -48.775 5.7161 0
#N 1
#L Epics MCA
@A 0 0 0 0 0 0 0 0 0 0 0 0 0 0 0 0 0 0 0 0 0 0 0 0 0 0 0 0 0 0 0 0\
 0 0 0 0 0 0 0 0 0 0 0 0 0 0 0 0 0 0 0 1 0 0 0 0 0 0 0 1 0 0 1 0\
 0 1 0 3 1 0 4 2 6 5 4 9 14 16 14 17 10 21 27 19 27 24 31 35 31 41 31 26 37 39 41 43\
 40 30 44 35 39 44 30 39 46 48 47 61 39 35 45 46 43 45 49 29 48 53 44 37 49 32 46 47 44 41 47 49\
 37 43 41 47 38 48 45 47 45 43 40 42 45 40 53 52 41 48 41 38 64 77 55 69 54 54 58 62 50 58 63 59\
 47 51 44 57 45 44 51 42 41 38 32 38 43 46 38 37 38 38 28 34 42 41 41 29 31 38 32 25 38 31 42 39\
 33 37 43 41 33 50 31 33 29 26 28 34 30 34 31 35 36 33 24 36 33 34 34 29 32 35 36 36 28 36 31 34\
 29 29 21 38 27 27 33 43 42 26 31 40 32 25 39 28 38 29 29 32 33 30 20 32 25 33 40 24 36 40 34 35\
 41 34 32 36 40 37 42 40 40 38 45 31 31 30 31 45 38 33 39 41 44 31 30 30 35 28 30 33 32 23 35 25\
 34 39 37 36 34 28 31 35 32 40 44 34 37 39 42 39 50 35 43 49 55 52 38 41 44 43 48 45 40 34 45 46\
 48 40 35 46 41 29 39 34 39 48 38 51 48 49 38 50 58 41 64 64 60 76 81 64 84 83 68 70 65 62 72 60\
 55 62 50 48 35 32 41 49 39 35 32 31 40 34 43 42 30 24 27 36 34 28 31 29 34 29 44 41 45 27 40 33\
 36 44 31 37 38 30 39 43 37 39 42 65 47 44 47 40 37 47 48 38 52 47 50 45 39 53 41 43 43 36 40 54\
 34 30 37 40 42 38 56 43 45 42 46 52 34 41 54 51 45 49 40 64 46 71 55 88 66 86 134 128 127 187 217 247\
 328 348 421 492 557 589 689 855 897 951 1102 1094 1128 1215 1200 1167 1276 1152 1184 1138 1068 946 872 823 739 694 603 515 444 388 317 261\
 217 230 180 155 152 138 145 141 129 126 112 164 132 154 136 141 163 170 191 154 163 150 178 147 130 128 103 104 105 98 83 81\
 76 68 63 54 47 48 44 56 38 48 49 56 37 45 32 36 35 56 42 33 29 31 25 27 37 34 33 41 44 44 39 35\
 23 37 27 36 32 46 34 33 39 34 37 39 27 35 41 25 39 43 34 37 37 30 40 34 32 35 39 29 43 44 37 30\
 41 36 41 31 45 31 40 31 46 27 31 37 43 38 38 40 35 28 41 32 30 38 39 30 36 32 38 44 46 53 41 53\
 38 43 50 49 51 45 43 47 55 47 63 65 76 85 82 103 122 130 144 182 211 251 341 400 475 565 694 792 991 1090 1323 1458\
 1703 1975 2125 2297 2501 2897 2992 2975 3164 3271 3300 3431 3516 3435 3409 3214 3097 2950 2744 2454 2254 2136 1839 1637 1457 1227 1081 922 778 621 519 439\
 330 266 222 187 140 138 104 100 79 78 77 72 78 89 79 99 104 110 116 160 168 179 191 230 239 261 282 318 366 407 397 430\
 431 493 446 471 464 512 495 443 439 436 410 414 382 305 277 258 258 205 232 171 159 127 97 97 79 65 77 50 38 40 30 38\
 27 38 30 26 27 29 30 20 19 18 23 35 24 20 19 26 25 27 20 23 23 19 18 26 23 22 22 21 28 22 17 13\
 22 11 27 25 32 18 20 21 21 21 19 22 30 25 25 27 25 20 22 19 19 15 24 29 16 25 18 30 18 14 20 23\
 26 26 27 23 20 26 24 27 27 20 19 17 16 17 24 28 24 21 14 27 17 24 17 23 21 16 29 16 16 24 21 26\
 26 20 18 25 15 17 18 17 31 25 24 26 22 25 21 34 24 24 16 13 23 21 19 22 17 16 19 19 15 21 30 22\
 22 21 17 25 29 18 26 18 23 32 25 18 23 19 15 29 18 25 17 19 20 31 30 21 22 13 13 17 24 18 23 14\
 19 15 21 18 19 19 26 16 20 29 15 22 32 23 13 19 22 15 30 18 17 27 19 19 16 21 27 27 19 14 18 18\
 33 19 23 19 19 18 23 21 16 15 21 21 29 19 26 27 23 33 24 22 17 25 17 21 17 22 17 11 15 16 26 16\
 28 18 14 19 24 24 14 27 28 17 23 20 19 25 32 19 20 16 23 19 18 20 21 16 24 24 20 28 22 35 29 21\
 30 19 25 25 19 29 31 19 28 18 19 21 26 12 25 24 26 21 22 24 20 25 19 12 25 24 16 14 26 27 35 20\
 17 32 24 21 25 30 19 28 30 26 27 18 29 25 27 30 23 31 25 30 19 35 27 27 19 22 17 26 13 28 27 31\
 23 25 16 25 21 28 24 23 23 20 20 22 18 21 25 28 21 24 28 18 33 26 24 21 24 34 24 15 20 27 15 25\
 16 28 23 13 18 19 19 20 29 18 28 16 27 18 20 29 21 23 35 29 26 33 30 23 39 36 26 29 20 36 36 34\
 30 29 31 35 35 41 31 36 41 28 40 36 29 32 27 42 18 29 40 33 26 31 21 30 25 28 23 23 28 19 20 27\
 22 20 20 26 23 24 31 24 26 26 17 29 24 18 24 24 28 23 27 29 22 21 25 31 29 24 21 21 26 22 34 19\
 19 29 28 27 22 19 25 21 35 28 22 16 25 22 24 25 24 36 23 28 29 18 20 24 25 26 18 34 19 24 23 18\
 21 17 24 24 31 30 30 25 25 30 25 29 24 24 29 32 21 24 30 25 23 28 26 27 34 23 30 24 30 29 24 26\
 27 26 30 14 29 23 22 22 26 25 35 23 23 23 24 31 33 27 22 24 22 24 21 21 30 35 26 27 16 25 32 39\
 39 28 31 21 25 25 28 28 25 33 25 31 28 33 26 23 29 29 31 24 28 29 22 19 26 29 25 30 31 36 28 31\
 30 29 40 37 36 24 25 41 28 23 29 23 37 34 33 33 24 38 25 35 22 25 32 35 30 35 29 29 27 38 35 41\
 36 27 35 30 38 43 30 57 42 25 30 31 23 42 34 43 48 42 41 29 42 33 29 36 27 39 41 38 44 42 38 42\
 26 49 43 43 56 40 34 50 35 36 50 45 50 71 60 65 67 60 70 72 61 104 105 84 89 97 135 115 124 148 118 150\
 149 176 175 177 182 176 157 178 191 207 191 169 171 180 180 162 160 168 164 142 145 147 131 129 124 117 115 112 115 103 115 99\
 96 78 97 106 101 91 106 96 107 93 85 86 103 97 89 76 94 79 99 100 83 83 95 101 99 83 82 94 74 79 83 80\
 74 71 85 70 91 64 70 74 85 86 65 76 75 55 79 69 68 75 89 70 90 73 74 85 81 81 79 80 78 77 73 91\
 72 85 84 85 92 109 117 103 93 110 110 110 96 110 96 110 110 108 115 128 112 112 138 129 94 109 102 130 106 140 118 113\
 154 137 154 123 148 131 154 121 171 175 154 145 160 148 180 138 143 162 198 152 199 202 179 195 198 191 202 208 223 208 230 234\
 240 232 253 217 231 252 197 239 233 245 260 254 239 256 273 266 283 272 296 277 323 318 308 288 313 331 340 363 337 313 373 361\
 353 401 366 391 380 377 388 405 427 413 451 429 433 481 457 478 535 506 502 473 523 538 514 531 490 543 619 596 604 637 611 645\
 639 686 666 648 720 693 769 735 809 748 818 808 821 853 892 879 926 938 950 965 1024 1013 1007 1028 1057 1019 1038 1028 1079 1092 1128 1101\
 1100 1116 1193 1170 1225 1211 1265 1343 1330 1390 1355 1517 1527 1541 1696 1701 1749 1904 2070 2067 2204 2371 2629 2725 2901 3148 3345 3599 4020 4265 4471 4830\
 5332 5705 5934 6526 6920 7567 8052 8516 9120 9817 10331 10883 11789 12388 12942 13454 14273 14895 15782 16485 16993 17622 18748 18682 19416 20225 20715 21294 21638 22060 22194 22782\
 23261 23469 23447 23775 23788 23702 24094 24146 24198 24108 24258 24298 24389 24561 24725 24730 24697 24964 25047 25526 25799 26077 26104 26639 27128 27445 27773 28186 28241 28174 28469 28728\
 28619 28543 28308 28025 27839 26898 26601 25687 24982 23923 22849 21966 21132 19799 18874 17633 16372 14940 14003 12844 11569 10641 9579 8509 7582 6823 6000 5316 4688 4054 3420 2937\
 2511 2121 1865 1570 1258 1085 884 707 554 476 401 332 256 193 162 139 98 72 61 43 37 37 19 26 10 9 7 10 5 6 2 3\
 3 4 2 0 1 1 2 2 4 4 1 4 5 4 2 0 1 2 3 2 2 3 2 1 2 0 2 1 0 4 0 0\
 2 2 0 2 1 4 2 1 2 1 2 4 2 2 2 1 1 0 4 1 0 0 1 3 1 3 0 1 2 3 0 2\
 0 0 2 3 1 0 2 0 2 0 0 0 2 0 2 2 3 1 3 1 0 0 3 1 1 3 1 0 1 1 2 0\
 0 1 1 0 1 1 1 3 1 2 0 0 3 1 1 0 3 3 0 3 1 3 0 0 1 1 0 3 1 1 0 0\
 0 1 0 0 2 2 0 1 1 0 0 1 1 1 0 1 0 1 0 3 1 2 0 2 0 0 0 1 0 0 0 0\
 1 1 1 2 1 1 0 2 1 0 3 1 1 2 3 1 0 0 1 1 2 0 1 2 0 0 0 0 0 0 0 1\
 3 1 1 1 2 0 1 0 0 1 0 0 0 0 0 0 0 1 1 0 0 0 1 1 0 0 0 0 0 1 1 0


#S 9 mca_save_point Point:8 Scan:34 Datafile:20170218
#D Sun Feb 19 23:47:35 2017
#U Epics mca: dp_vortex_xrd74:mca1
#T 200  (Seconds)
#Q 0 -4.18348e-08 0.0239696
#Energy 0
#Monc 20251713 56107844
#@MCA %32C
#@CHANN 1000 0 999 1
#@CTIME 200 200 170.181
#@CALIB -48.775 5.7161 0
#N 1
#L Epics MCA
@A 0 0 0 0 0 0 0 0 0 0 0 0 0 0 0 0 1 0 0 0 0 0 0 0 0 0 0 0 0 0 0 0\
 0 0 0 0 0 0 0 0 0 0 0 0 0 0 0 0 0 0 0 0 0 0 0 0 0 0 0 0 0 0 0 0\
 1 1 0 0 3 4 3 5 3 5 6 10 11 12 14 15 13 17 23 16 29 26 35 30 33 30 44 47 45 42 42 48\
 50 39 60 41 52 52 51 55 49 52 53 48 48 58 49 43 56 53 60 65 45 48 57 50 45 51 49 50 48 40 49 46\
 56 56 54 48 51 29 57 49 52 41 62 57 48 42 42 59 39 49 57 54 47 71 59 67 63 53 67 74 61 60 73 68\
 61 62 54 50 63 47 46 51 55 38 46 45 43 51 51 47 43 60 32 47 49 41 39 45 45 33 40 59 38 52 49 45\
 43 44 42 50 37 45 36 39 39 46 28 45 31 51 46 34 39 44 32 41 45 34 36 50 40 39 46 46 46 36 28 36\
 48 38 37 37 39 37 33 39 38 41 34 37 22 37 38 37 39 32 53 34 33 42 26 41 33 38 37 37 35 34 39 39\
 43 41 39 50 53 44 41 38 36 39 40 53 44 38 40 28 42 38 41 34 35 38 41 47 44 47 52 46 37 39 47 49\
 38 50 33 52 41 27 45 43 37 45 40 35 52 42 52 49 53 54 54 48 46 42 55 51 64 41 52 40 46 49 35 55\
 44 45 39 39 41 49 37 42 49 54 59 55 64 51 54 68 65 56 66 74 97 66 80 95 99 85 101 82 70 89 79 69\
 64 68 59 48 59 57 43 41 49 48 58 47 40 36 30 40 40 45 52 41 52 47 32 31 42 41 57 44 45 41 51 44\
 40 44 38 48 51 52 31 39 56 50 45 43 48 61 50 68 38 71 57 48 41 51 61 41 54 62 46 50 78 46 65 60\
 58 47 47 42 54 47 49 58 34 46 57 55 61 57 49 63 64 60 61 58 57 69 89 86 114 90 115 141 196 193 256 275\
 353 439 531 544 656 754 838 943 1032 1036 1187 1318 1445 1393 1373 1475 1434 1358 1334 1266 1215 1235 1049 925 808 784 686 620 549 440 344 322\
 294 209 232 184 204 170 155 158 149 160 175 202 165 181 183 210 186 224 194 220 207 188 155 181 130 142 146 127 91 100 107 96\
 93 72 86 70 48 56 54 60 42 54 41 43 48 33 38 50 39 37 37 41 37 42 34 38 33 51 46 37 48 49 48 44\
 44 30 37 48 49 37 43 33 45 41 39 44 42 57 54 27 50 44 48 50 51 52 51 46 42 40 46 37 34 38 43 45\
 38 39 32 54 45 40 45 54 44 40 46 55 45 39 46 30 57 53 51 55 43 31 39 42 39 45 41 43 56 59 54 40\
 66 55 51 50 46 69 79 68 61 66 79 89 65 84 93 109 149 150 164 237 286 351 373 470 551 693 824 977 1152 1342 1551 1766\
 1978 2218 2501 2747 3003 3313 3552 3689 3858 3931 4154 4032 3962 4016 3961 3739 3608 3349 3127 2930 2624 2378 2108 1872 1571 1421 1205 1056 908 720 579 475\
 396 327 279 223 179 139 132 121 92 96 96 93 82 83 96 115 116 118 132 159 194 198 234 272 271 345 349 378 434 429 485 468\
 533 560 569 551 570 571 546 498 551 516 457 480 423 377 376 315 283 251 246 197 173 149 121 110 101 65 71 57 58 34 50 43\
 30 32 29 34 21 25 27 23 28 20 32 33 28 39 40 22 27 27 25 29 26 28 19 24 27 28 32 26 29 20 28 22\
 20 20 32 27 18 30 25 23 20 25 20 30 26 27 20 24 32 25 28 23 30 37 22 25 21 23 22 33 25 24 25 30\
 19 19 28 26 31 27 27 18 24 27 33 21 22 26 22 29 18 30 32 21 32 28 21 34 21 22 23 17 24 32 34 30\
 20 19 19 24 27 31 24 22 28 20 24 20 33 16 33 32 25 32 35 26 21 23 24 27 31 23 22 17 30 21 20 27\
 27 31 25 23 23 30 29 26 19 31 27 23 28 28 28 27 22 22 30 30 31 26 23 29 24 17 22 26 19 31 31 20\
 26 21 29 25 25 22 36 38 29 16 25 27 19 23 18 24 29 26 20 28 44 30 28 24 24 20 30 20 24 27 21 36\
 38 23 29 33 24 27 36 24 18 35 26 28 22 20 29 25 18 23 28 23 16 28 29 30 15 22 21 15 20 20 29 21\
 27 26 33 16 22 19 23 25 21 21 24 26 20 22 29 38 19 29 27 18 19 21 24 17 21 27 37 17 26 26 24 25\
 29 30 35 18 29 29 20 33 29 33 18 27 33 21 21 30 35 27 21 16 22 27 26 23 25 21 25 34 29 31 28 29\
 29 27 26 29 34 24 28 38 37 34 26 27 38 32 34 29 28 34 33 27 42 28 28 26 26 40 30 32 20 27 27 25\
 34 22 29 29 31 23 28 25 30 26 31 20 34 29 25 28 24 26 21 27 25 24 21 22 25 22 32 21 23 16 25 33\
 27 20 30 27 21 26 39 26 31 32 31 28 23 29 20 27 23 19 21 30 28 24 21 33 29 24 34 49 24 34 42 43\
 29 44 38 36 31 40 42 44 43 47 42 35 35 38 40 23 32 27 39 28 29 43 36 30 30 37 31 45 30 28 29 25\
 26 29 24 22 23 36 23 34 26 29 24 19 18 32 22 26 27 24 27 31 23 25 30 29 22 34 28 25 34 27 23 34\
 21 25 28 22 22 30 34 22 26 26 38 30 28 31 26 25 33 31 40 25 25 33 25 24 26 25 31 22 36 21 29 23\
 30 21 28 32 24 32 25 27 35 34 28 25 36 29 32 29 25 26 33 28 27 33 22 39 24 35 35 34 25 30 37 26\
 26 32 32 36 30 35 38 34 21 33 30 28 39 33 34 30 34 34 31 25 26 35 21 43 26 35 40 29 33 37 23 37\
 31 29 25 30 41 26 32 45 25 37 28 35 33 32 30 33 31 31 26 33 41 41 32 41 36 42 31 36 32 42 48 20\
 39 35 26 44 30 38 43 42 37 46 35 25 47 35 45 33 33 32 43 47 44 30 44 37 43 36 29 39 29 45 49 37\
 35 44 39 41 39 48 35 37 45 48 51 38 46 40 44 37 50 35 45 37 52 45 49 47 51 37 47 35 49 34 45 53\
 52 65 48 40 46 69 67 59 44 56 60 69 50 63 86 74 70 79 75 78 91 94 116 121 131 115 121 140 159 156 146 169\
 177 187 226 211 188 206 208 217 225 196 187 238 199 170 189 176 208 190 186 187 167 173 157 175 138 143 128 143 151 111 152 135\
 105 102 125 107 126 105 101 106 101 94 116 116 100 95 128 112 111 102 110 81 117 92 98 107 121 101 114 98 110 97 100 95\
 96 100 98 77 93 85 75 95 80 74 85 84 88 88 85 90 79 90 87 107 93 115 107 102 87 91 105 112 120 98 96 118\
 103 114 106 116 119 109 105 130 135 121 117 100 129 120 117 130 122 133 116 129 130 138 118 136 134 142 147 148 143 142 141 164\
 166 170 163 142 154 180 175 138 145 184 186 194 174 208 194 207 173 215 215 225 237 236 218 216 212 220 250 286 245 253 255 248\
 247 277 290 292 321 263 303 292 272 284 297 288 294 291 340 295 308 311 325 307 329 350 375 366 350 412 377 414 371 383 417 410\
 417 411 413 443 459 444 481 459 480 479 511 529 543 527 495 560 535 570 566 629 612 669 621 609 656 678 698 670 689 726 689 744\
 822 783 791 792 809 853 868 865 859 944 960 985 978 980 981 1031 1014 1053 1143 1147 1104 1176 1137 1216 1171 1220 1265 1178 1267 1294 1255 1322\
 1363 1324 1410 1390 1415 1391 1428 1625 1615 1673 1676 1677 1761 1859 1862 2103 2083 2282 2342 2433 2635 2811 3060 3133 3512 3738 3962 4293 4644 4940 5522 5657\
 6144 6699 7125 7698 7905 8674 9361 9966 10627 11355 12066 12998 13686 14322 15038 15934 16732 17513 18365 19237 19924 20812 21512 22027 22722 23274 24281 24826 25381 26020 26208 26550\
 27255 27544 27969 27936 27546 28151 28279 28207 28476 28314 28682 28639 28668 28536 29056 28888 29060 29029 29498 29752 30005 30826 31114 31523 31990 32130 32330 32679 33180 33329 33780 33668\
 33462 33512 33395 33051 32081 31987 31259 30558 29536 28616 27183 26032 24444 23358 21841 20372 19100 17735 16309 14954 13622 12299 11317 10076 8843 7898 7063 6179 5323 4720 3970 3386\
 2840 2483 2171 1831 1545 1207 1027 813 656 512 488 343 275 253 204 146 115 92 93 49 49 34 31 15 17 12 13 10 13 3 6 1\
 8 3 3 7 3 3 3 1 3 5 5 1 2 3 5 0 3 2 3 4 1 1 2 4 0 1 5 1 3 3 2 2\
 6 2 1 1 1 1 3 1 1 0 4 3 2 1 0 1 2 4 4 0 8 1 4 2 0 2 1 6 2 2 4 2\
 3 3 4 0 2 3 2 2 0 3 0 1 2 1 4 2 3 3 0 0 2 2 0 2 2 1 2 1 0 4 1 1\
 1 1 2 1 2 2 3 1 0 2 1 0 1 3 4 1 1 0 6 2 0 2 1 0 1 2 3 3 0 0 1 1\
 0 3 1 1 0 0 0 0 0 0 2 1 1 2 1 1 1 2 0 0 2 1 1 3 2 3 2 3 1 3 1 0\
 2 1 1 1 2 1 1 1 0 2 2 0 1 3 0 0 0 0 0 0 0 2 0 1 0 0 1 0 0 1 1 0\
 3 0 0 0 0 0 2 0 1 1 2 0 0 2 0 1 0 0 1 0 0 1 1 2 1 0 0 0 2 0 0 3


#S 10 mca_save_point Point:9 Scan:34 Datafile:20170218
#D Sun Feb 19 23:51:04 2017
#U Epics mca: dp_vortex_xrd74:mca1
#T 200  (Seconds)
#Q 0 2.18205e-08 0.0250044
#Energy 0
#Monc 20284896 56251893
#@MCA %32C
#@CHANN 1000 0 999 1
#@CTIME 200 200 167.822
#@CALIB -48.775 5.7161 0
#N 1
#L Epics MCA
@A 0 0 0 0 0 0 0 0 0 0 0 0 0 0 0 0 0 0 0 0 0 0 0 0 0 0 0 0 0 0 0 0\
 0 0 0 0 0 0 0 0 0 0 0 0 0 0 0 0 0 0 0 0 0 0 0 0 0 1 0 1 0 0 1 0\
 0 0 1 3 3 3 5 3 5 8 12 12 10 15 16 12 17 27 19 37 29 40 39 37 43 36 35 37 52 37 66 52\
 57 58 78 62 54 59 43 52 48 49 57 54 54 53 40 52 49 54 64 75 52 48 64 46 55 54 52 53 51 47 62 54\
 54 54 50 52 45 45 48 41 60 59 55 49 58 55 40 61 63 60 65 54 59 66 72 86 76 65 66 61 69 80 61 65\
 58 63 51 57 63 67 66 55 57 50 51 51 44 51 32 48 42 44 51 51 46 35 48 39 34 45 56 44 46 50 37 51\
 34 43 48 57 36 50 51 42 39 39 36 36 35 36 37 39 35 35 41 36 41 44 40 40 44 45 34 52 44 42 31 49\
 50 38 34 39 43 35 41 42 30 40 46 37 53 45 43 46 53 30 26 36 26 37 25 38 47 40 44 37 46 49 48 42\
 44 49 43 40 48 39 38 33 47 42 41 53 31 44 46 35 44 34 41 38 40 45 36 43 45 44 41 43 42 45 48 45\
 45 42 52 45 46 43 51 58 41 38 40 41 47 45 50 47 56 53 41 49 59 37 51 46 56 53 53 54 48 52 47 42\
 53 50 56 36 59 49 43 44 58 62 56 55 55 72 68 78 63 78 95 95 63 77 85 81 107 83 82 87 89 68 82 83\
 76 62 70 62 65 49 61 58 48 44 40 52 49 42 66 49 42 43 51 40 44 43 41 38 46 38 45 42 50 54 58 46\
 48 43 49 53 56 57 49 44 46 50 59 44 49 62 68 55 61 57 56 60 59 59 66 59 47 51 52 57 40 71 62 58\
 85 59 52 56 62 50 46 47 57 79 55 57 70 56 57 60 74 65 62 65 71 83 70 96 105 121 142 147 179 225 262 322\
 388 449 543 641 709 804 898 951 1104 1234 1391 1402 1384 1520 1521 1531 1523 1477 1489 1412 1324 1268 1112 1068 931 823 711 596 556 423 419 325\
 276 242 219 194 186 151 171 146 155 189 171 202 183 173 178 205 199 190 192 186 204 207 186 199 149 172 135 131 122 100 89 108\
 76 80 92 63 54 54 59 49 41 45 39 49 58 58 53 41 41 43 47 46 43 48 30 44 42 49 33 46 35 40 42 40\
 39 40 48 45 37 43 41 37 38 53 55 38 33 42 47 49 50 49 37 47 48 45 52 48 53 56 44 48 51 55 59 39\
 57 58 39 57 50 60 43 51 45 39 42 44 40 49 53 50 47 38 42 46 58 56 62 49 44 50 49 54 54 47 56 70\
 68 67 55 58 52 52 67 89 72 76 73 96 74 115 110 119 141 181 195 255 293 349 393 508 627 731 873 1063 1244 1461 1704 1850\
 2223 2408 2679 2993 3229 3503 3623 3981 4018 4177 4197 4372 4338 4248 4141 3918 3826 3602 3274 3135 2888 2586 2362 2092 1803 1620 1359 1169 944 748 681 533\
 405 353 288 248 209 174 160 113 102 116 102 80 90 101 101 109 123 136 171 174 192 215 222 269 305 346 364 403 447 473 519 524\
 573 512 598 607 664 609 593 574 557 530 515 512 425 449 331 331 284 290 242 231 181 162 153 121 100 83 88 54 60 47 41 40\
 39 33 33 38 31 37 24 41 32 27 27 31 32 27 32 29 43 27 28 34 23 28 46 32 23 24 29 39 40 26 36 24\
 20 30 29 32 23 29 22 24 19 22 23 38 39 33 29 19 25 13 30 25 27 23 19 24 25 23 32 25 32 27 33 28\
 23 22 32 22 32 26 27 33 25 33 31 32 28 31 31 31 34 40 28 30 22 26 23 31 32 35 25 32 28 27 32 23\
 23 22 25 32 19 40 19 24 33 31 30 25 32 23 13 22 28 34 29 19 31 26 34 19 29 35 25 25 25 26 23 22\
 28 27 29 28 43 25 17 31 28 24 25 33 23 26 21 25 13 32 26 25 27 24 21 33 33 31 24 21 19 22 28 35\
 23 22 31 27 37 25 27 29 25 20 23 39 26 31 21 33 21 28 27 28 24 29 18 33 25 22 32 20 37 23 25 26\
 25 29 23 26 23 37 18 24 18 28 32 31 27 35 24 23 23 26 26 23 22 28 34 28 28 31 20 24 33 31 24 30\
 30 29 34 30 28 29 32 28 24 24 30 13 35 23 36 22 21 25 25 26 29 27 23 23 29 23 24 34 34 25 21 32\
 24 26 27 30 32 28 29 30 27 19 22 35 27 28 23 28 34 17 28 22 25 23 22 30 30 19 18 31 26 24 25 34\
 24 28 36 35 27 26 32 33 41 27 24 37 29 26 29 30 20 36 32 39 30 39 35 53 29 28 36 28 24 25 32 28\
 29 27 33 36 24 29 27 19 23 27 34 29 31 28 23 25 28 31 17 24 26 35 29 29 34 26 25 27 33 16 30 37\
 27 38 31 26 30 28 33 33 21 35 29 39 22 28 37 28 31 37 45 32 27 33 34 37 23 33 42 31 35 37 37 43\
 46 29 40 40 49 47 44 50 42 48 37 34 40 56 39 32 33 31 31 44 28 37 27 41 35 40 27 34 40 32 31 41\
 32 36 27 26 29 33 26 27 32 32 32 26 29 24 32 31 31 26 27 21 33 30 29 33 30 30 34 24 32 29 25 24\
 29 25 30 23 35 27 35 27 37 28 28 21 31 27 26 27 19 27 30 29 33 29 30 34 44 29 29 37 33 28 38 25\
 31 28 33 29 20 37 33 33 22 32 42 33 39 32 41 27 32 34 36 41 38 27 27 29 30 37 28 35 31 45 33 32\
 28 29 44 45 29 46 33 30 26 24 46 32 34 39 43 35 33 26 31 43 29 29 28 31 34 30 28 28 46 33 42 39\
 51 43 53 34 46 36 34 50 32 28 41 36 34 36 38 37 32 38 32 32 57 38 40 29 38 34 28 32 33 49 44 36\
 51 38 38 44 39 33 36 46 39 48 41 37 36 45 27 55 30 42 34 36 33 31 43 43 50 36 33 43 47 41 50 41\
 46 43 41 45 41 47 41 37 53 34 45 38 53 57 40 48 62 47 44 53 47 44 55 35 50 50 46 54 43 43 49 47\
 44 52 51 38 55 50 55 58 57 55 58 60 77 69 58 79 74 72 92 93 114 97 125 108 122 127 157 154 171 171 165 180\
 206 177 201 212 225 252 247 263 215 215 193 202 241 218 213 198 215 200 182 192 190 176 175 179 183 153 167 143 132 142 123 133\
 131 130 129 122 129 115 121 110 109 125 128 101 141 105 131 119 117 113 109 113 119 119 91 116 135 104 112 103 112 97 105 111\
 108 82 94 101 89 99 108 88 101 112 90 99 104 79 113 106 86 107 110 100 104 107 94 104 104 83 124 98 105 106 110 108\
 87 144 125 128 121 124 142 132 118 140 143 134 152 138 133 151 151 130 140 134 130 134 138 151 160 134 143 167 161 175 170 204\
 164 169 155 189 179 176 202 189 179 205 178 222 187 219 206 213 205 199 214 213 248 251 221 254 267 264 263 242 255 259 281 273\
 276 315 294 292 319 349 334 327 304 304 344 339 344 347 306 371 348 367 350 389 364 381 391 409 418 410 393 406 433 434 448 412\
 439 433 460 478 449 473 502 491 526 500 512 519 527 601 585 619 601 646 607 652 682 648 688 710 694 766 730 784 774 778 788 754\
 786 831 910 871 864 895 935 916 989 1065 1006 1001 1054 973 1132 1056 1164 1181 1113 1245 1261 1298 1240 1267 1344 1391 1381 1382 1427 1401 1420 1429\
 1532 1499 1500 1523 1576 1561 1578 1651 1739 1752 1783 1815 1937 1995 2030 2121 2201 2441 2572 2652 2839 3012 3306 3460 3585 3983 4337 4615 4924 5350 5651 6281\
 6330 7149 7838 8081 8856 9476 10206 10988 11579 12231 13154 13821 14822 15535 16619 17252 18373 18799 20127 20840 21587 22600 23410 24022 24964 25368 26374 26590 27588 27940 28422 28973\
 29276 29458 29626 29836 30056 30517 30564 30363 30592 30992 30712 30534 30786 31001 31040 31411 31432 31552 31750 32044 32568 32673 33216 33691 34540 34614 35264 35394 35944 36053 36120 36487\
 36250 36609 35806 35802 35150 34501 33754 32609 31703 30672 29439 28080 26764 24896 23910 22405 20468 19094 17573 16112 14707 13143 11881 10686 9616 8249 7322 6577 5622 4858 4280 3676\
 3105 2637 2252 1846 1524 1313 1092 863 650 609 487 376 313 286 179 154 114 97 90 51 40 40 29 20 20 16 11 4 11 8 6 6\
 5 7 2 6 5 4 6 4 3 2 2 3 4 5 0 6 2 3 3 2 7 2 4 2 4 1 1 2 7 1 3 2\
 2 4 3 0 4 1 3 2 4 3 1 4 6 3 1 4 5 4 2 3 2 3 2 1 5 3 2 1 5 4 1 3\
 5 4 3 1 1 2 4 2 2 3 2 3 4 2 0 1 2 3 2 4 1 1 3 3 0 1 0 1 2 2 1 5\
 2 1 2 2 1 2 2 1 2 1 1 2 2 3 0 3 4 5 2 2 1 1 1 3 3 2 1 3 1 4 1 1\
 2 4 1 0 2 0 0 3 1 2 0 4 1 2 2 1 4 1 2 3 1 2 1 3 1 0 1 1 2 0 0 0\
 5 1 2 0 2 2 0 2 0 1 0 2 1 2 3 1 2 2 3 2 2 0 2 3 2 0 1 0 0 0 1 0\
 0 0 1 1 2 1 0 1 1 1 0 1 2 0 4 1 1 1 2 0 3 0 0 0 1 1 0 0 1 1 0 1


#S 11 mca_save_point Point:10 Scan:34 Datafile:20170218
#D Sun Feb 19 23:54:33 2017
#U Epics mca: dp_vortex_xrd74:mca1
#T 200  (Seconds)
#Q 0 -3.40101e-08 0.0259818
#Energy 0
#Monc 20140027 56158024
#@MCA %32C
#@CHANN 1000 0 999 1
#@CTIME 200 200 166.201
#@CALIB -48.775 5.7161 0
#N 1
#L Epics MCA
@A 0 0 0 0 0 0 0 0 0 0 0 0 0 0 0 0 0 0 0 0 0 0 0 0 0 0 0 0 0 0 0 0\
 0 0 0 0 0 0 0 0 0 0 0 0 1 0 0 0 1 0 0 1 0 2 0 0 0 0 0 0 1 2 1 4\
 0 3 2 1 1 2 2 5 6 6 7 10 5 16 16 16 16 24 34 33 28 35 29 37 30 51 54 50 49 55 62 51\
 56 46 52 55 63 60 64 55 51 54 54 42 51 53 65 55 45 62 54 68 60 65 45 51 63 69 55 73 46 62 52 58\
 56 58 47 62 47 74 51 45 55 49 58 70 76 57 71 74 61 55 61 74 68 61 79 74 87 81 91 71 83 82 70 75\
 73 80 59 48 51 48 50 67 61 52 44 61 44 42 67 44 43 49 54 42 45 47 57 34 47 47 55 44 44 42 50 54\
 53 39 55 45 38 51 43 48 45 49 42 48 43 42 43 48 41 37 42 41 51 44 45 43 51 52 36 41 46 49 40 39\
 49 52 52 45 34 50 39 35 33 56 37 53 33 42 38 39 33 44 42 49 50 48 39 40 47 38 49 37 43 42 47 44\
 39 46 41 45 51 45 57 49 35 40 39 37 49 47 35 52 41 47 45 53 32 46 49 55 47 43 43 42 42 50 47 61\
 35 39 51 43 49 43 57 44 66 46 52 56 47 39 48 42 48 48 60 57 58 67 59 62 58 66 64 50 53 43 56 37\
 55 44 43 46 52 57 39 43 52 55 67 59 70 72 55 56 79 75 85 89 92 78 88 86 81 98 81 90 70 86 68 79\
 82 76 59 71 72 67 53 49 61 51 42 47 52 49 47 51 48 49 47 50 38 60 50 37 50 55 44 42 50 37 61 49\
 54 48 52 52 52 49 56 46 52 52 54 47 54 61 64 68 48 58 54 71 50 49 62 51 54 60 61 54 61 58 48 53\
 51 51 67 52 56 54 68 51 57 56 62 64 63 58 65 63 79 77 66 74 74 98 100 98 119 99 118 157 193 234 249 344\
 375 461 493 648 732 812 958 1012 1089 1227 1398 1402 1599 1566 1576 1633 1635 1520 1513 1495 1329 1303 1166 1063 933 843 799 595 525 495 384 338\
 308 264 223 209 190 167 177 188 170 183 203 190 188 222 208 202 242 221 198 227 217 186 175 186 177 138 165 131 130 126 89 106\
 82 76 78 68 71 61 69 58 52 47 48 51 40 44 46 46 39 50 39 45 36 59 60 48 36 53 49 39 44 48 37 44\
 48 37 46 47 49 43 36 41 42 44 49 61 48 48 48 44 51 40 49 50 50 51 58 42 48 52 60 48 46 52 54 46\
 51 39 57 56 54 50 57 51 48 51 57 48 55 58 61 47 48 51 60 60 45 43 38 51 55 50 56 43 56 58 50 66\
 44 59 52 52 64 60 61 67 66 70 80 96 102 95 130 139 129 177 210 262 285 377 446 532 668 764 919 1064 1303 1499 1715 1974\
 2250 2509 2832 3122 3341 3657 3819 4110 4318 4529 4430 4488 4519 4457 4350 4110 3939 3787 3536 3268 2994 2573 2418 2164 1934 1581 1378 1168 1020 792 637 566\
 454 389 324 241 190 186 156 122 92 94 111 86 92 106 111 126 142 147 155 198 207 202 267 282 311 356 377 437 508 521 486 548\
 586 574 622 607 628 613 608 670 611 555 525 495 448 377 383 343 330 278 265 232 188 163 157 138 106 100 103 73 59 42 44 39\
 38 38 36 32 42 38 27 30 33 38 41 29 39 29 24 42 31 33 19 28 46 29 30 25 36 25 27 33 27 30 42 27\
 29 36 29 27 30 26 26 29 21 30 27 30 36 29 29 41 27 26 29 23 24 27 30 32 32 23 28 31 35 26 22 22\
 21 40 23 28 33 28 44 34 20 26 20 30 26 31 28 29 30 21 32 26 29 26 32 35 28 26 31 31 24 24 25 37\
 35 34 34 38 35 37 24 17 33 28 26 27 24 21 43 24 28 26 34 25 32 36 29 34 31 31 38 22 32 33 33 28\
 22 28 30 32 33 27 42 29 24 28 38 25 28 20 34 42 23 38 28 33 34 33 32 32 41 24 34 32 24 24 24 21\
 28 29 24 21 32 27 34 25 36 35 34 21 23 31 34 27 36 29 15 28 26 30 28 33 27 26 26 24 20 29 25 30\
 27 26 23 31 29 25 36 32 23 27 27 23 30 36 31 34 35 37 23 30 21 24 35 32 26 29 28 30 41 34 23 27\
 31 31 29 31 31 39 37 32 33 40 24 27 25 29 33 17 21 28 33 20 32 32 23 35 29 24 31 30 30 29 23 22\
 21 25 29 31 23 26 32 26 35 22 31 20 24 29 18 32 21 34 39 23 24 40 30 28 39 29 27 32 30 36 33 32\
 33 29 35 39 37 37 22 36 39 33 48 38 39 42 39 40 37 42 35 35 36 33 57 34 38 35 24 34 40 33 39 30\
 33 33 33 34 39 33 28 32 37 31 32 23 27 35 31 34 30 33 20 35 25 32 32 25 20 29 22 26 29 32 28 28\
 21 36 32 33 34 38 36 35 26 29 28 39 35 38 27 32 26 32 46 39 34 24 21 35 25 38 32 37 36 38 39 42\
 47 44 42 45 34 23 33 32 39 41 35 44 42 38 39 49 46 36 39 41 34 46 32 42 35 35 31 36 36 34 33 27\
 26 32 36 30 26 26 27 34 29 31 33 30 23 30 36 35 25 39 33 42 24 35 28 30 34 27 34 36 20 34 35 40\
 22 23 30 34 32 26 23 33 30 29 24 42 32 34 33 29 29 21 35 31 27 39 39 35 38 43 31 33 44 32 37 33\
 28 29 28 34 25 39 34 38 38 31 30 23 38 33 34 28 33 38 40 41 28 34 42 37 36 30 44 30 41 33 37 41\
 36 33 35 27 40 28 33 44 31 43 31 34 37 32 40 31 33 30 33 30 30 34 38 27 34 48 44 42 41 33 33 42\
 38 36 42 38 35 40 41 28 37 33 37 37 35 36 41 39 40 35 40 40 34 50 36 51 38 46 45 43 52 37 37 38\
 36 53 33 43 40 39 45 44 39 34 33 35 48 59 55 39 46 38 41 32 47 45 49 54 58 36 35 54 52 39 37 39\
 32 30 40 47 33 51 34 42 43 52 49 55 43 40 50 46 40 39 55 47 50 53 48 42 55 57 61 51 50 56 54 52\
 43 50 46 58 57 67 57 65 59 72 54 63 66 65 79 81 85 92 88 105 104 108 111 142 156 152 136 151 176 168 187 185\
 192 233 216 223 215 212 228 238 236 239 193 258 255 214 234 229 206 236 206 202 202 161 169 189 157 151 156 153 157 138 131 132\
 123 143 124 143 117 126 121 109 129 137 118 112 126 102 135 113 129 129 145 147 124 132 134 137 119 120 105 114 126 98 103 110\
 117 106 105 99 113 107 86 114 104 90 110 117 95 97 87 115 106 111 102 112 116 103 99 98 127 108 127 126 135 126 113 120\
 136 132 119 119 134 151 111 137 135 131 134 131 140 140 126 150 130 139 153 147 154 159 170 149 158 188 170 170 168 187 177 181\
 187 178 170 202 208 189 183 194 196 203 221 212 216 209 258 197 243 260 253 236 229 268 258 256 280 275 264 282 266 272 250 292\
 279 302 299 299 317 317 335 321 291 330 341 353 356 415 369 381 359 374 364 421 382 411 415 422 387 421 410 440 437 422 454 487\
 484 487 481 484 482 528 527 489 584 575 566 582 620 606 577 618 645 624 627 661 726 669 730 723 773 748 719 747 786 832 830 927\
 888 904 934 907 921 961 973 1046 1002 1029 1002 1120 1086 1107 1204 1217 1256 1151 1248 1294 1253 1238 1315 1373 1410 1404 1452 1396 1505 1396 1484 1491\
 1500 1572 1607 1599 1749 1720 1745 1717 1721 1823 1875 1892 1989 2047 2145 2295 2393 2524 2601 2880 3065 3079 3446 3686 3937 4154 4472 4857 5219 5541 6006 6434\
 6991 7506 8102 8743 9214 9982 10511 11387 12029 12728 13699 14382 15543 16350 17124 18184 18902 19924 21087 21757 22704 23438 24202 25130 25701 26759 27290 28279 28808 29159 29442 30334\
 30538 31247 31042 31576 31653 31648 31971 31627 31925 32040 32197 32160 32054 32132 32391 32814 32875 32857 33351 33781 34008 34502 34646 35349 35644 36344 36730 37347 37430 37793 37924 37844\
 37911 37934 37802 37237 36511 35927 35011 34288 33379 32088 30807 29227 27791 25993 24832 22813 21467 20067 18587 16823 15042 13755 12433 10994 9919 8748 7755 6744 5924 5047 4385 3833\
 3234 2703 2245 1897 1522 1329 1056 861 746 582 487 402 324 256 170 148 116 107 79 43 45 30 36 29 22 21 11 14 21 11 4 11\
 3 3 4 4 1 2 6 1 3 0 6 5 3 5 2 6 2 4 5 1 3 2 5 4 2 2 4 4 8 4 6 2\
 5 4 4 2 1 5 4 2 3 1 1 2 5 2 1 4 2 5 2 4 4 2 2 10 2 4 4 2 0 4 4 1\
 2 4 1 3 3 1 0 1 3 4 3 2 2 1 3 2 2 6 3 1 6 2 2 1 3 3 5 2 1 3 4 2\
 3 3 2 2 0 1 1 2 3 1 2 8 3 1 0 2 5 2 1 2 0 3 2 1 1 4 2 2 1 3 3 1\
 1 2 1 2 3 1 2 2 4 1 1 0 2 2 1 0 1 1 1 1 2 3 0 3 2 0 1 1 0 0 1 1\
 2 2 3 3 2 1 1 0 0 2 1 2 0 2 2 3 2 2 0 5 1 1 1 1 3 2 2 1 3 0 2 4\
 0 0 1 0 4 1 1 1 1 0 0 1 1 0 4 2 1 0 1 1 1 1 0 0 0 1 0 1 2 1 2 1


#S 12 mca_save_point Point:11 Scan:34 Datafile:20170218
#D Sun Feb 19 23:58:02 2017
#U Epics mca: dp_vortex_xrd74:mca1
#T 200  (Seconds)
#Q 0 0 0.0269945
#Energy 0
#Monc 20082002 56227847
#@MCA %32C
#@CHANN 1000 0 999 1
#@CTIME 200 200 164.791
#@CALIB -48.775 5.7161 0
#N 1
#L Epics MCA
@A 0 0 0 0 0 0 0 0 0 0 0 0 0 0 0 0 0 0 0 0 0 0 0 0 0 0 0 0 0 0 0 0\
 0 0 0 0 0 0 0 0 0 1 0 0 0 0 0 0 0 0 0 0 0 0 1 0 0 0 1 1 1 0 1 1\
 1 1 3 1 3 2 7 8 4 10 8 11 10 9 18 21 20 25 17 36 31 44 27 36 43 42 55 41 39 60 58 53\
 57 50 80 48 70 56 68 51 56 67 63 54 55 55 61 71 61 69 53 64 64 57 61 68 74 56 62 60 47 46 61 76\
 68 55 58 52 65 66 67 59 45 66 47 52 76 61 57 59 50 57 65 89 68 75 78 73 66 79 70 87 86 78 69 82\
 78 71 74 52 63 59 68 45 58 53 56 51 36 42 47 44 56 49 54 61 37 63 48 47 49 53 49 52 51 61 48 55\
 58 44 58 49 40 58 52 45 54 38 63 49 44 37 41 32 37 38 42 35 44 30 49 41 38 51 41 35 39 42 37 39\
 35 49 39 41 53 55 41 52 43 36 47 40 43 44 35 59 39 37 42 37 49 33 51 43 39 48 40 40 58 36 44 27\
 48 44 54 39 55 37 42 43 47 43 59 58 46 36 43 43 49 50 47 57 49 40 48 37 56 41 59 42 53 49 42 40\
 52 46 47 51 35 44 41 41 38 61 50 46 56 55 62 55 64 54 57 60 59 57 48 57 58 56 56 50 49 50 54 59\
 53 52 52 59 56 55 53 53 55 49 57 48 68 67 66 74 60 70 91 67 89 78 98 98 95 104 102 85 78 112 85 68\
 71 71 60 56 86 52 69 56 43 57 55 54 48 45 52 44 42 50 54 45 58 50 45 54 51 50 49 55 50 53 51 39\
 55 58 43 58 57 57 54 63 70 62 67 55 60 67 53 62 65 64 71 62 76 51 59 56 72 46 62 61 53 52 69 65\
 69 63 75 54 57 57 48 66 54 54 64 64 65 64 76 74 67 72 83 77 73 87 95 103 108 124 145 165 203 250 275 267\
 400 452 537 657 822 829 958 1073 1206 1312 1402 1435 1557 1654 1648 1684 1652 1625 1624 1504 1422 1305 1175 1072 969 860 775 683 558 486 419 361\
 344 279 217 206 207 182 184 176 184 185 212 205 179 225 199 216 208 205 209 256 185 236 168 184 163 177 169 139 110 109 107 116\
 117 71 68 83 57 67 65 60 48 57 66 44 45 48 48 45 37 52 51 55 39 58 50 49 45 41 39 44 46 45 48 56\
 63 49 43 52 50 56 42 43 46 56 42 46 38 57 50 50 56 48 46 52 46 48 53 45 52 46 58 54 56 54 52 46\
 52 53 55 50 45 65 52 55 53 48 54 59 45 61 55 50 49 65 33 43 52 54 57 53 58 68 53 49 64 63 57 65\
 66 60 66 60 59 76 73 66 62 68 94 85 89 105 105 120 188 200 223 268 306 427 487 576 657 826 994 1145 1341 1545 1837 2069\
 2439 2719 2940 3241 3517 3822 3974 4190 4395 4543 4654 4655 4550 4609 4564 4363 4158 3959 3659 3278 3070 2778 2476 2163 1957 1669 1414 1224 999 880 727 571\
 533 395 310 262 198 165 148 128 119 116 78 106 106 104 114 115 146 147 187 185 219 244 271 310 356 406 416 391 507 518 570 580\
 646 657 689 632 667 618 637 625 633 573 553 537 502 485 394 369 338 280 253 229 213 185 150 121 118 95 75 72 58 57 32 44\
 35 29 35 35 46 38 37 32 27 32 27 30 27 44 30 29 40 28 29 37 30 35 29 32 27 31 26 31 33 31 40 25\
 33 28 25 32 34 36 29 30 42 34 34 27 34 20 22 34 30 38 19 29 29 33 28 30 33 34 29 47 26 24 32 30\
 39 28 36 25 26 28 44 33 33 24 30 28 35 27 34 32 36 24 30 20 33 29 28 33 26 21 29 34 33 32 30 22\
 33 36 34 24 32 32 22 26 35 29 26 26 27 31 30 42 33 18 30 37 37 29 34 31 33 18 23 26 29 26 31 28\
 42 31 28 25 26 25 33 25 29 27 34 35 27 34 35 34 25 27 35 33 26 27 20 25 35 26 30 33 34 25 30 35\
 27 30 33 28 25 27 32 33 35 35 37 22 34 33 27 28 33 25 42 28 22 19 28 33 25 38 39 32 30 32 34 36\
 33 30 29 30 32 35 29 38 29 34 37 28 25 29 24 35 35 20 23 25 23 26 28 32 24 28 31 28 23 18 28 23\
 33 28 31 27 25 27 30 25 30 35 40 31 26 25 36 24 31 36 21 40 35 21 25 18 39 29 27 43 27 36 22 24\
 27 42 46 27 36 35 25 34 29 24 44 30 25 24 24 25 35 31 34 30 22 26 38 25 35 38 33 30 31 24 33 34\
 31 44 31 27 27 28 37 41 35 42 42 40 37 47 38 32 39 33 37 30 48 51 37 34 26 28 37 43 25 33 38 35\
 32 34 30 29 37 30 36 22 30 35 34 24 23 20 33 27 27 32 28 27 29 28 39 23 21 34 32 31 30 28 27 22\
 26 33 38 31 25 22 29 34 32 37 29 38 26 40 25 33 43 30 30 34 33 31 44 31 37 42 47 40 34 37 45 43\
 47 42 57 38 42 38 61 39 47 43 45 42 49 41 50 51 39 33 41 39 32 38 42 30 45 37 33 49 37 37 37 28\
 34 44 32 33 39 37 28 24 35 31 37 30 48 25 27 33 43 30 38 33 31 29 37 28 30 41 30 33 45 37 21 17\
 35 38 33 32 33 24 28 26 37 32 35 32 33 31 36 40 24 31 25 28 28 27 39 30 35 30 44 32 33 27 35 39\
 40 30 30 26 27 44 29 36 28 38 37 23 40 40 28 26 34 32 32 29 42 38 34 38 38 26 38 44 49 32 36 44\
 37 34 46 32 41 34 36 35 44 43 45 41 38 35 34 35 33 47 32 40 34 36 33 32 35 41 33 45 45 37 48 49\
 39 40 34 36 39 44 26 35 39 55 38 31 49 40 47 37 36 41 40 31 43 30 35 41 39 39 39 43 44 49 36 51\
 45 33 41 31 51 30 63 42 35 50 49 30 51 45 35 48 51 63 27 44 40 59 39 27 55 40 35 30 50 36 37 53\
 60 63 52 32 56 51 46 45 49 47 49 56 52 52 39 53 47 42 50 55 47 51 52 44 57 51 54 50 54 49 48 48\
 62 53 58 60 56 77 51 56 49 63 64 74 84 81 94 73 81 77 94 94 100 121 106 131 127 132 143 159 200 164 210 223\
 200 215 262 238 232 252 246 243 231 286 228 218 255 239 247 230 231 224 235 210 189 204 197 159 174 157 150 155 139 148 135 144\
 130 168 148 133 130 118 125 132 138 132 119 133 134 136 143 116 111 125 132 132 127 122 124 127 115 111 110 124 122 107 112 104\
 114 114 109 106 107 108 109 103 96 101 112 101 105 104 103 107 113 103 103 113 109 106 102 117 108 114 102 126 112 126 107 147\
 122 116 127 141 136 116 117 135 132 128 143 138 133 160 146 160 161 170 146 135 158 142 156 157 159 180 187 183 178 169 194 168\
 213 213 202 177 203 203 186 183 203 203 189 198 254 201 256 225 225 258 209 265 247 273 292 274 265 282 292 276 316 353 269 294\
 334 327 289 353 297 315 345 328 348 357 373 345 365 367 369 344 387 381 376 370 414 409 402 402 450 455 415 434 457 503 465 456\
 473 494 504 477 524 516 535 559 545 576 561 579 590 612 635 703 644 641 666 679 719 734 735 750 793 782 781 817 831 804 899 861\
 874 925 931 947 961 1013 992 1019 1065 1048 1093 1112 1232 1132 1141 1234 1171 1233 1303 1196 1326 1294 1373 1397 1411 1456 1406 1442 1480 1496 1521 1538\
 1561 1639 1619 1709 1686 1701 1729 1861 1796 1886 1944 1971 2119 2173 2290 2354 2428 2571 2762 2822 3082 3359 3598 3667 3986 4434 4742 5020 5294 5964 6192 6775\
 7279 7972 8332 8889 9498 10384 11020 11764 12665 13472 14218 15065 16094 16957 17853 18763 19711 20773 21837 22693 23351 24252 25447 25660 27004 27719 28540 28883 29653 30241 30763 31028\
 31688 31810 32139 32271 32628 32889 33001 33038 32927 33409 33172 32984 33394 33426 33794 33862 34094 34414 34299 35387 35619 35659 36111 36395 37252 37747 37977 38450 38715 39294 39108 39229\
 39268 39573 38931 38669 37977 37189 36338 35548 34038 33144 31678 29991 28505 27341 25572 23946 22394 20534 18936 17295 15827 14242 12659 11396 10135 8977 7910 6915 6222 5489 4521 3754\
 3278 2851 2304 2007 1648 1373 1119 930 740 625 504 394 354 207 196 169 109 96 80 60 53 36 27 24 18 11 16 10 11 10 16 6\
 6 12 4 3 6 0 5 2 5 5 2 5 7 5 3 5 6 1 6 4 3 6 3 8 4 5 4 2 3 3 6 3\
 3 2 6 5 3 6 1 5 6 5 4 2 6 1 1 3 4 4 3 4 1 5 0 1 4 6 4 4 5 7 3 7\
 3 5 4 4 3 2 1 0 5 1 6 3 4 5 4 0 4 4 6 3 1 4 5 1 5 1 0 2 1 3 0 5\
 6 7 5 0 3 2 3 4 2 1 4 3 4 2 2 2 2 2 6 1 0 1 2 3 1 1 1 4 3 4 0 2\
 3 2 1 3 3 0 1 0 5 1 0 2 3 1 2 0 2 4 3 4 1 6 2 4 0 0 1 1 1 0 0 2\
 4 2 3 2 3 1 1 1 0 4 3 3 2 1 2 2 2 2 2 1 2 0 4 1 1 0 2 2 0 0 1 0\
 0 1 1 1 1 0 0 0 1 1 0 2 1 1 2 3 0 1 0 1 0 1 2 2 1 1 0 2 2 2 1 1


#S 13 mca_save_point Point:12 Scan:34 Datafile:20170218
#D Mon Feb 20 00:01:31 2017
#U Epics mca: dp_vortex_xrd74:mca1
#T 200  (Seconds)
#Q 0 -1.22128e-08 0.0279896
#Energy 0
#Monc 20165242 56130635
#@MCA %32C
#@CHANN 1000 0 999 1
#@CTIME 200 200 163.538
#@CALIB -48.775 5.7161 0
#N 1
#L Epics MCA
@A 0 0 0 0 0 0 0 0 0 0 0 0 0 0 0 0 0 0 0 0 0 0 0 0 0 0 0 0 0 0 0 0\
 0 0 0 0 0 0 0 0 0 0 0 0 0 0 0 0 0 0 0 1 0 0 0 0 0 0 0 1 0 1 1 1\
 1 4 1 4 1 2 4 4 6 4 7 6 12 11 14 24 22 31 16 20 32 33 34 38 49 40 35 45 48 56 54 65\
 56 50 61 56 49 52 60 59 53 70 58 63 65 57 63 70 55 69 68 58 73 71 59 64 58 75 67 55 64 70 60 48\
 52 73 61 57 56 51 63 49 64 49 64 62 60 58 56 61 62 57 68 59 58 64 65 70 72 89 89 62 76 78 76 69\
 76 58 61 67 62 60 67 57 56 54 60 52 50 44 47 57 45 53 47 61 44 54 40 57 42 36 49 55 52 31 60 52\
 58 53 55 40 46 45 62 47 41 40 58 47 45 42 57 44 60 42 48 56 51 45 36 41 55 39 49 51 46 32 44 39\
 53 44 46 55 43 34 39 33 51 53 49 39 41 48 42 56 39 42 48 54 39 37 41 43 30 57 37 35 40 52 48 51\
 43 54 56 50 47 49 54 38 54 51 44 47 48 39 49 52 33 43 37 46 50 46 48 42 36 39 42 52 41 58 53 52\
 45 44 54 52 60 57 52 58 54 55 54 56 58 59 59 67 70 62 60 54 65 54 55 69 77 47 55 58 62 48 50 60\
 64 51 58 59 62 67 72 54 47 49 67 58 92 64 75 78 95 88 73 83 81 88 97 104 82 118 95 85 105 97 93 80\
 67 76 72 60 69 73 55 50 63 48 47 49 49 51 44 37 54 55 50 55 54 37 57 50 68 40 56 58 45 50 50 48\
 57 50 51 64 49 52 55 56 64 49 62 54 63 55 50 62 61 57 93 46 63 60 67 51 67 52 65 52 77 87 70 54\
 57 60 55 72 86 54 51 62 52 68 58 55 61 75 71 78 82 71 73 80 67 84 82 100 114 119 163 170 217 244 263 356\
 432 518 598 676 742 873 923 1108 1210 1368 1525 1522 1569 1627 1729 1679 1734 1648 1667 1622 1498 1325 1269 1176 1078 908 837 668 603 498 430 372\
 318 270 239 193 186 185 192 178 193 190 202 195 200 215 218 223 235 220 243 234 212 248 196 191 173 175 167 148 126 139 136 98\
 104 85 98 71 75 49 60 59 57 54 60 48 52 44 53 42 46 37 38 50 51 43 50 51 50 47 51 50 52 64 66 45\
 42 42 57 51 42 45 62 38 41 52 65 57 70 48 60 58 62 47 43 48 36 40 63 55 37 50 60 53 59 68 50 51\
 48 62 51 63 42 48 56 67 58 54 55 49 64 54 64 52 53 54 49 54 48 53 46 54 56 53 54 53 67 53 62 62\
 57 56 64 62 58 51 66 77 66 85 77 102 108 113 110 125 166 191 231 244 318 404 483 555 694 857 1064 1161 1473 1647 1912 2132\
 2468 2740 2979 3318 3611 3888 4195 4255 4514 4586 4840 4739 4698 4732 4784 4437 4284 4054 3829 3446 3213 2898 2496 2280 2110 1775 1547 1243 990 851 737 622\
 504 419 327 276 229 191 148 128 126 115 95 100 107 99 122 116 138 172 185 208 213 218 267 303 319 365 448 471 494 550 617 581\
 633 674 660 656 674 672 699 698 616 649 608 535 518 458 447 360 351 301 267 239 205 188 165 140 103 104 101 75 52 49 47 56\
 45 50 35 47 38 41 28 39 34 35 34 28 37 28 27 33 34 33 35 37 28 34 41 33 29 45 29 29 42 20 27 29\
 37 20 34 38 31 45 33 33 36 33 34 45 37 38 32 31 33 38 29 30 17 23 26 40 39 21 37 24 26 29 44 35\
 22 26 28 37 33 33 33 30 31 32 32 39 37 24 33 33 30 37 38 41 21 22 38 41 35 30 33 21 29 42 30 39\
 31 27 26 28 27 33 35 33 41 30 28 26 25 33 33 37 27 34 33 22 28 33 32 37 34 34 46 29 30 18 35 28\
 35 36 32 28 30 37 30 30 32 30 30 30 42 32 34 31 32 33 29 27 36 22 35 34 41 33 30 43 31 29 29 19\
 28 29 27 32 27 34 30 29 26 32 32 43 30 35 34 30 27 27 28 27 26 28 24 34 40 31 21 24 33 41 35 31\
 38 17 35 24 42 24 20 34 35 32 29 29 22 29 24 29 28 29 30 32 32 34 26 28 31 23 35 28 31 31 31 37\
 25 20 29 26 33 36 33 28 31 30 34 26 40 31 29 31 31 30 35 32 26 19 31 26 36 32 30 30 32 37 31 31\
 30 32 31 28 40 34 27 32 46 30 26 34 28 30 26 32 27 27 36 25 43 36 34 32 33 29 30 27 31 27 36 34\
 40 37 38 42 26 31 38 32 35 37 32 48 39 40 43 30 48 47 35 37 38 37 34 35 32 32 33 34 40 29 24 27\
 39 33 34 37 37 20 37 27 29 38 40 30 27 29 39 39 29 26 47 37 33 31 37 24 30 23 24 33 31 32 38 34\
 39 31 29 29 34 29 31 38 31 28 31 24 40 31 31 33 36 41 33 36 37 33 44 32 41 47 30 42 34 32 56 42\
 33 35 40 46 55 40 46 47 39 50 45 46 44 47 49 43 33 46 41 42 51 47 41 49 39 29 33 28 27 41 30 36\
 30 47 28 42 41 43 29 31 33 30 28 33 30 36 31 41 38 45 30 20 41 36 46 33 37 35 37 34 46 40 37 29\
 31 26 32 29 33 24 33 30 39 25 35 26 42 25 19 39 29 37 36 39 37 46 33 41 33 34 43 43 28 29 32 44\
 33 32 40 41 44 38 37 42 32 38 37 32 31 31 36 38 32 26 52 31 28 38 34 34 50 44 43 40 40 31 40 40\
 49 42 40 44 46 44 46 36 51 33 45 24 25 32 31 32 31 32 33 46 35 44 38 39 46 44 44 48 47 32 37 37\
 47 35 40 34 38 37 50 30 47 32 48 35 40 26 39 34 33 39 36 44 39 32 43 50 50 48 38 35 43 39 46 47\
 51 43 37 36 57 48 53 49 48 44 35 55 38 48 54 49 48 46 42 40 50 47 48 42 40 56 56 47 46 39 44 51\
 48 53 42 43 59 46 48 52 49 51 48 50 47 63 48 41 50 57 51 40 52 49 62 62 56 58 53 49 46 67 42 71\
 64 64 78 61 68 67 63 59 55 50 70 70 69 75 81 84 90 91 113 114 114 99 109 142 144 143 150 155 181 200 219 221\
 208 214 219 239 225 258 260 221 277 259 292 270 274 234 243 272 234 207 247 210 232 196 201 178 176 162 173 165 172 167 137 156\
 156 111 136 143 129 128 139 116 137 140 142 110 143 126 148 145 144 142 111 132 130 121 122 131 139 113 115 99 124 120 119 122\
 120 111 107 113 102 117 117 126 96 118 80 111 105 101 103 100 112 123 110 118 117 115 117 100 116 129 134 129 116 126 124 142\
 125 105 144 141 118 137 146 125 132 130 144 132 136 154 156 163 159 155 157 178 186 186 166 188 147 176 170 197 181 166 181 212\
 205 202 212 192 221 194 236 210 241 208 228 230 244 210 251 214 253 249 257 249 246 283 270 274 280 306 314 282 308 313 318 309\
 286 312 328 366 317 338 330 347 404 354 365 337 410 395 361 362 371 393 410 380 413 443 412 426 461 435 417 496 481 458 444 535\
 497 494 545 515 525 539 603 571 600 589 582 577 634 644 657 645 688 664 730 719 730 704 723 753 789 786 780 819 839 865 839 843\
 863 962 924 1004 978 995 1051 1092 1122 1145 1145 1177 1185 1232 1222 1311 1261 1316 1328 1413 1331 1386 1459 1407 1460 1428 1518 1508 1592 1543 1654 1640\
 1714 1663 1681 1630 1783 1780 1784 1796 1883 1975 2005 2025 2187 2256 2255 2475 2567 2809 2865 3156 3244 3465 3645 3958 4161 4452 4801 5183 5514 6051 6503 6772\
 7582 8077 8534 9231 9838 10630 11299 12180 13087 14002 14810 15541 16602 17532 18188 19252 20280 21396 22419 23379 24211 25071 26129 26820 27952 28584 29416 29728 30826 31449 31684 32616\
 32524 33127 33397 33533 33605 34009 34389 33934 34340 34077 34286 34444 34466 34343 34744 34965 35068 35145 35766 36281 36569 36814 37426 38193 38520 38931 39170 39988 40062 40544 40915 40963\
 40924 40558 39913 39984 39352 38644 37689 36932 35340 34556 32833 31274 29557 27906 26505 25004 22990 21334 19792 17936 16241 14945 13434 11968 10832 9388 8312 7149 6303 5477 4740 4128\
 3498 2965 2459 2025 1741 1387 1138 979 820 681 511 411 342 272 223 158 127 94 83 58 64 46 31 42 18 16 14 13 17 6 8 6\
 7 7 7 5 7 8 3 0 5 7 3 1 8 5 6 1 4 4 5 2 4 8 6 5 4 2 4 5 6 4 0 1\
 4 5 7 2 3 2 5 2 2 8 4 2 5 5 4 3 4 3 5 1 4 3 4 4 3 3 3 5 1 2 3 2\
 1 3 3 3 5 2 4 7 0 3 4 4 6 1 2 5 6 4 3 3 2 1 2 5 2 2 2 3 6 5 1 2\
 1 1 2 2 1 3 6 2 2 2 3 4 3 2 2 1 3 2 1 4 2 4 4 3 3 3 2 3 3 1 2 4\
 3 1 1 2 3 2 2 2 2 3 3 4 1 6 3 2 1 2 4 4 4 0 3 1 3 0 3 0 0 2 3 1\
 1 3 0 0 4 2 2 1 2 1 1 0 3 1 3 1 0 3 6 2 0 1 2 2 3 2 2 3 2 1 1 5\
 1 2 1 0 3 3 1 3 1 2 2 0 2 1 0 2 1 2 0 0 4 2 0 1 0 0 3 1 0 0 1 0


#S 14 mca_save_point Point:13 Scan:34 Datafile:20170218
#D Mon Feb 20 00:05:00 2017
#U Epics mca: dp_vortex_xrd74:mca1
#T 200  (Seconds)
#Q 0 2.53093e-08 0.0290023
#Energy 0
#Monc 20228695 56150044
#@MCA %32C
#@CHANN 1000 0 999 1
#@CTIME 200 200 162.568
#@CALIB -48.775 5.7161 0
#N 1
#L Epics MCA
@A 0 0 0 0 0 0 0 0 0 0 0 0 0 0 0 0 0 0 0 0 0 0 0 0 0 0 0 0 0 0 0 0\
 0 0 0 0 0 0 0 0 0 0 0 0 0 0 0 0 0 0 0 0 0 0 0 0 1 2 0 0 0 1 1 1\
 1 3 0 2 2 5 3 4 8 7 8 17 16 15 20 14 21 25 33 28 38 38 31 35 75 51 52 52 47 50 39 49\
 44 53 57 72 67 43 61 51 70 68 69 64 53 52 61 71 74 72 63 68 59 74 78 63 57 66 73 63 83 51 58 66\
 59 81 59 59 64 47 49 65 61 69 60 47 65 66 64 64 52 59 58 61 67 76 76 68 73 78 90 83 94 82 95 73\
 71 76 72 58 80 56 68 62 53 77 41 52 57 45 46 44 54 51 46 51 60 48 52 55 46 43 62 47 44 63 63 51\
 57 48 48 50 46 42 55 45 45 49 65 55 29 39 57 44 33 52 48 53 46 52 48 42 49 53 47 43 41 47 43 55\
 44 45 39 48 34 45 40 37 32 33 46 54 52 40 51 41 44 42 42 39 55 39 52 39 36 45 47 62 49 46 38 56\
 42 44 62 46 60 46 53 55 53 54 38 57 30 46 47 54 50 37 55 42 49 39 44 53 50 53 49 55 49 40 48 42\
 50 42 43 41 66 55 49 45 68 60 57 50 69 61 54 61 71 63 58 58 52 62 75 54 44 64 55 54 54 72 56 59\
 59 58 59 63 46 57 69 70 58 62 69 73 82 65 74 76 67 85 79 94 88 84 105 92 101 105 95 83 101 93 69 96\
 114 78 62 79 67 49 54 68 50 54 52 70 49 57 49 49 53 51 51 54 56 50 57 42 46 64 39 46 62 61 60 43\
 61 63 56 64 62 60 64 60 71 60 54 62 59 61 61 58 57 67 54 65 73 63 90 65 42 60 75 61 53 64 83 70\
 68 56 61 60 61 66 67 67 51 64 56 55 69 68 59 60 71 75 68 86 89 90 86 117 104 113 131 157 223 243 292 362\
 434 495 581 675 714 912 1067 1172 1231 1361 1522 1512 1657 1787 1695 1721 1791 1732 1506 1568 1497 1407 1254 1137 1076 913 796 735 583 499 441 352\
 350 272 256 210 191 189 176 190 196 189 208 197 223 221 229 218 225 222 285 230 253 212 209 216 197 145 151 160 102 134 126 119\
 103 106 74 72 82 55 67 71 73 58 55 52 67 49 56 60 47 46 51 48 63 57 55 52 58 49 51 59 50 49 51 70\
 56 57 58 62 46 52 48 62 67 48 55 58 62 55 54 57 55 57 50 53 51 63 43 48 43 48 53 54 63 59 48 55\
 68 40 41 52 68 59 42 58 38 64 54 43 58 46 46 59 61 48 47 58 62 69 52 74 56 48 54 50 62 74 56 57\
 67 56 65 58 71 74 67 72 85 90 93 86 98 111 128 135 173 203 242 283 363 399 451 607 709 840 1036 1216 1446 1667 1968 2305\
 2505 2811 3178 3429 3745 4008 4280 4394 4540 4817 4916 4980 4844 4874 4774 4645 4376 4165 3813 3532 3409 2944 2707 2303 2077 1824 1575 1335 1085 926 765 643\
 510 441 347 297 258 198 171 133 126 117 114 116 97 114 107 127 146 165 188 216 254 270 294 304 364 377 405 453 541 565 573 621\
 641 639 741 698 690 683 685 728 646 607 658 606 566 458 439 392 356 299 284 253 212 204 166 147 120 110 110 81 75 68 46 56\
 44 46 41 55 41 39 31 47 33 39 36 43 29 33 42 41 36 32 40 32 35 41 28 32 39 37 30 25 42 39 26 32\
 32 31 27 36 33 33 41 26 37 30 32 24 30 31 41 38 35 30 27 43 33 29 28 31 25 22 39 40 43 30 36 39\
 32 33 39 32 34 30 34 39 33 32 31 33 40 36 39 30 37 30 44 27 41 25 20 34 36 36 30 33 25 27 35 28\
 30 24 35 29 23 33 34 33 32 33 37 36 44 37 29 38 29 22 28 32 34 33 43 23 38 37 26 30 30 29 47 29\
 42 37 33 35 34 30 45 28 33 32 37 28 33 44 21 30 38 26 35 25 24 29 36 37 24 27 29 36 23 37 34 34\
 36 25 29 34 21 23 32 19 21 25 29 28 33 36 32 22 27 37 32 31 24 19 29 30 32 30 39 26 33 27 35 36\
 26 27 34 32 32 24 35 40 32 35 36 27 24 43 38 27 22 23 29 30 33 31 36 19 32 32 40 32 31 31 39 19\
 26 44 31 34 23 28 22 37 24 29 37 24 27 40 23 32 41 38 36 43 34 35 35 42 33 33 27 37 28 34 32 32\
 38 29 28 32 33 29 31 25 25 28 25 35 22 36 31 21 26 35 28 32 43 20 41 40 25 21 37 30 34 34 35 43\
 49 36 48 32 29 50 45 50 46 35 42 38 44 55 40 36 50 49 42 37 37 49 25 36 39 44 33 27 30 43 39 35\
 33 35 26 29 33 36 29 30 38 35 23 34 30 41 36 41 28 32 29 37 50 38 38 29 23 28 32 36 36 44 36 33\
 30 30 30 23 38 33 31 32 31 30 31 33 28 40 43 36 34 48 39 38 34 37 32 33 44 39 49 39 35 47 38 40\
 39 43 47 42 47 52 51 51 40 59 51 42 34 45 52 59 35 52 38 48 50 34 39 33 37 33 25 33 41 33 30 29\
 38 30 26 38 32 46 18 39 32 36 32 33 40 31 37 35 39 24 39 37 36 19 40 31 25 39 37 38 27 29 33 40\
 37 28 42 33 24 45 22 34 25 31 44 30 30 33 33 46 39 46 40 34 34 31 45 37 35 37 29 39 33 34 23 33\
 38 33 42 40 31 39 33 39 37 38 26 36 26 35 47 41 40 42 42 54 33 30 38 35 33 49 40 47 36 32 41 47\
 38 35 37 46 38 33 43 52 39 33 48 50 36 46 32 39 47 39 42 41 27 37 53 44 39 27 40 26 39 41 33 38\
 44 40 49 26 28 36 30 32 45 34 46 27 50 51 38 39 46 48 48 53 47 54 42 48 41 40 39 56 41 46 38 40\
 53 47 40 33 52 52 40 48 42 39 39 48 47 58 45 41 43 49 57 43 44 47 41 45 47 40 53 55 50 48 46 47\
 51 39 49 44 62 59 42 56 44 44 60 53 47 54 55 56 62 47 52 61 48 50 64 49 56 61 59 44 52 58 51 52\
 71 53 58 63 61 55 47 69 63 81 64 74 66 71 94 78 103 85 109 105 133 145 140 122 147 165 148 190 160 203 209 211\
 226 234 246 224 257 246 265 285 238 280 248 265 236 257 263 260 261 237 217 224 229 213 195 206 175 185 165 158 160 168 153 171\
 128 152 162 139 131 149 145 152 142 139 138 151 132 137 153 153 145 126 137 124 132 127 127 132 134 117 139 120 120 119 126 115\
 114 97 135 122 120 116 111 123 126 104 115 107 120 103 115 100 119 116 122 124 104 93 126 133 122 125 128 139 116 119 120 124\
 135 134 124 155 149 154 137 144 157 139 146 143 158 172 128 160 167 177 178 181 187 154 174 182 210 169 189 195 188 191 199 198\
 191 220 209 213 203 214 185 210 220 235 232 249 248 243 254 247 244 249 249 250 295 286 279 294 297 299 297 316 329 309 324 349\
 318 340 326 324 341 342 368 346 349 344 383 372 384 405 400 380 379 393 369 389 427 440 405 446 467 475 482 463 523 498 525 459\
 503 521 511 547 530 568 569 568 565 615 621 612 635 670 718 666 703 698 704 738 683 712 769 798 802 841 896 878 823 890 936 899\
 941 1010 1007 1042 1021 1021 1066 1136 1151 1191 1162 1214 1165 1249 1247 1320 1357 1298 1390 1376 1381 1392 1451 1538 1440 1554 1468 1533 1531 1606 1662 1588\
 1655 1698 1769 1711 1713 1902 1838 1846 2015 2063 2018 2114 2226 2241 2383 2470 2651 2764 2972 3067 3239 3550 3774 3929 4247 4554 4967 5344 5628 6145 6611 7238\
 7792 8078 8881 9366 10232 11010 11740 12361 13405 14004 15013 16014 17003 17764 18801 19955 20657 21975 22846 23961 25084 25898 26969 27499 28237 29179 29928 30807 31814 32115 32771 33136\
 33131 33734 33990 34191 34506 34665 35238 34819 34885 35064 35063 35258 35649 35370 35676 35750 36189 36270 36456 37359 37196 37782 38280 38910 39145 39946 40543 40668 41297 41490 41478 42142\
 41731 41775 41360 41101 40501 39688 39082 37831 36879 35488 34024 32320 30486 29115 27233 25661 24108 22123 20323 18469 16845 15029 13693 12173 11068 9775 8511 7592 6657 5651 4751 4162\
 3556 3067 2488 2163 1760 1522 1224 994 822 700 525 410 325 249 220 159 117 99 99 62 51 47 38 25 25 16 10 13 10 14 9 8\
 3 9 7 11 3 6 4 5 3 7 0 1 2 5 4 3 2 6 5 8 8 4 4 6 2 4 6 3 4 6 4 6\
 3 7 1 3 4 3 5 4 3 5 3 3 4 4 3 5 2 6 3 2 7 3 4 3 1 3 5 8 3 8 4 2\
 2 4 4 0 4 6 3 4 3 6 2 0 3 6 2 5 1 4 5 8 1 4 3 1 4 0 2 6 2 4 3 1\
 2 6 3 5 5 2 1 3 0 2 4 2 1 0 2 2 3 4 6 0 1 1 1 4 2 4 3 1 3 2 2 3\
 6 5 3 1 5 2 2 1 0 1 1 2 0 0 0 1 3 1 2 3 2 7 1 2 2 1 1 3 3 1 4 2\
 2 0 2 2 2 4 0 4 2 1 1 1 1 1 2 3 2 3 0 0 1 2 3 0 4 3 1 2 3 0 2 0\
 2 1 3 1 1 0 0 0 1 2 2 1 1 5 1 1 1 0 1 1 0 0 3 1 1 0 1 1 0 2 3 0


#S 15 mca_save_point Point:14 Scan:34 Datafile:20170218
#D Mon Feb 20 00:08:29 2017
#U Epics mca: dp_vortex_xrd74:mca1
#T 200  (Seconds)
#Q 0 1.30888e-08 0.0299973
#Energy 0
#Monc 20381087 56166695
#@MCA %32C
#@CHANN 1000 0 999 1
#@CTIME 200 200 161.514
#@CALIB -48.775 5.7161 0
#N 1
#L Epics MCA
@A 0 0 0 0 0 0 0 0 0 0 0 0 0 0 0 0 0 0 0 0 0 0 0 0 0 0 0 0 0 0 0 0\
 0 0 0 0 0 0 0 0 0 0 0 0 0 0 0 0 0 0 0 0 0 0 0 0 0 0 0 0 0 1 0 3\
 0 1 2 1 3 6 1 4 6 8 6 9 15 18 18 19 25 38 23 33 33 41 40 43 46 42 40 41 59 62 51 53\
 63 67 57 68 53 88 65 62 52 59 67 45 60 45 69 63 71 68 67 62 59 80 62 80 58 67 78 69 75 54 81 59\
 69 58 70 68 61 64 86 50 68 71 68 69 67 70 60 71 49 68 60 65 77 67 76 91 71 81 79 88 79 72 76 78\
 88 87 76 63 58 59 56 59 52 61 65 36 52 42 43 57 58 55 45 40 42 61 43 49 54 41 53 48 53 54 58 50\
 52 54 58 59 42 55 52 43 55 52 54 53 54 54 62 46 48 50 52 40 68 49 35 49 49 45 47 45 43 53 45 41\
 36 51 51 41 44 56 44 40 33 43 43 47 49 39 43 37 52 47 61 30 44 55 36 40 61 43 56 49 58 40 49 58\
 52 56 55 57 61 55 52 72 56 65 50 70 53 52 51 75 52 52 45 42 49 57 48 47 47 55 63 51 43 48 42 54\
 41 49 62 50 50 61 60 49 49 56 48 67 72 54 48 61 54 61 69 56 55 67 64 76 48 60 59 56 55 73 46 58\
 50 60 51 63 55 57 55 52 66 64 75 72 58 84 75 80 91 102 118 87 84 112 110 89 108 97 90 108 92 97 83 82\
 88 74 71 70 65 58 76 65 81 59 63 49 52 57 49 54 52 54 58 49 60 41 59 50 63 46 63 38 52 39 57 67\
 65 50 45 51 53 55 56 66 64 50 62 66 65 64 69 77 63 68 76 61 76 49 62 55 70 57 49 56 59 59 68 68\
 70 74 51 61 58 69 72 70 68 61 67 51 67 72 73 76 61 75 66 68 110 98 105 95 142 141 170 178 188 246 311 372\
 454 488 628 715 830 879 1066 1152 1282 1429 1472 1612 1690 1727 1786 1808 1748 1763 1697 1604 1460 1384 1311 1179 1047 976 803 737 573 511 429 404\
 306 263 264 214 220 188 208 197 213 211 194 230 231 213 216 242 246 267 233 246 223 227 210 216 201 196 194 172 163 135 129 115\
 110 98 90 78 63 67 63 57 57 68 55 51 54 54 67 56 61 46 52 49 39 61 52 62 41 47 47 40 52 51 48 50\
 63 55 57 59 52 50 52 62 57 51 57 44 55 45 51 58 61 60 52 50 51 58 64 63 63 51 60 50 57 68 60 65\
 55 58 68 56 62 66 57 48 53 69 52 68 61 46 53 52 53 51 41 68 48 55 52 64 62 61 62 63 73 64 58 49\
 69 56 78 79 69 79 77 76 81 93 101 74 116 125 135 131 165 197 260 306 307 444 526 624 754 858 1052 1256 1509 1730 1958 2274\
 2574 2860 3134 3484 3935 4134 4272 4539 4858 4876 4902 5002 5088 4906 4952 4731 4425 4254 3835 3816 3375 2991 2602 2436 2016 1817 1539 1385 1105 989 784 639\
 510 459 328 282 245 187 167 144 119 128 123 112 118 126 124 134 144 168 184 224 229 282 298 332 385 393 436 508 566 529 605 655\
 652 707 657 740 706 703 674 676 628 676 613 574 521 484 449 369 365 302 273 259 235 202 193 131 134 102 72 76 61 61 62 55\
 46 59 43 44 45 44 33 30 35 29 35 24 33 35 38 24 27 26 47 36 27 38 36 29 36 47 30 25 36 39 48 37\
 30 33 37 23 32 37 33 34 27 21 36 37 42 31 37 39 38 26 22 30 36 41 25 37 49 19 35 35 33 27 28 35\
 32 39 40 30 38 37 31 33 33 31 34 40 34 33 29 35 39 31 40 38 31 25 37 34 42 36 30 38 40 32 29 31\
 28 38 28 38 29 19 39 36 37 33 44 30 21 27 27 46 38 33 35 38 35 35 28 26 29 33 21 41 33 31 25 29\
 48 32 24 29 35 29 37 39 37 32 33 27 31 32 32 39 27 31 36 19 38 30 24 25 28 37 27 33 36 27 43 35\
 41 29 32 29 25 33 35 24 32 36 30 35 35 39 36 47 35 35 39 24 34 30 35 44 34 27 25 37 39 31 34 28\
 28 34 25 31 29 39 37 26 30 32 27 34 34 26 28 22 41 26 34 42 30 45 31 32 33 27 27 37 37 33 29 44\
 30 44 32 42 29 39 29 31 33 29 40 43 29 38 27 33 31 31 57 33 33 28 34 33 27 30 22 39 35 41 22 32\
 28 21 32 32 35 25 33 33 33 32 25 28 34 42 37 36 28 35 30 27 35 30 29 35 42 25 33 24 35 40 35 37\
 39 53 32 37 36 29 46 42 35 30 54 34 41 39 39 43 39 30 42 50 36 28 36 36 45 28 44 34 43 34 32 41\
 43 41 34 39 40 30 28 24 28 36 41 29 26 32 33 29 42 36 34 33 32 32 45 32 29 40 34 24 25 25 43 33\
 31 31 33 36 37 32 31 33 28 42 40 36 36 27 34 34 36 38 36 39 41 40 54 32 37 37 41 44 43 49 50 43\
 48 42 45 47 33 61 49 48 54 50 55 40 47 37 39 29 57 44 46 35 34 35 51 39 41 44 41 37 44 39 30 51\
 35 31 20 29 25 38 25 45 39 28 32 38 40 35 40 32 37 45 36 45 38 40 31 43 39 36 27 41 26 33 26 36\
 41 41 29 40 28 45 36 33 32 35 36 47 53 37 36 46 41 36 40 35 36 37 38 29 33 42 38 30 39 33 42 44\
 37 41 43 44 28 30 41 42 39 42 23 35 38 31 41 33 42 45 35 38 46 35 38 38 47 40 48 46 45 40 47 31\
 42 40 32 37 47 34 38 46 40 32 37 53 37 47 38 32 38 33 35 32 31 38 42 40 41 27 50 29 47 41 41 35\
 44 36 45 40 36 40 47 45 45 45 45 33 32 37 43 48 45 46 43 58 44 33 47 43 54 45 47 46 40 46 38 44\
 34 53 52 45 37 39 53 52 50 40 45 39 45 48 49 51 71 49 40 58 46 37 58 69 49 42 42 39 48 58 38 45\
 63 42 59 41 54 54 48 60 69 39 44 55 58 46 44 63 44 62 56 59 52 58 55 43 48 49 45 59 62 57 54 46\
 59 71 56 66 78 54 68 71 74 62 70 74 93 81 87 76 88 99 96 104 112 126 143 133 154 164 154 185 184 217 223 225\
 219 240 212 228 270 261 267 279 249 243 273 293 229 251 268 238 250 258 243 217 224 218 205 178 205 182 186 137 179 152 146 154\
 154 130 125 144 134 141 136 140 129 145 128 134 146 138 142 135 137 125 123 130 150 102 146 116 130 126 120 156 117 110 140 134\
 123 124 120 127 116 136 113 119 110 114 124 115 99 111 110 126 119 106 117 115 109 105 107 137 121 132 103 119 138 141 135 139\
 143 150 133 140 116 136 139 157 149 151 165 159 170 168 125 166 150 183 181 171 180 168 167 167 185 196 190 188 195 179 215 172\
 179 189 199 186 192 212 207 192 226 241 220 242 259 269 258 271 255 267 274 232 255 302 268 286 304 292 302 314 302 322 316 328\
 315 342 342 363 338 350 347 384 357 416 393 385 413 403 411 438 401 435 412 421 459 458 437 449 494 443 508 504 490 502 488 484\
 555 496 538 531 567 615 571 609 609 603 637 662 610 661 699 702 758 707 730 767 749 822 795 834 849 811 922 878 914 964 939 897\
 1013 997 1002 1045 1069 1091 1133 1135 1181 1204 1142 1256 1217 1332 1319 1351 1363 1363 1349 1409 1406 1419 1483 1537 1518 1586 1630 1636 1540 1636 1614 1721\
 1726 1736 1783 1778 1868 1857 1866 1907 2015 2066 2150 2233 2251 2343 2483 2491 2710 2773 3051 3278 3527 3487 3924 4022 4444 4831 5059 5508 5757 6330 6895 7238\
 7990 8570 9025 9721 10435 11042 11821 12647 13734 14647 15508 16448 17455 18238 19096 20100 21533 22266 23374 24609 25403 26502 27644 28233 29363 30352 31212 31845 32461 32948 33535 33988\
 34074 34581 35583 35534 35743 35689 36241 36229 35945 36241 36073 36582 36523 36520 36277 37081 37119 37284 38037 37766 38499 39065 39824 39977 40226 41099 41556 41808 41819 42942 42934 43226\
 43231 42780 42499 41882 41416 40972 39794 39237 37644 36279 34810 33532 31531 29533 27950 26428 24372 22457 20733 18889 16983 15791 14317 12730 11047 9869 8661 7473 6663 5884 5082 4217\
 3451 3080 2582 2236 1755 1527 1208 1051 787 723 518 425 356 279 241 175 122 106 77 61 56 39 29 20 20 12 12 13 12 9 9 4\
 9 5 6 12 9 9 9 8 7 7 7 6 6 2 4 6 9 4 4 4 7 4 4 5 5 5 3 3 3 9 6 8\
 4 4 2 2 2 8 10 2 1 6 3 3 1 4 6 5 3 5 3 4 6 2 5 4 2 9 3 3 3 3 3 4\
 6 5 2 6 5 3 4 6 3 4 8 5 2 2 6 5 2 4 4 4 2 6 3 3 6 5 4 1 2 4 2 2\
 4 4 2 1 3 3 6 3 2 5 2 7 4 5 4 2 3 4 2 4 2 1 3 1 2 2 1 1 1 5 4 1\
 2 2 3 4 3 1 3 1 2 2 3 1 4 2 3 3 5 3 2 1 3 2 2 5 3 3 1 3 3 5 1 3\
 2 5 3 0 2 1 2 2 2 2 3 2 4 1 4 1 2 0 5 2 2 2 2 3 1 2 0 1 0 2 1 1\
 2 2 1 2 0 2 1 1 6 1 1 1 0 2 0 0 3 2 1 4 1 1 0 2 0 3 1 1 2 0 1 1

