#F ./vortex/20170218_13_mca
#E 1487477029
#D Sat Feb 18 22:03:49 2017
#C surf  User = epics

#C Saving MCA data for Scan:13 in Datafile:20170218

#S 1 mca_save_point Point:0 Scan:13 Datafile:20170218
#D Sat Feb 18 22:03:49 2017
#U Epics mca: dp_vortex_xrd74:mca1
#T 300  (Seconds)
#Q 0 -4.88298e-08 0.0159871
#Energy 0
#Monc 29003941 86224722
#@MCA %32C
#@CHANN 1000 0 999 1
#@CTIME 300 300 274.747
#@CALIB -48.775 5.7161 0
#N 1
#L Epics MCA
@A 0 0 0 0 0 0 0 0 0 0 0 0 0 0 0 0 1 0 1 0 0 0 0 0 0 0 0 0 1 0 0 0\
 0 0 0 0 0 0 0 0 0 0 0 0 0 0 0 0 0 0 0 0 0 0 0 0 0 0 0 0 0 0 0 0\
 0 0 0 0 0 0 0 0 0 0 0 0 0 0 0 1 0 2 1 0 0 0 0 0 0 0 0 0 0 0 1 2\
 1 0 1 0 1 0 0 0 1 1 0 0 1 0 1 0 3 0 0 0 1 1 0 0 0 0 2 0 1 0 0 1\
 2 0 1 0 0 1 2 1 1 1 0 2 0 0 1 2 0 1 0 0 0 0 0 0 1 2 1 0 1 0 0 0\
 3 0 1 1 0 1 0 0 0 1 1 0 1 0 0 4 1 0 1 0 1 0 1 1 0 0 0 0 1 1 0 0\
 0 1 0 0 0 0 0 0 1 1 2 0 3 2 0 0 0 0 0 0 0 0 1 0 1 0 1 1 1 0 0 0\
 0 0 0 1 1 1 1 1 0 0 0 0 1 2 0 0 0 0 1 0 1 0 1 0 0 0 0 1 0 1 0 1\
 1 0 0 1 0 0 1 3 0 0 1 3 1 1 0 0 0 0 1 0 0 0 2 1 0 1 0 1 0 0 0 1\
 1 0 1 1 0 0 0 0 1 0 0 2 0 1 1 0 1 1 0 0 1 0 3 1 0 1 0 2 1 1 1 0\
 0 1 0 0 0 0 0 1 0 1 0 0 0 1 1 0 1 1 1 0 1 2 1 1 3 1 0 2 2 2 2 1\
 3 2 1 2 2 3 2 0 2 4 2 4 2 4 0 2 1 0 0 2 0 1 1 0 0 1 0 0 0 1 1 1\
 0 0 0 1 0 2 1 1 2 1 1 0 1 2 0 0 1 1 2 0 1 1 3 2 0 1 0 2 0 1 0 1\
 1 0 2 0 0 1 0 0 1 0 0 2 1 0 1 1 0 1 1 1 0 0 1 1 2 0 1 2 1 1 5 7\
 4 8 10 5 10 9 6 8 11 12 19 18 12 13 14 15 13 14 12 14 18 13 15 9 13 14 7 2 8 6 3 2\
 4 3 3 5 2 0 0 3 2 2 3 0 0 0 1 0 1 3 4 3 1 3 5 1 4 6 7 2 2 1 4 6\
 5 13 3 7 7 6 7 7 3 10 9 6 7 4 9 3 6 4 6 2 3 4 2 4 4 4 2 4 0 2 0 0\
 0 2 0 2 0 0 1 0 1 0 0 0 1 1 3 0 1 2 1 3 0 0 0 2 0 0 2 1 0 0 0 0\
 0 1 2 0 0 2 0 0 0 1 1 0 0 1 0 1 0 0 0 0 0 0 0 0 1 1 0 1 0 0 2 2\
 1 0 0 1 0 0 0 0 0 1 0 0 3 2 1 0 2 0 0 2 1 3 2 4 7 3 10 6 3 9 8 14\
 14 20 23 26 25 16 29 35 25 35 24 35 32 35 23 38 38 22 30 22 25 26 15 13 8 15 10 7 7 6 5 7\
 4 3 3 2 1 1 0 0 1 0 0 2 1 0 0 0 1 0 3 2 1 2 1 0 3 1 2 0 2 1 1 5\
 4 5 7 4 3 3 2 6 5 4 1 3 2 0 3 1 1 3 2 1 2 0 1 1 0 1 1 1 1 1 0 0\
 0 0 1 0 0 0 0 0 0 0 1 0 1 0 0 0 0 1 0 0 1 0 0 1 1 0 0 2 0 1 0 0\
 0 0 1 0 1 1 0 1 0 1 0 3 0 0 0 0 0 1 0 0 0 0 0 1 0 2 1 0 1 0 0 1\
 0 0 0 1 0 1 1 1 0 0 0 0 0 0 0 0 3 0 0 0 2 0 0 0 0 0 0 0 0 0 0 1\
 0 1 0 0 0 0 0 0 0 0 1 1 2 0 0 0 0 1 0 0 0 0 0 0 0 0 0 0 1 1 0 2\
 0 0 1 2 0 0 1 0 0 0 0 1 0 0 1 0 0 0 0 0 0 0 0 0 1 0 0 0 0 0 0 0\
 0 0 0 0 0 0 1 0 0 0 0 1 0 0 2 0 0 1 0 0 2 0 0 1 0 0 0 0 0 0 1 1\
 1 0 0 0 0 3 0 0 0 0 1 0 0 1 0 0 0 0 2 0 1 0 1 0 0 1 1 0 1 0 0 0\
 0 0 0 0 0 0 0 0 0 0 0 0 0 0 0 0 0 0 1 0 0 0 1 0 0 0 0 0 0 1 0 0\
 0 0 0 0 0 1 1 0 0 1 0 0 0 0 0 0 0 0 0 0 0 1 0 0 1 1 0 0 0 0 1 0\
 1 0 0 0 1 0 0 1 2 0 0 0 0 1 1 0 0 0 0 1 0 0 1 1 0 0 1 1 0 0 1 0\
 0 0 0 0 0 0 0 0 0 0 0 0 1 0 1 0 0 0 0 0 0 0 1 0 0 0 0 0 1 0 1 1\
 0 1 1 0 0 0 0 1 0 0 1 1 0 1 1 0 1 3 3 2 2 0 2 2 4 2 4 10 8 12 13 8\
 11 12 10 6 13 13 18 6 13 7 4 12 10 12 9 14 6 9 1 5 8 10 4 2 4 1 1 0 4 0 1 2\
 2 1 0 0 0 1 0 0 1 1 2 0 2 1 1 0 1 0 1 1 0 0 1 0 0 0 0 0 0 1 0 0\
 0 0 0 0 0 0 0 1 1 1 0 0 0 3 1 1 0 0 0 0 1 1 0 1 0 0 0 0 2 0 0 1\
 1 1 0 1 0 0 0 0 1 0 0 0 0 0 4 0 0 0 2 2 2 0 2 1 1 4 3 2 1 2 2 0\
 3 0 1 2 2 2 1 2 1 0 2 2 0 3 0 0 0 1 0 0 1 0 1 0 0 1 0 0 0 0 0 0\
 0 1 0 1 0 0 0 0 0 0 0 1 0 0 0 1 1 0 0 1 0 0 2 1 0 0 0 0 0 1 1 0\
 0 0 1 0 0 1 0 1 1 1 0 1 0 0 1 1 0 0 0 0 0 0 1 0 1 2 1 1 0 2 1 0\
 0 0 0 0 0 1 0 2 1 0 1 0 0 0 0 1 0 0 1 0 0 0 0 0 1 1 0 1 0 1 1 2\
 0 0 0 0 0 0 1 0 0 2 1 1 1 1 0 1 2 2 3 2 2 2 2 1 4 2 3 2 4 1 4 4\
 5 3 5 8 1 3 4 1 5 3 8 2 3 3 2 4 3 1 1 0 3 2 3 3 1 2 3 3 0 0 5 2\
 1 3 1 1 2 2 4 1 0 0 1 0 0 0 1 0 1 1 0 1 0 2 0 2 0 2 0 0 2 0 1 0\
 2 0 0 0 0 2 0 1 1 1 2 0 0 1 0 1 1 1 0 3 1 1 1 0 1 0 0 0 3 2 2 1\
 0 0 1 1 0 1 2 0 0 2 0 1 4 1 0 1 1 1 0 0 3 1 3 0 1 3 0 1 0 3 0 2\
 3 3 3 2 1 1 2 1 1 3 4 0 1 0 0 4 5 3 3 0 3 5 4 2 2 1 1 1 2 0 0 4\
 3 3 1 4 1 6 6 4 4 1 2 1 3 1 2 1 7 4 1 5 3 4 5 5 2 3 3 2 3 3 4 2\
 2 5 5 1 2 3 5 5 4 2 2 5 4 5 2 4 5 5 1 8 8 7 5 3 3 4 6 4 4 5 4 5\
 4 9 3 9 6 5 4 8 3 6 2 11 11 8 5 10 14 6 10 14 11 11 13 13 12 7 9 15 11 12 12 12\
 16 15 13 24 11 14 21 13 24 20 13 14 17 18 17 23 25 27 35 22 31 35 36 45 34 45 44 45 48 60 70 55\
 70 77 81 105 73 100 102 101 95 121 113 149 155 145 167 157 162 178 202 162 225 214 227 246 222 263 237 292 251 243 291 273\
 267 299 275 297 286 277 295 293 304 327 295 274 290 277 266 296 280 286 293 305 272 266 244 287 272 285 265 271 314 293 280 282\
 286 263 326 288 276 264 245 228 196 228 231 228 223 197 186 155 149 134 121 132 90 115 88 81 70 63 61 47 38 36 36 14\
 15 22 14 17 13 4 9 2 6 6 2 6 7 4 1 1 2 1 0 0 0 0 0 0 0 0 0 0 1 0 0 0\
 0 0 0 0 0 0 0 0 0 0 0 0 0 0 0 0 0 0 0 0 0 0 0 0 0 0 0 0 0 0 0 0\
 0 0 0 0 0 0 0 0 0 0 0 0 0 0 0 0 0 0 0 0 0 0 0 0 0 0 0 0 0 0 0 0\
 0 0 0 0 0 0 0 0 0 0 0 0 0 0 0 0 0 0 0 0 0 0 0 0 0 0 0 0 0 0 0 0\
 0 0 0 0 0 0 0 0 0 0 0 0 0 0 0 0 0 0 0 0 0 0 0 0 0 0 0 0 0 0 0 0\
 0 0 0 0 0 0 0 0 0 0 0 0 0 0 0 0 0 0 0 0 0 0 0 0 0 0 0 0 0 0 0 0\
 0 0 0 0 0 0 0 0 0 0 0 0 0 0 0 0 0 0 0 0 0 0 0 0 0 0 0 0 0 0 0 0\
 0 0 0 0 0 0 0 0 0 0 0 0 0 0 0 0 0 0 0 0 0 0 0 0 0 0 0 0 0 0 0 0


#S 2 mca_save_point Point:1 Scan:13 Datafile:20170218
#D Sat Feb 18 22:08:58 2017
#U Epics mca: dp_vortex_xrd74:mca1
#T 300  (Seconds)
#Q 0 0 0.0170175
#Energy 0
#Monc 28918465 86358666
#@MCA %32C
#@CHANN 1000 0 999 1
#@CTIME 300 300 275.599
#@CALIB -48.775 5.7161 0
#N 1
#L Epics MCA
@A 0 0 0 0 0 0 0 0 0 0 0 0 0 0 0 0 0 1 0 1 0 0 0 0 0 0 0 0 0 0 0 0\
 0 0 0 0 0 0 0 0 0 0 0 0 0 0 0 0 0 0 0 0 0 0 0 0 0 0 0 0 0 0 0 0\
 0 0 0 0 0 0 0 0 0 0 0 0 0 0 0 0 0 0 0 0 1 0 0 0 1 0 1 1 1 1 1 0\
 0 2 1 2 1 1 0 0 0 0 0 1 2 1 0 1 1 0 0 0 0 1 0 2 1 1 1 1 1 2 0 0\
 0 0 2 0 0 1 1 2 1 0 1 1 1 0 0 3 1 1 0 1 1 3 1 1 0 2 1 1 2 0 1 2\
 1 0 1 0 0 0 0 0 0 1 1 0 2 0 1 0 0 0 0 0 0 1 0 0 0 1 0 0 1 1 1 0\
 0 0 0 1 1 0 2 1 0 0 1 2 1 1 1 0 0 0 0 0 0 0 0 0 0 1 0 0 1 0 0 0\
 0 0 0 0 0 0 0 0 0 0 0 0 0 0 0 0 0 0 0 1 0 0 0 0 0 2 3 0 0 1 0 1\
 0 1 1 0 1 0 0 1 0 0 1 0 0 1 0 1 1 0 2 0 1 0 0 1 0 0 1 1 1 0 1 0\
 0 2 2 0 1 3 0 0 2 0 2 0 1 1 2 1 1 1 1 2 0 0 1 1 0 0 2 0 0 0 0 1\
 0 1 2 1 2 0 0 1 0 0 1 1 2 0 1 0 0 1 1 0 0 2 2 4 0 4 2 3 2 1 4 1\
 4 2 4 2 4 1 1 5 2 2 6 2 2 0 0 3 1 3 2 1 1 0 3 1 1 0 2 1 2 0 1 0\
 1 1 0 1 3 0 1 0 0 0 0 1 3 3 0 2 1 1 3 0 1 2 0 4 3 2 2 2 1 3 1 2\
 1 1 0 1 3 0 0 0 0 0 1 3 0 1 0 0 0 1 2 1 0 1 2 0 0 2 3 1 4 2 4 1\
 1 3 5 3 9 14 10 13 18 11 16 20 18 19 19 18 15 10 16 16 10 17 17 9 11 17 10 7 5 6 6 2\
 3 2 4 1 0 1 2 5 2 2 1 0 1 3 3 2 1 4 0 5 2 4 3 3 3 4 1 5 3 1 3 3\
 4 6 8 6 12 10 4 6 6 7 6 4 10 6 6 6 2 6 2 7 3 3 2 4 1 3 2 0 1 2 0 2\
 1 1 0 0 1 2 3 0 0 1 2 1 0 0 5 3 3 1 1 5 0 1 3 4 1 0 0 1 3 0 0 3\
 2 0 0 0 1 1 0 1 0 0 1 1 1 0 0 2 0 1 1 0 1 1 0 1 0 0 0 3 1 1 0 1\
 0 0 0 0 1 0 0 1 0 1 0 1 0 1 0 2 2 1 1 3 3 3 3 1 4 3 4 9 11 5 23 14\
 10 14 27 27 22 21 29 28 43 49 30 37 30 43 52 34 25 21 26 24 19 24 12 13 10 11 13 6 14 4 2 3\
 4 3 2 2 2 4 4 0 0 0 2 0 0 1 1 1 2 1 1 0 1 1 0 1 1 1 3 3 1 3 6 2\
 6 5 5 10 5 2 3 6 2 6 5 3 3 3 1 4 1 2 1 0 2 1 1 0 1 0 1 0 0 0 0 1\
 1 0 0 0 0 1 0 0 0 0 0 1 0 0 1 1 0 0 0 0 1 1 0 0 1 1 1 0 0 1 0 0\
 0 0 0 0 0 0 0 0 0 0 0 2 0 0 0 0 0 1 0 0 0 0 0 1 0 0 1 1 0 1 0 0\
 2 0 0 0 2 2 0 1 0 0 0 0 0 1 0 0 1 0 0 0 0 0 0 0 1 1 1 0 0 0 0 1\
 0 0 0 0 0 0 0 0 0 0 0 0 1 0 0 0 0 0 1 0 0 0 1 0 0 1 0 0 0 1 0 0\
 0 0 0 0 1 0 0 0 1 0 0 0 1 0 0 1 1 1 0 0 0 0 0 0 0 0 0 0 0 1 0 1\
 0 1 0 1 0 0 0 0 1 0 0 0 0 0 0 0 1 0 0 0 0 2 0 1 2 0 0 1 0 0 1 1\
 0 0 0 1 0 0 0 0 0 1 1 0 0 1 0 0 0 0 1 1 0 0 1 0 1 0 0 2 0 0 0 0\
 0 0 0 0 0 0 1 0 0 1 0 1 0 1 1 1 1 0 0 2 0 0 0 0 0 0 0 1 0 0 0 1\
 0 0 0 0 1 0 0 0 0 0 0 0 0 0 0 0 0 0 0 0 0 0 1 0 0 0 0 0 0 0 0 0\
 0 0 1 0 0 0 1 0 0 1 0 0 0 1 1 0 0 1 0 0 0 0 0 0 0 0 0 1 1 2 0 0\
 0 1 0 1 1 1 0 0 1 0 0 0 0 0 0 0 0 2 0 0 0 0 0 0 0 2 0 0 1 1 1 0\
 0 0 0 1 0 0 0 1 0 2 0 0 1 2 1 1 1 3 1 2 5 1 7 2 7 3 5 5 3 4 4 11\
 14 16 5 5 12 9 5 15 8 12 9 8 10 6 5 12 19 2 9 3 9 6 1 3 4 3 6 1 2 0 3 1\
 0 1 2 0 0 1 0 0 0 0 0 0 1 0 1 0 1 0 0 1 0 1 0 0 0 0 0 0 0 0 0 0\
 0 0 0 1 0 0 0 1 0 2 1 0 1 0 0 2 1 0 0 1 1 0 0 1 0 0 0 0 0 1 0 1\
 1 0 1 0 1 0 1 1 1 0 1 1 3 0 0 2 1 3 1 1 0 2 4 1 2 3 0 2 1 1 1 2\
 1 0 2 0 1 2 2 1 0 1 1 3 0 0 1 2 0 1 0 1 0 0 1 0 0 0 0 0 0 1 1 1\
 0 2 0 0 0 0 0 0 0 1 0 1 1 0 1 0 0 0 0 0 0 0 0 0 0 0 1 0 0 0 1 0\
 1 0 0 0 0 0 0 2 0 1 0 0 1 0 0 0 3 1 1 1 0 1 2 0 0 0 1 1 0 0 1 1\
 0 2 1 0 0 2 0 0 0 1 0 0 0 0 0 0 0 2 0 0 0 0 0 0 0 0 0 0 0 0 0 1\
 0 0 0 0 0 1 0 0 0 0 0 0 0 1 1 0 0 0 0 1 1 2 0 5 0 0 2 1 3 4 3 4\
 3 2 3 1 1 5 3 3 2 1 3 1 3 3 5 1 4 3 4 3 4 3 2 0 1 2 2 1 2 0 1 0\
 1 3 3 2 1 0 1 1 3 1 0 0 1 0 0 0 0 1 2 0 3 2 0 0 3 0 0 1 2 0 1 1\
 1 0 0 1 0 0 2 1 0 2 2 2 0 0 0 3 1 2 0 0 0 1 0 0 0 0 1 1 0 4 1 4\
 2 0 1 1 1 2 1 3 3 1 2 1 2 2 1 4 0 0 4 0 1 1 1 2 4 0 1 2 1 0 3 2\
 2 2 0 0 3 1 2 0 2 1 1 1 1 5 0 0 2 1 0 1 2 3 4 5 4 7 2 2 3 1 1 1\
 6 0 3 4 2 5 0 1 4 6 2 3 6 4 2 6 5 6 8 4 1 0 1 1 2 3 1 3 6 2 2 3\
 5 2 1 4 4 2 5 2 3 6 8 7 3 0 4 2 8 6 3 6 6 3 4 5 8 2 4 7 7 8 5 3\
 12 4 8 11 11 7 7 8 7 11 7 17 10 8 7 10 8 9 17 13 11 12 10 11 18 7 14 12 12 13 12 13\
 16 11 20 15 14 10 13 9 17 16 19 22 17 19 22 22 19 27 25 36 30 43 26 40 50 36 40 43 46 48 62 54\
 76 84 77 92 95 101 109 111 135 133 107 158 138 168 186 170 195 192 231 217 244 254 252 245 237 277 256 282 299 265 270 313\
 322 285 316 325 303 280 310 350 258 321 319 331 313 303 295 284 293 317 336 291 324 327 338 269 320 303 305 294 329 326 282 294\
 289 304 293 273 277 293 298 251 258 238 245 242 192 194 211 200 139 150 139 144 106 99 96 79 75 63 67 49 50 41 38 32\
 24 21 29 21 15 8 6 7 2 7 7 3 2 3 0 1 1 0 1 0 0 1 0 0 1 0 0 0 0 0 0 0\
 0 0 0 0 0 0 0 0 0 0 0 0 0 0 0 0 0 0 0 0 0 0 0 0 0 0 0 0 0 0 0 0\
 0 0 0 0 0 0 0 0 0 0 0 0 0 0 0 0 0 0 0 0 0 0 0 0 0 0 0 0 0 0 0 0\
 0 0 0 0 0 0 0 0 0 0 0 0 0 0 0 0 0 0 0 0 0 0 0 0 0 0 0 0 0 0 0 0\
 0 0 0 0 0 0 0 0 0 0 0 0 0 0 0 0 0 0 0 0 0 0 0 0 0 0 0 0 0 0 0 0\
 0 0 0 0 0 0 0 0 0 0 0 0 0 0 0 0 0 0 0 0 0 0 0 0 0 0 0 0 0 0 0 0\
 0 0 0 0 0 0 0 0 0 0 0 0 0 0 0 0 0 0 0 0 0 0 0 0 0 0 0 0 0 0 0 0\
 0 0 0 0 0 0 0 0 0 0 0 0 0 0 0 0 0 0 0 0 0 0 0 0 0 0 0 0 0 0 0 0


#S 3 mca_save_point Point:2 Scan:13 Datafile:20170218
#D Sat Feb 18 22:14:07 2017
#U Epics mca: dp_vortex_xrd74:mca1
#T 300  (Seconds)
#Q 0 -7.85947e-09 0.0180126
#Energy 0
#Monc 28966587 86330883
#@MCA %32C
#@CHANN 1000 0 999 1
#@CTIME 300 300 277.093
#@CALIB -48.775 5.7161 0
#N 1
#L Epics MCA
@A 0 0 0 0 0 0 0 0 0 0 0 0 0 1 0 0 0 0 0 0 0 0 0 0 0 0 0 0 0 0 0 0\
 0 0 0 0 0 0 0 0 0 0 0 0 0 0 0 0 0 0 0 0 0 0 0 0 0 0 0 0 0 0 0 0\
 0 0 0 0 0 0 0 0 0 0 0 0 0 0 0 0 1 0 0 0 2 0 1 1 0 0 1 0 0 0 1 0\
 1 0 0 0 0 0 0 2 2 0 1 0 0 1 1 1 2 1 0 1 0 0 1 0 0 0 0 0 1 0 0 0\
 0 0 1 1 0 0 1 1 0 1 0 0 0 1 0 1 1 1 0 2 0 0 0 0 3 2 0 0 2 1 0 3\
 2 5 1 0 0 0 0 0 0 0 0 0 0 1 0 0 0 0 1 0 1 1 2 0 0 1 0 0 0 0 1 0\
 0 0 1 2 0 0 0 0 0 1 0 0 1 1 0 1 0 0 1 1 3 1 0 1 0 1 0 0 1 0 1 1\
 0 1 1 0 0 0 1 1 1 1 0 1 1 0 0 1 0 1 0 2 0 0 0 2 0 1 1 0 2 0 1 0\
 1 1 0 0 0 0 1 0 0 0 0 1 1 0 1 0 1 1 1 0 0 0 0 2 1 1 0 0 0 0 1 0\
 0 1 1 0 0 0 0 0 0 2 0 0 1 1 0 0 2 0 0 1 0 0 0 2 0 1 0 1 0 1 0 0\
 0 0 1 1 0 0 1 0 0 1 2 1 0 1 0 0 1 3 2 2 1 2 1 0 2 4 3 1 1 0 4 4\
 6 3 3 2 6 6 6 1 4 1 5 1 2 3 0 1 2 2 2 0 2 1 1 0 1 0 0 1 0 0 0 1\
 0 1 1 4 0 0 0 0 2 1 0 0 3 0 1 2 1 1 0 1 1 0 0 0 2 2 2 0 0 1 1 0\
 2 0 2 3 0 1 2 2 1 1 1 1 1 1 0 0 1 1 0 1 1 3 1 0 0 3 1 4 1 4 3 3\
 5 1 5 6 9 9 15 11 11 21 16 17 20 17 17 13 19 24 14 8 13 18 13 12 12 10 9 9 9 6 4 5\
 3 3 2 7 0 1 1 3 3 1 2 4 3 3 1 2 4 4 1 6 5 4 3 3 2 1 6 3 0 2 2 6\
 9 7 6 6 8 5 5 8 8 8 7 8 10 8 9 5 2 5 5 4 3 3 2 4 0 4 0 0 2 0 2 1\
 1 0 0 1 4 0 1 2 2 0 0 1 0 0 0 0 0 3 2 0 0 1 2 2 0 3 0 1 4 0 1 0\
 1 3 0 0 2 0 1 0 0 0 0 1 0 0 1 0 1 0 0 1 0 0 0 1 1 1 0 0 0 0 0 0\
 0 0 1 0 0 1 0 2 0 1 1 1 2 0 0 2 1 0 3 0 3 1 2 3 2 9 6 9 14 7 17 15\
 10 15 15 24 32 38 38 23 42 37 39 47 33 32 35 40 33 23 34 27 25 29 20 22 12 13 13 11 6 5 3 8\
 3 2 1 0 2 2 2 2 1 1 0 0 0 2 0 1 0 3 0 1 5 4 0 0 1 0 4 5 8 7 7 2\
 6 7 8 9 4 6 3 6 1 4 1 2 5 3 7 3 3 3 6 2 1 2 4 0 0 0 0 0 1 2 0 0\
 0 0 1 0 0 1 0 1 0 0 0 0 1 0 1 1 0 0 0 0 1 0 1 1 1 0 0 0 1 0 0 0\
 1 0 0 0 0 0 0 1 0 0 0 0 0 0 0 1 0 0 0 1 1 0 0 0 0 0 1 1 1 2 0 1\
 1 2 1 1 0 0 2 1 0 1 0 0 0 1 0 0 1 1 0 0 1 1 1 0 0 0 0 0 0 1 1 0\
 0 1 0 0 1 0 0 1 1 1 0 1 0 0 0 1 0 0 0 0 1 0 1 0 0 0 0 0 1 0 0 1\
 1 0 0 1 1 1 0 1 0 0 2 0 0 0 0 0 0 0 3 0 0 1 1 0 0 0 0 1 0 0 0 0\
 0 0 0 1 0 0 0 0 2 0 0 1 0 0 0 0 0 0 0 0 0 0 0 1 0 1 0 2 1 0 1 0\
 0 1 0 0 0 0 1 0 0 0 0 0 0 0 0 0 2 0 0 1 0 1 0 0 0 1 0 0 0 0 0 1\
 0 1 1 0 0 0 0 0 0 1 0 0 1 0 0 1 0 0 0 0 0 0 1 0 1 0 0 0 0 0 1 0\
 0 0 0 0 1 0 0 1 1 0 0 0 1 0 0 1 0 0 1 1 0 1 1 1 0 0 1 1 1 1 0 0\
 0 1 0 0 0 0 1 0 0 0 2 0 0 0 0 0 0 0 0 0 2 1 0 0 0 0 2 0 0 0 0 0\
 0 0 0 0 1 1 1 0 0 0 0 0 0 1 0 0 0 0 2 1 0 0 1 0 0 2 0 1 0 0 0 0\
 0 0 0 0 0 1 0 0 1 0 0 1 0 1 1 3 2 3 0 0 2 1 1 1 1 3 2 4 5 3 4 5\
 5 6 2 1 5 3 8 6 4 7 5 6 3 6 5 4 2 2 4 3 5 3 3 3 0 0 2 2 0 2 0 1\
 1 1 0 0 2 0 0 0 0 1 0 0 0 0 2 0 0 1 1 1 0 0 0 0 0 0 0 0 0 0 0 0\
 0 0 1 0 1 0 0 1 1 0 0 0 0 0 0 2 0 0 1 0 2 0 1 0 0 0 0 1 0 1 0 1\
 1 0 0 0 0 0 0 0 2 0 1 0 1 2 2 0 0 1 1 1 1 0 1 0 0 2 1 0 1 2 0 1\
 1 1 1 1 2 2 2 1 1 0 0 0 1 0 1 1 0 1 1 0 0 0 0 0 0 0 0 1 0 0 0 0\
 0 1 0 1 0 0 2 1 0 1 1 0 0 0 0 0 0 0 0 0 0 0 0 0 3 0 0 1 0 1 0 1\
 1 0 0 0 1 0 0 0 1 0 0 1 0 1 0 1 0 0 1 2 1 1 0 1 0 0 0 0 1 0 0 0\
 0 2 0 0 0 0 0 0 1 0 1 1 2 1 0 0 0 0 0 0 1 1 1 0 0 0 1 0 1 0 0 0\
 1 0 0 1 1 1 2 0 0 0 0 1 0 0 1 3 1 1 1 3 1 1 1 1 4 3 1 3 2 5 2 1\
 1 2 3 5 4 3 6 3 1 1 1 3 4 5 1 2 2 1 3 1 2 2 1 1 3 2 1 2 0 0 0 4\
 1 3 1 1 0 0 2 0 1 0 4 0 1 0 1 2 2 1 3 0 2 0 1 2 0 2 1 1 1 0 0 0\
 1 0 2 0 2 0 2 1 1 1 0 2 0 1 1 0 1 0 0 3 2 2 2 0 0 1 2 0 2 1 2 0\
 4 0 1 3 1 3 1 2 1 1 1 0 2 1 1 1 2 0 2 3 3 3 4 0 2 1 1 2 3 1 1 3\
 6 1 2 0 2 1 1 1 2 4 2 2 1 5 1 3 3 1 2 1 3 4 1 3 1 1 5 3 1 1 2 1\
 3 2 3 4 4 2 1 4 3 3 2 4 4 0 2 1 1 5 4 3 2 1 2 5 3 3 1 3 3 5 5 3\
 5 2 1 5 5 3 5 6 4 4 4 4 4 1 11 8 2 7 5 6 4 4 4 4 5 7 8 7 8 10 6 7\
 5 5 10 8 13 11 7 10 5 12 9 10 15 9 16 6 4 6 8 10 14 11 13 6 14 18 18 11 11 12 10 15\
 16 16 10 18 13 18 19 23 15 18 15 20 25 19 18 26 36 25 25 23 36 35 41 45 43 45 56 54 48 52 72 72\
 74 85 82 102 95 96 110 131 120 139 166 153 159 180 200 165 198 222 224 234 243 268 253 242 290 301 313 308 324 324 319 318\
 335 335 339 302 334 363 303 341 340 349 334 329 371 326 343 303 345 366 354 327 353 349 360 353 344 358 350 354 356 336 330 354\
 309 308 342 301 328 340 303 290 310 261 251 252 235 235 198 199 175 193 168 120 125 125 109 108 98 76 71 64 53 52 46 26\
 30 29 20 17 13 7 12 10 7 9 2 3 4 6 1 0 0 1 0 0 1 1 0 0 0 0 0 0 0 0 0 0\
 0 0 0 0 0 0 0 0 0 0 0 0 0 0 0 0 0 0 0 0 0 0 0 0 0 0 0 0 0 0 0 0\
 0 0 0 0 0 0 0 0 0 0 0 0 0 0 0 0 0 0 0 0 0 0 0 0 0 0 0 0 0 0 0 0\
 0 0 0 0 0 0 0 0 0 0 0 0 0 0 0 0 0 0 0 0 0 0 0 0 0 0 0 0 0 0 0 0\
 0 0 0 0 0 0 0 0 0 0 0 0 0 0 0 0 0 0 0 0 0 0 0 0 0 0 0 0 0 0 0 0\
 0 0 0 0 0 0 0 0 0 0 0 0 0 0 0 0 0 0 0 0 0 0 0 0 0 0 0 0 0 0 0 0\
 0 0 0 0 0 0 0 0 0 0 0 0 0 0 0 0 0 0 0 0 0 0 0 0 0 0 0 0 0 0 0 0\
 0 0 0 0 0 0 0 0 0 0 0 0 0 0 0 0 0 0 0 0 0 0 0 0 0 0 0 0 0 0 0 0


#S 4 mca_save_point Point:3 Scan:13 Datafile:20170218
#D Sat Feb 18 22:19:16 2017
#U Epics mca: dp_vortex_xrd74:mca1
#T 300  (Seconds)
#Q 0 1.66027e-08 0.0190253
#Energy 0
#Monc 28726907 86302528
#@MCA %32C
#@CHANN 1000 0 999 1
#@CTIME 300 300 279.026
#@CALIB -48.775 5.7161 0
#N 1
#L Epics MCA
@A 0 0 0 0 0 0 0 0 0 0 0 0 0 0 0 0 0 0 0 0 0 0 0 0 0 0 0 0 0 0 0 0\
 0 0 0 0 0 0 0 0 0 0 0 0 0 0 0 0 0 0 0 0 0 0 0 0 0 0 0 0 0 0 0 0\
 0 0 0 0 0 0 0 0 0 0 0 0 0 0 0 0 0 0 0 0 0 0 0 0 1 0 1 0 1 0 0 0\
 0 3 2 1 1 1 2 1 0 0 1 1 2 3 0 2 0 1 0 1 2 1 0 0 2 1 1 1 0 3 2 0\
 0 0 0 1 0 3 2 2 0 0 1 1 2 1 0 1 0 0 1 0 2 0 0 0 2 0 0 2 1 0 2 1\
 0 1 0 0 0 0 0 0 2 1 1 3 2 0 2 1 1 0 0 0 0 0 1 3 0 0 2 0 0 1 0 1\
 0 0 1 0 0 0 0 1 1 0 1 1 0 1 0 0 0 0 0 0 1 0 0 0 1 0 0 1 0 0 0 1\
 0 1 0 0 1 1 0 1 0 0 1 1 0 0 1 1 3 0 0 0 1 0 0 1 0 0 1 0 0 2 1 1\
 0 0 0 0 1 3 1 1 0 0 0 0 0 1 2 0 2 0 1 1 1 0 2 1 0 0 0 3 0 1 4 1\
 0 2 0 2 2 0 1 1 1 1 2 1 1 2 2 0 0 2 0 0 1 0 0 0 2 0 2 0 1 0 0 4\
 0 0 1 3 1 1 0 0 0 2 2 0 0 1 2 1 3 3 2 2 1 2 2 2 2 3 1 3 5 3 4 5\
 4 2 2 4 7 5 2 0 2 4 5 2 1 2 2 2 1 2 2 1 1 0 2 0 2 3 1 2 2 0 1 0\
 1 1 1 1 0 3 0 1 1 0 2 1 1 0 0 1 1 1 2 1 0 0 0 1 3 1 2 2 0 1 2 2\
 0 0 2 1 1 0 1 2 1 0 0 0 1 1 0 1 1 4 1 1 0 1 3 1 3 1 5 0 1 5 6 4\
 3 5 6 7 11 14 11 9 13 12 18 14 17 22 23 8 19 12 16 21 13 17 10 10 8 9 9 11 4 7 3 3\
 4 3 3 1 4 4 3 2 4 1 0 2 2 2 0 0 4 3 5 3 3 7 10 7 0 2 3 7 2 3 6 3\
 5 4 10 6 7 6 3 6 6 4 6 6 8 8 6 6 2 3 3 7 4 3 2 1 3 1 0 1 1 3 1 3\
 0 1 1 1 3 1 1 1 1 3 1 1 1 0 2 2 4 2 2 1 1 2 4 1 1 0 0 2 0 2 4 0\
 0 0 1 0 0 0 1 1 0 0 1 1 1 1 1 0 0 2 1 1 2 1 0 0 1 2 0 1 0 0 0 2\
 1 0 0 0 1 2 0 0 0 0 3 1 1 1 0 0 1 3 0 0 3 3 4 9 7 9 7 12 13 13 12 21\
 31 23 21 28 32 40 30 53 43 46 53 44 50 45 44 35 37 54 48 38 29 20 23 17 17 15 9 8 6 11 7 0\
 6 2 2 1 0 1 0 1 1 0 2 0 2 1 2 3 3 1 1 0 2 4 0 4 5 6 7 5 6 5 7 6\
 6 8 9 6 7 8 5 7 4 4 6 3 6 2 2 2 7 3 3 1 0 1 1 2 0 0 1 1 1 0 2 0\
 0 0 0 1 0 0 2 0 0 0 0 1 0 1 0 0 0 0 0 0 0 0 0 0 1 0 0 0 0 2 0 0\
 0 0 2 1 0 0 0 0 0 0 0 0 0 1 1 0 1 0 0 0 1 1 0 0 0 0 1 0 0 0 1 0\
 2 2 0 0 1 0 0 0 0 0 0 1 0 0 1 0 0 0 1 0 0 0 0 1 1 0 1 1 1 0 0 0\
 0 0 1 0 1 0 1 0 3 2 0 0 0 0 0 2 0 0 0 1 0 0 2 3 0 0 1 1 0 0 0 1\
 0 0 0 1 1 0 1 0 0 0 0 0 0 0 0 0 0 0 0 1 0 1 0 0 0 0 0 0 0 1 0 0\
 3 0 1 0 0 1 0 0 0 0 0 0 0 0 1 0 1 0 0 0 0 0 1 2 0 0 0 0 0 0 0 0\
 0 0 0 0 0 0 1 0 0 0 2 0 0 0 2 0 1 0 1 1 0 0 0 2 0 1 0 0 0 0 0 1\
 1 1 1 0 1 0 0 0 0 1 0 1 0 0 0 0 0 1 1 1 0 0 0 1 0 0 0 0 0 0 0 0\
 0 0 1 1 0 0 0 0 0 0 0 0 0 0 0 0 1 0 1 0 1 0 0 0 1 0 0 1 1 0 0 2\
 0 0 0 1 0 3 0 0 0 0 1 1 0 0 0 1 0 0 0 0 1 1 1 0 0 1 0 0 0 2 0 0\
 0 0 0 0 0 1 0 0 0 0 0 0 1 0 0 0 0 4 0 0 0 2 0 0 0 0 2 1 0 0 0 0\
 2 0 2 1 1 0 0 0 0 1 3 0 0 2 0 0 3 1 0 1 1 3 2 0 0 0 1 1 2 2 0 2\
 4 3 3 2 1 2 1 1 1 2 2 1 2 2 0 2 2 1 2 1 1 0 0 0 1 4 2 1 0 1 0 0\
 1 2 1 1 0 1 1 0 0 0 2 0 0 0 0 0 0 1 1 0 0 1 1 1 0 1 1 1 1 0 0 0\
 0 0 1 2 0 0 0 0 0 0 0 2 0 1 0 0 1 0 0 1 1 0 0 0 0 1 0 0 0 0 0 0\
 0 1 0 0 0 1 0 0 0 0 0 0 0 0 2 0 2 0 0 1 1 0 0 1 1 0 0 0 2 0 0 0\
 1 1 1 1 1 1 0 0 1 1 0 1 0 0 0 0 0 0 0 0 1 1 0 0 0 1 0 1 1 0 1 0\
 0 0 0 0 2 0 0 0 0 1 0 0 2 0 1 0 1 1 2 1 1 0 0 1 0 0 0 0 0 1 1 0\
 0 0 0 1 0 1 0 2 1 0 0 0 1 2 0 0 0 1 3 1 0 0 1 0 0 0 0 1 1 0 0 0\
 1 1 0 0 1 0 1 0 0 0 1 2 0 1 0 0 1 2 0 1 1 2 1 0 2 0 0 1 1 0 2 0\
 0 0 1 1 1 1 0 1 0 0 0 1 2 0 0 1 0 2 1 1 0 3 2 1 0 1 2 1 2 4 6 4\
 2 0 1 1 2 2 4 2 1 4 3 4 0 7 6 4 2 4 4 2 2 2 2 1 0 2 0 3 0 3 1 1\
 2 2 0 2 2 3 0 1 3 0 2 0 3 2 0 0 3 0 0 0 1 3 1 0 1 1 1 1 0 2 0 4\
 1 1 0 0 1 3 2 4 0 1 0 1 0 0 3 2 2 1 1 0 2 1 0 0 0 2 1 1 0 1 0 1\
 1 0 0 1 2 3 1 0 2 2 2 2 2 2 1 4 1 1 1 2 2 0 1 1 2 1 1 4 3 1 1 3\
 1 2 2 3 2 1 1 1 2 0 1 3 2 4 2 1 0 3 1 2 2 5 1 1 1 2 5 1 4 2 4 1\
 3 4 4 1 2 9 2 2 1 6 3 4 3 4 0 3 1 4 2 2 5 5 7 3 4 1 3 4 9 8 5 5\
 7 5 2 8 4 3 6 6 4 7 5 7 3 6 6 6 2 5 9 2 8 4 10 5 8 10 6 10 7 4 12 5\
 3 7 8 12 7 12 9 7 15 14 18 9 6 9 10 20 9 13 14 18 16 20 6 14 9 20 18 13 15 12 15 18\
 14 15 17 18 17 21 18 12 28 13 11 18 29 21 29 27 22 25 28 41 30 32 36 47 30 56 45 59 68 67 61 71\
 81 104 88 97 119 120 110 128 126 150 158 191 176 174 201 215 214 244 232 276 242 245 320 278 257 314 331 354 349 333 348 370\
 368 372 364 374 370 351 375 392 357 387 365 394 368 383 359 383 360 419 365 393 377 377 398 386 372 397 364 365 371 380 392 390\
 377 372 356 381 347 349 320 322 313 295 286 314 253 254 238 223 214 178 193 178 161 138 126 101 110 89 59 68 75 51 46 42\
 32 34 26 17 18 17 7 10 4 3 1 4 3 6 3 1 2 0 0 0 0 1 0 0 0 1 0 0 0 0 0 0\
 0 0 0 0 0 0 0 0 0 0 0 0 0 0 0 0 0 0 0 0 0 0 0 0 0 0 0 0 0 0 0 0\
 0 0 0 0 0 0 0 0 0 0 0 0 0 0 0 0 0 0 0 0 0 0 0 0 0 0 0 0 0 0 0 0\
 0 0 0 0 0 0 0 0 0 0 0 0 0 0 0 0 0 0 0 0 0 0 0 0 0 0 0 0 0 0 0 0\
 0 0 0 0 0 0 0 0 0 0 0 0 0 0 0 0 0 0 0 0 0 0 0 0 0 0 0 0 0 0 0 0\
 0 0 0 0 0 0 0 0 0 0 0 0 0 0 0 0 0 0 0 0 0 0 0 0 0 0 0 0 0 0 0 0\
 0 0 0 0 0 0 0 0 0 0 0 0 0 0 0 0 0 0 0 0 0 0 0 0 0 0 0 0 0 0 0 0\
 0 0 0 0 0 0 0 0 0 0 0 0 0 0 0 0 0 0 0 0 0 0 0 0 0 0 0 0 0 0 0 0


#S 5 mca_save_point Point:4 Scan:13 Datafile:20170218
#D Sat Feb 18 22:24:25 2017
#U Epics mca: dp_vortex_xrd74:mca1
#T 300  (Seconds)
#Q 0 -6.10406e-08 0.019985
#Energy 0
#Monc 28884490 86229656
#@MCA %32C
#@CHANN 1000 0 999 1
#@CTIME 300 300.001 286.136
#@CALIB -48.775 5.7161 0
#N 1
#L Epics MCA
@A 0 0 0 0 0 0 0 0 0 0 0 0 0 0 0 0 0 0 0 0 0 0 0 0 0 1 0 0 0 0 0 0\
 0 0 0 0 0 0 0 0 0 0 0 0 0 0 0 0 0 0 0 0 0 0 0 0 0 0 0 0 0 0 0 0\
 0 1 0 0 0 0 0 0 0 1 0 0 0 0 0 4 0 1 0 0 2 0 0 0 1 2 0 1 1 1 0 1\
 0 0 1 1 1 0 1 2 1 0 0 2 1 1 0 1 1 0 2 2 2 0 1 1 2 1 0 0 1 1 0 1\
 0 2 1 0 2 1 4 1 1 0 2 1 0 1 0 0 2 2 0 1 1 1 0 1 1 1 1 1 0 1 1 3\
 0 1 0 0 1 0 0 0 1 0 1 0 2 1 0 0 2 0 0 0 0 0 0 0 2 1 1 2 1 1 2 0\
 1 1 0 1 0 2 1 2 2 1 2 2 0 1 0 0 1 0 0 2 1 0 3 0 2 0 0 2 1 0 0 0\
 0 1 1 0 1 0 1 2 1 0 0 0 0 0 1 2 0 3 0 0 1 1 1 0 1 1 1 0 0 1 1 1\
 1 1 0 1 0 1 0 1 2 1 3 1 1 1 1 0 0 1 1 0 1 0 0 0 1 0 2 3 2 1 0 0\
 2 1 1 0 1 0 0 2 0 1 1 0 1 1 1 1 2 2 1 0 1 0 0 2 0 1 1 1 0 0 0 0\
 0 1 0 0 1 2 2 0 2 2 0 1 0 3 1 0 2 1 3 2 1 2 1 5 4 6 5 2 4 3 2 4\
 3 2 0 6 3 11 4 5 6 5 3 3 3 3 2 1 1 4 0 1 0 1 2 0 0 2 1 0 2 1 1 1\
 2 1 1 1 1 0 0 0 0 2 0 1 4 1 1 0 0 0 2 0 1 3 1 4 5 5 0 3 1 1 2 2\
 0 3 2 1 3 2 1 2 0 2 0 3 1 2 2 0 1 3 1 0 2 2 2 0 1 1 2 1 0 2 6 7\
 7 6 9 9 10 15 10 16 17 28 25 34 27 34 25 26 31 34 22 23 16 23 15 17 22 14 12 7 4 8 10 5\
 5 6 3 3 3 2 2 4 1 1 3 5 2 12 7 2 6 2 3 7 1 3 2 2 5 4 4 6 5 4 3 2\
 4 7 7 3 5 8 9 6 7 2 6 7 6 6 9 3 7 5 7 6 5 2 1 0 2 1 3 4 2 0 1 0\
 1 1 0 1 0 2 4 0 4 0 0 1 0 1 3 0 2 0 1 1 2 2 3 2 0 1 1 1 3 2 1 1\
 2 0 1 1 0 1 1 0 0 1 3 0 0 0 1 0 2 1 1 0 0 0 0 0 2 4 1 0 0 1 1 1\
 0 2 1 1 0 0 0 0 0 0 0 0 1 0 2 2 2 1 3 1 4 2 4 7 4 8 8 15 22 19 28 24\
 24 21 30 35 38 46 37 55 40 50 48 50 50 64 40 59 51 41 51 29 28 30 27 30 23 21 10 17 12 7 9 11\
 8 4 2 1 1 5 2 3 0 1 1 0 1 0 1 5 2 2 3 3 3 1 2 4 6 2 1 5 2 3 8 4\
 5 4 5 10 8 11 9 7 5 7 3 7 3 5 2 1 3 1 3 2 2 3 1 4 1 0 1 0 0 1 0 1\
 0 0 1 0 0 0 0 0 1 0 0 3 0 0 0 0 0 1 1 0 0 0 2 0 1 0 0 0 0 0 0 0\
 0 2 1 2 0 0 0 1 1 2 1 0 0 0 1 1 0 0 0 0 0 1 0 0 0 0 0 0 0 0 0 0\
 1 0 1 0 0 0 0 0 0 0 0 0 0 0 0 0 1 0 0 0 1 0 0 0 1 0 1 2 0 1 0 0\
 0 0 1 1 0 0 0 0 1 0 0 1 0 1 0 1 0 0 0 1 1 1 0 0 0 1 0 1 0 1 1 0\
 1 0 1 0 0 0 0 1 0 1 2 0 0 0 0 0 0 1 0 0 0 0 2 1 2 0 0 1 1 0 1 0\
 1 0 0 0 1 0 0 0 0 1 0 0 1 0 0 0 0 1 0 1 0 2 0 0 0 0 1 1 0 0 1 0\
 0 1 0 1 0 0 0 1 1 0 0 0 0 0 0 1 1 2 1 0 0 0 0 0 1 0 0 0 0 1 1 1\
 0 0 0 0 0 0 0 1 1 0 0 0 0 1 1 0 1 2 2 0 3 0 0 0 0 0 0 0 0 0 0 3\
 0 0 0 1 1 0 0 0 0 2 0 1 0 0 1 0 1 1 0 0 0 0 0 1 0 1 0 0 1 1 0 1\
 2 1 1 0 0 1 0 2 1 2 0 0 0 0 1 0 0 0 0 0 2 0 0 1 1 1 2 2 0 0 0 0\
 0 0 0 1 0 0 0 0 1 0 0 0 1 1 1 1 0 0 0 0 1 0 2 0 0 0 1 0 2 0 1 1\
 1 0 1 0 1 0 0 0 1 0 0 0 3 1 0 2 0 2 1 1 2 2 0 0 1 0 0 1 1 1 1 2\
 3 4 3 4 3 2 2 1 1 2 3 2 1 0 3 3 1 3 2 2 2 1 1 2 0 0 0 0 2 0 2 0\
 1 2 1 1 1 1 1 0 0 1 0 0 1 1 0 0 0 0 2 0 0 0 0 0 0 0 0 0 1 0 0 1\
 0 0 1 1 0 1 0 1 1 1 0 1 0 0 0 0 0 2 1 0 1 1 2 0 2 0 0 4 0 0 1 2\
 1 0 1 0 2 1 0 0 0 1 0 2 0 1 3 0 0 1 0 0 1 0 0 1 1 1 0 0 1 0 0 1\
 0 0 1 0 1 0 1 4 0 0 1 0 0 1 0 0 0 1 0 0 1 1 0 1 0 0 0 2 0 0 2 2\
 1 2 0 0 1 1 0 0 0 0 0 1 0 1 3 1 0 0 1 2 0 0 1 1 0 0 0 0 2 0 0 1\
 0 1 0 1 0 0 1 2 0 2 0 0 1 2 0 1 0 1 0 2 1 1 1 1 1 0 1 0 0 0 0 0\
 0 0 2 0 0 0 0 2 0 0 0 0 2 0 0 0 2 1 0 0 2 1 0 0 0 0 0 0 1 0 2 2\
 1 0 2 0 1 2 0 1 1 1 3 1 1 0 1 1 0 1 1 2 6 1 3 4 1 2 4 3 3 0 3 4\
 5 0 5 7 4 4 2 4 3 5 5 4 4 4 1 6 4 7 0 4 4 2 2 4 1 2 5 2 0 5 1 2\
 5 0 4 0 2 2 2 0 0 2 1 2 0 1 1 1 2 1 2 1 0 1 1 1 1 1 1 5 0 3 3 0\
 0 2 2 0 2 2 0 0 1 1 2 1 0 1 0 1 1 0 1 2 0 2 0 2 2 1 5 1 0 0 2 0\
 1 3 3 4 2 3 1 2 3 2 4 2 2 2 0 4 4 3 1 2 0 4 1 0 3 2 1 3 5 4 2 3\
 1 1 2 1 4 1 0 3 2 2 2 0 6 6 4 1 4 1 4 3 1 4 5 4 1 2 7 2 6 4 1 8\
 3 6 5 7 1 8 1 3 5 2 7 8 4 5 3 8 4 5 4 5 2 6 3 4 12 6 7 4 3 12 5 9\
 4 14 8 6 7 7 6 2 6 6 7 3 6 7 8 9 7 9 7 9 4 10 11 9 12 12 10 6 13 11 10 10\
 14 10 8 13 14 8 8 13 13 15 14 12 15 10 15 11 18 11 16 17 15 14 18 19 22 15 25 19 14 26 23 30\
 25 19 19 23 31 27 33 19 33 30 29 28 32 29 35 34 40 41 41 53 29 53 51 68 52 62 70 52 71 76 86 101\
 96 116 108 129 153 129 166 157 177 192 216 238 224 229 271 278 286 265 287 289 340 371 355 346 376 408 391 400 382 403 424 454\
 427 477 464 465 448 465 503 440 515 484 516 459 470 464 500 448 469 529 452 461 479 452 462 478 510 489 479 484 469 494 517 466\
 470 479 486 459 435 462 464 431 459 378 418 331 387 368 352 296 290 295 253 212 200 188 160 152 138 106 111 89 78 71 65 49\
 42 51 29 27 24 18 10 16 10 9 9 1 6 3 1 4 1 1 0 1 1 0 1 0 0 0 0 0 0 0 0 0\
 0 0 0 0 0 0 0 0 0 0 0 0 0 0 0 0 0 0 0 0 0 0 0 0 0 0 0 0 0 0 0 0\
 0 0 0 0 0 0 0 0 0 0 0 0 0 0 0 0 0 0 0 0 0 0 0 0 0 0 0 0 0 0 0 0\
 0 0 0 0 0 0 0 0 0 0 0 0 0 0 0 0 0 0 0 0 0 0 0 0 0 0 0 0 0 0 0 0\
 0 0 0 0 0 0 0 0 0 0 0 0 0 0 0 0 0 0 0 0 0 0 0 0 0 0 0 0 0 0 0 0\
 0 0 0 0 0 0 0 0 0 0 0 0 0 0 0 0 0 0 0 0 0 0 0 0 0 0 0 0 0 0 0 0\
 0 0 0 0 0 0 0 0 0 0 0 0 0 0 0 0 0 0 0 0 0 0 0 0 0 0 0 0 0 0 0 0\
 0 0 0 0 0 0 0 0 0 0 0 0 0 0 0 0 0 0 0 0 0 0 0 0 0 0 0 0 0 0 0 0


#S 6 mca_save_point Point:5 Scan:13 Datafile:20170218
#D Sat Feb 18 22:29:34 2017
#U Epics mca: dp_vortex_xrd74:mca1
#T 300  (Seconds)
#Q 0 0 0.0210154
#Energy 0
#Monc 29277629 86381136
#@MCA %32C
#@CHANN 1000 0 999 1
#@CTIME 300 300 291.443
#@CALIB -48.775 5.7161 0
#N 1
#L Epics MCA
@A 0 0 0 0 0 0 0 0 0 0 0 0 0 0 0 0 0 0 0 0 0 0 0 0 0 0 1 0 0 0 0 0\
 0 0 0 0 0 0 0 0 0 0 0 0 0 0 0 0 0 0 0 0 0 0 0 0 0 0 0 0 0 0 0 0\
 0 0 0 0 0 0 0 0 0 0 0 0 1 1 0 0 0 1 1 0 2 1 0 2 0 2 0 2 1 1 3 0\
 1 1 2 1 0 3 2 0 0 1 1 0 1 4 1 1 0 3 3 2 1 3 0 2 0 0 0 1 0 3 1 1\
 2 1 3 1 3 2 2 0 2 3 0 2 2 1 1 4 0 4 2 1 2 2 3 0 3 2 2 1 0 1 2 2\
 4 1 2 0 1 1 0 0 0 2 1 0 3 1 2 4 0 0 1 1 1 0 3 4 0 1 3 2 1 1 1 0\
 2 1 0 2 1 0 0 1 2 2 2 2 0 0 1 2 0 0 1 0 2 1 1 1 0 1 1 0 2 2 0 2\
 1 1 1 0 1 2 2 1 1 1 1 0 2 1 1 3 0 1 0 0 2 1 1 1 1 3 0 0 1 0 0 2\
 0 1 1 0 0 1 3 2 0 0 2 1 0 3 1 0 0 3 3 1 1 3 1 2 1 2 2 1 1 0 2 1\
 0 1 1 2 1 1 1 1 1 0 1 0 1 1 0 1 1 1 1 0 0 2 3 1 1 0 1 2 2 0 0 0\
 3 0 0 0 1 2 3 2 0 1 4 2 1 3 1 1 1 2 1 3 4 3 4 1 8 0 0 3 1 7 4 4\
 10 4 4 11 4 8 5 2 4 7 9 8 6 3 1 4 4 3 2 2 3 4 1 1 1 0 0 0 3 1 0 0\
 1 1 0 0 0 1 2 1 1 1 1 1 2 2 1 4 0 3 1 1 2 1 2 1 1 0 1 4 1 1 0 1\
 5 3 2 1 2 0 2 0 1 2 1 0 2 1 0 2 1 1 1 0 3 1 3 0 1 4 7 2 4 9 7 7\
 11 14 16 6 15 22 24 27 36 32 23 30 36 31 47 41 42 46 46 35 36 34 32 28 20 18 11 18 16 9 16 12\
 9 9 6 6 4 2 9 3 8 4 1 8 5 6 4 3 3 4 7 4 7 4 7 6 7 5 8 3 4 4 3 3\
 4 3 5 7 11 2 6 6 4 5 7 8 9 3 4 5 5 4 3 6 2 4 2 4 3 1 1 1 2 0 1 0\
 1 0 0 0 0 1 1 1 0 2 0 1 2 1 1 2 2 1 2 2 2 2 5 1 1 0 0 1 0 0 2 0\
 2 1 2 1 1 1 3 0 0 2 0 0 2 1 1 0 3 2 1 1 0 2 1 1 0 0 2 0 0 3 0 0\
 1 0 0 0 1 1 2 1 0 1 0 0 2 0 4 1 0 2 1 3 3 2 5 6 4 6 9 13 14 16 17 27\
 37 29 32 36 39 41 54 56 58 54 49 67 59 59 63 63 39 43 48 42 42 30 25 32 20 26 19 17 20 11 9 10\
 4 8 4 3 4 2 3 1 2 2 4 2 3 2 1 1 1 1 4 2 1 5 3 5 2 7 6 6 7 8 11 7\
 5 8 5 7 9 13 7 6 11 10 4 6 6 4 4 7 4 4 0 7 0 0 2 1 3 1 1 1 1 2 1 1\
 1 2 0 1 0 1 0 2 0 1 2 0 2 1 0 0 0 1 1 2 0 0 0 1 0 0 0 1 0 0 0 3\
 0 0 0 1 1 0 0 1 1 0 0 0 0 0 0 1 1 0 2 0 1 0 0 1 2 1 3 1 2 0 0 0\
 1 0 0 0 1 1 0 1 0 1 0 3 1 0 1 1 0 2 0 1 2 0 1 2 0 1 1 2 0 1 1 1\
 3 0 0 2 0 1 0 0 0 1 1 0 1 2 0 0 1 0 0 1 1 0 0 1 0 0 0 2 0 0 1 1\
 0 1 2 0 0 0 1 1 2 0 2 0 0 1 1 2 5 0 0 0 0 0 1 0 0 0 0 1 0 0 0 1\
 0 2 0 0 1 1 0 0 1 0 0 0 1 0 1 0 0 0 1 0 0 1 2 2 0 1 1 1 1 0 0 0\
 3 1 2 0 0 1 0 0 0 1 1 0 0 0 1 2 0 0 0 6 0 1 1 1 2 0 1 0 1 2 1 0\
 0 1 1 0 0 0 2 0 2 0 1 1 1 0 1 1 1 1 1 0 0 3 1 0 1 0 0 0 0 0 0 0\
 1 0 0 1 0 1 0 0 1 1 0 0 0 1 2 0 0 1 0 1 1 1 0 0 1 0 0 0 0 0 0 0\
 0 0 0 0 2 1 2 1 0 1 1 1 1 1 0 2 0 0 0 1 0 1 0 1 1 1 0 0 1 2 0 3\
 0 0 1 0 0 0 0 0 1 0 1 1 1 1 1 0 0 1 1 0 1 0 0 0 1 1 2 1 4 0 0 0\
 2 0 1 1 0 0 2 0 0 1 0 0 0 0 1 0 0 1 2 0 2 2 0 3 6 0 7 3 1 5 2 4\
 2 0 3 5 1 1 3 3 5 4 4 1 2 2 1 2 3 1 0 2 2 2 2 2 1 3 1 1 0 2 2 0\
 0 0 0 1 0 4 1 1 0 0 0 0 0 1 0 0 2 1 0 0 0 1 1 0 2 1 2 0 0 0 0 1\
 0 1 0 1 0 2 0 0 1 0 0 0 0 3 0 0 1 1 0 3 0 1 2 0 0 0 0 1 1 1 1 0\
 0 1 2 1 1 0 0 0 0 1 3 0 2 0 0 1 3 2 0 1 1 0 2 1 1 1 0 2 3 0 1 1\
 1 0 2 0 2 1 3 0 0 0 0 1 0 1 1 1 0 0 1 0 1 1 0 0 1 0 1 0 1 0 0 0\
 0 0 0 1 0 0 1 0 0 0 1 0 0 0 3 1 1 1 0 1 0 0 1 1 0 1 0 0 1 1 0 2\
 1 1 0 0 1 0 1 0 2 2 0 1 2 1 0 0 1 0 2 1 1 1 1 1 2 1 1 1 1 1 0 1\
 1 1 1 1 1 0 0 0 0 0 0 0 2 0 1 1 1 0 2 1 1 1 0 0 4 0 0 0 2 1 0 1\
 2 1 3 1 1 1 2 1 2 1 4 0 0 0 2 2 1 1 1 2 1 3 1 5 6 2 7 6 4 7 3 3\
 7 3 5 2 4 3 5 4 4 3 2 9 5 7 10 6 9 8 8 2 5 4 5 4 3 2 3 2 3 3 4 2\
 1 0 3 2 2 2 3 0 3 0 4 2 4 1 3 1 0 5 3 2 1 1 3 2 4 4 3 4 2 1 3 5\
 1 2 1 1 5 3 2 3 0 2 2 5 0 2 0 2 1 1 0 3 2 2 2 2 3 3 2 2 0 1 3 1\
 1 4 4 5 4 4 2 0 1 3 2 2 4 3 4 2 3 1 3 2 4 1 2 2 7 2 2 2 4 2 2 2\
 5 2 5 4 5 0 3 4 4 3 3 2 4 4 5 3 3 4 7 4 6 7 6 2 7 6 2 5 7 5 10 8\
 8 1 5 5 7 8 7 5 3 4 8 4 7 9 7 10 2 5 7 6 2 8 7 5 8 6 11 6 9 8 9 12\
 7 4 14 6 10 13 10 5 11 11 4 9 14 5 13 11 10 12 13 9 15 13 7 12 19 14 11 16 19 15 21 15\
 14 12 14 19 14 15 19 13 24 24 22 19 16 24 20 25 15 24 12 25 28 23 24 25 21 23 35 27 27 30 28 30\
 27 31 32 37 37 36 31 44 39 34 40 39 37 41 38 55 46 66 54 72 72 58 61 88 78 86 97 92 92 129 122 132\
 126 158 174 174 157 187 199 240 233 249 278 274 312 295 328 386 403 405 379 458 448 496 524 492 519 552 583 590 613 612 608 650\
 620 637 616 625 688 678 664 697 650 623 636 660 645 724 683 650 663 648 678 661 680 635 709 685 713 693 777 707 703 735 720 726\
 709 715 677 688 713 626 646 627 642 589 584 568 518 487 459 474 391 407 364 329 275 261 247 189 213 171 174 139 123 123 96 77\
 65 48 45 29 33 34 21 17 23 17 11 8 5 6 2 7 3 0 2 0 1 0 0 1 0 1 0 0 0 0 0 0\
 0 0 0 0 0 0 0 0 0 0 0 0 0 0 0 0 0 0 0 0 0 0 0 0 0 0 0 0 0 0 0 0\
 0 0 0 0 0 0 0 0 0 0 0 0 0 0 0 0 0 0 0 0 0 0 0 0 0 0 0 0 0 0 0 0\
 0 0 0 0 0 0 0 0 0 0 0 0 0 0 0 0 0 0 0 0 0 0 0 0 0 0 0 0 0 0 0 0\
 0 0 0 0 0 0 0 0 0 0 0 0 0 0 0 0 0 0 0 0 0 0 0 0 0 0 0 0 0 0 0 0\
 0 0 0 0 0 0 0 0 0 0 0 0 0 0 0 0 0 0 0 0 0 0 0 0 0 0 0 0 0 0 0 0\
 0 0 0 0 0 0 0 0 0 0 0 0 0 0 0 0 0 0 0 0 0 0 0 0 0 0 0 0 0 0 0 0\
 0 0 0 0 0 0 0 0 0 0 0 0 0 0 0 0 0 0 0 0 0 0 0 0 0 0 0 0 0 0 0 0


#S 7 mca_save_point Point:6 Scan:13 Datafile:20170218
#D Sat Feb 18 22:34:43 2017
#U Epics mca: dp_vortex_xrd74:mca1
#T 300  (Seconds)
#Q 0 2.88348e-08 0.0220281
#Energy 0
#Monc 28967721 86336680
#@MCA %32C
#@CHANN 1000 0 999 1
#@CTIME 300 300 290.581
#@CALIB -48.775 5.7161 0
#N 1
#L Epics MCA
@A 0 0 0 0 0 0 0 0 0 0 0 0 0 0 1 0 0 0 0 1 0 0 0 0 0 0 0 0 0 0 0 0\
 0 0 0 0 0 0 0 0 0 0 0 0 0 0 0 0 0 0 0 0 0 0 0 0 0 2 0 0 0 0 0 0\
 0 1 0 0 1 2 1 0 0 2 1 5 2 2 2 6 3 4 5 3 6 7 10 6 9 7 13 4 12 10 10 14\
 14 12 10 21 13 13 10 13 18 8 13 13 7 17 12 10 12 14 18 13 11 12 16 16 13 16 8 12 11 13 14 9\
 14 18 9 13 17 15 14 22 17 10 13 8 15 14 13 16 19 24 15 16 14 19 19 14 18 18 21 21 27 18 19 20\
 16 16 14 17 15 10 12 15 13 14 13 16 11 13 7 11 10 17 12 10 9 13 14 17 17 10 12 12 8 16 12 12\
 11 14 10 9 9 13 9 11 8 7 9 15 8 8 12 9 8 10 11 14 12 10 11 11 7 12 5 11 9 9 13 7\
 12 9 8 11 7 13 16 10 5 6 10 7 13 9 6 9 5 8 8 13 8 7 14 11 11 7 11 11 6 11 15 12\
 9 14 7 10 13 9 16 10 13 7 9 10 9 9 24 11 10 12 8 11 5 7 15 10 9 11 8 11 9 11 7 9\
 8 6 11 9 5 15 11 12 14 15 16 14 16 7 15 19 10 15 15 13 19 17 13 12 14 14 12 13 9 11 4 8\
 11 11 20 13 11 5 8 9 7 13 12 12 13 16 7 9 10 13 16 16 9 10 9 19 12 16 11 11 14 11 11 16\
 12 12 15 18 18 17 14 19 7 11 15 18 12 20 7 8 14 12 7 15 9 13 10 13 11 11 11 16 11 11 10 15\
 9 15 14 11 9 9 13 14 17 15 12 14 18 18 19 19 29 26 20 21 16 27 21 33 25 25 28 31 26 26 28 22\
 24 22 26 21 19 21 17 14 14 19 21 20 14 19 15 18 22 12 21 23 20 26 30 24 42 44 38 57 77 72 97 131\
 132 176 180 224 233 314 350 350 397 427 436 475 514 537 569 528 563 530 555 542 501 481 433 432 369 333 287 260 234 181 166 142\
 139 105 95 90 67 77 61 57 51 59 68 57 63 69 62 73 66 72 54 66 54 58 66 63 47 54 56 53 48 44 26 37\
 32 31 27 26 21 18 25 20 18 16 20 18 11 12 11 15 14 8 11 16 7 11 13 10 9 12 5 9 12 5 8 6\
 6 7 6 3 7 6 5 3 6 10 8 12 8 6 6 12 8 7 7 5 17 9 7 10 9 8 9 8 5 11 10 9\
 4 10 4 3 11 10 8 5 8 11 7 6 6 8 10 11 7 14 6 9 9 6 3 7 11 14 9 8 5 13 11 10\
 8 10 11 4 11 6 8 4 12 7 9 10 7 11 6 7 10 8 12 14 9 14 11 11 17 18 22 32 24 26 36 38\
 41 51 66 63 60 69 64 85 82 79 95 89 89 80 83 89 84 81 92 64 75 60 54 49 45 31 31 25 20 19 14 13\
 9 12 10 14 12 6 12 7 12 14 8 11 9 15 8 8 6 9 17 8 10 17 12 13 12 9 11 18 15 16 11 20\
 7 23 22 19 22 26 19 23 13 22 16 14 14 14 8 12 14 16 13 8 10 6 10 15 8 7 7 10 5 3 2 5\
 8 9 3 3 5 4 8 5 4 8 8 4 6 7 4 6 4 12 7 8 7 6 8 12 10 4 6 6 9 7 9 7\
 13 10 3 5 7 2 5 8 4 5 3 3 6 8 4 6 7 8 7 7 12 9 5 8 6 10 6 8 6 6 10 6\
 5 5 8 5 8 5 7 7 9 6 9 6 7 4 7 13 6 6 7 5 3 6 7 8 6 3 7 3 5 5 3 8\
 5 7 8 6 8 5 7 8 11 2 5 7 8 8 5 8 3 5 5 5 3 10 6 10 8 7 9 6 2 6 11 4\
 10 9 12 5 3 7 7 8 5 10 9 4 6 7 8 9 7 5 8 5 3 8 5 7 8 13 5 4 9 6 7 9\
 5 7 2 6 11 9 5 5 7 6 4 10 9 4 9 5 6 4 5 5 10 10 2 8 6 10 12 6 5 3 4 12\
 6 7 4 8 4 5 5 9 7 6 6 7 6 10 5 3 9 4 11 9 7 6 7 11 4 7 9 5 8 6 7 8\
 5 5 4 8 7 11 9 5 2 6 5 6 8 5 3 5 7 8 5 9 6 7 7 6 3 5 4 11 4 7 4 11\
 10 7 9 3 11 5 10 8 4 7 7 6 8 5 10 6 6 6 7 9 12 8 6 4 7 9 7 7 6 7 7 4\
 10 8 8 4 12 7 7 13 11 12 9 8 8 5 9 6 8 12 10 4 13 5 13 7 9 9 4 6 4 2 8 9\
 7 11 4 9 7 4 7 10 6 9 4 9 7 9 8 3 7 5 4 5 5 7 4 7 7 11 8 5 4 5 9 6\
 8 9 10 9 4 5 10 4 4 6 9 3 9 14 2 12 8 9 6 4 11 10 7 19 7 13 14 9 17 13 11 10\
 11 15 10 9 15 19 17 13 9 14 23 10 12 16 13 23 14 10 15 12 6 10 7 9 12 13 10 11 10 12 8 7\
 10 4 7 4 13 9 4 7 6 7 10 7 4 4 3 7 8 6 15 4 3 10 5 6 7 7 8 6 6 7 7 5\
 6 7 4 11 7 5 9 13 5 2 5 11 11 6 7 14 6 7 7 5 5 7 6 8 10 13 5 7 4 4 10 6\
 8 13 10 8 7 5 5 8 7 9 8 10 8 10 3 11 8 10 12 13 6 10 12 9 6 4 8 7 10 7 11 11\
 5 9 7 12 7 11 13 8 7 5 10 10 5 7 7 16 5 8 7 10 9 4 8 3 11 5 10 11 9 11 9 7\
 5 8 5 5 2 6 7 12 7 10 8 8 8 3 3 11 3 8 7 5 8 7 8 2 6 11 8 8 12 11 13 3\
 11 7 8 8 5 5 8 3 13 8 8 11 7 10 11 7 7 7 10 11 4 9 13 8 13 9 10 9 9 15 7 14\
 15 10 9 9 10 11 11 14 11 8 17 10 6 12 10 12 12 13 13 12 15 11 17 7 11 10 14 9 8 16 15 11\
 12 11 3 6 21 18 12 14 14 13 16 22 16 22 16 18 26 24 16 27 21 29 30 33 35 38 28 38 44 35 55 42\
 40 45 46 53 60 60 53 50 45 62 60 59 53 66 48 55 50 56 44 44 49 52 53 48 42 32 40 32 34 38 42 35\
 27 33 31 38 38 25 19 29 32 18 31 24 27 27 24 33 14 32 29 22 15 39 33 28 25 27 25 25 33 25 25 35\
 22 16 35 23 22 26 16 24 20 22 27 22 16 23 17 22 16 28 17 13 33 22 31 24 23 27 23 30 23 32 25 21\
 19 37 32 33 26 33 16 29 32 33 29 26 35 27 31 42 21 31 34 35 27 32 31 22 34 33 34 43 28 47 37 37\
 56 43 40 37 47 47 47 35 48 52 37 50 40 47 51 56 50 53 48 57 45 68 51 61 65 65 64 51 62 49 67 79\
 67 71 83 76 69 66 85 54 72 71 79 77 77 94 64 71 89 90 85 95 82 88 87 74 92 97 94 94 95 103 107 89\
 124 111 114 127 125 109 106 117 128 132 123 121 127 148 152 143 137 139 143 150 150 136 149 165 149 177 187 177 183 185 185 210\
 198 216 193 207 224 219 243 223 234 237 229 247 273 260 257 277 293 255 267 312 281 288 282 306 317 325 293 307 328 306 355 366\
 368 371 321 369 361 376 374 410 369 418 388 434 456 487 465 500 526 531 610 598 638 650 727 783 850 881 996 1033 1098 1200 1349 1337\
 1518 1713 1713 1945 2054 2149 2394 2560 2657 2807 3056 3230 3359 3543 3766 3937 4204 4309 4628 4710 4967 5194 5351 5754 5703 6024 6080 6362 6463 6665 6727 6903\
 6989 7026 7118 7229 7277 7205 7387 7312 7540 7514 7417 7527 7549 7573 7656 7529 7739 7581 7939 7877 7910 7965 8021 8229 8353 8414 8518 8519 8565 8853 8643 8646\
 8583 8782 8838 8493 8524 8251 8059 7998 7889 7343 7289 6892 6645 6173 5913 5460 5177 4768 4507 4206 3760 3457 3193 2877 2558 2288 2061 1804 1462 1400 1161 1081\
 901 756 631 539 466 372 298 246 190 173 133 115 109 85 54 49 38 22 16 17 13 5 9 5 6 3 1 4 2 0 1 2\
 0 1 0 0 0 0 0 0 1 0 0 2 0 0 0 0 0 0 0 0 0 0 0 0 0 0 0 0 1 0 0 0\
 0 0 0 0 1 0 1 0 0 0 0 0 0 0 0 0 0 0 0 0 0 0 0 0 0 0 0 0 0 0 0 0\
 1 0 0 0 0 0 0 0 0 0 0 0 0 0 0 1 1 0 0 0 0 0 0 0 0 0 0 1 0 0 0 0\
 0 0 0 0 1 1 0 0 0 0 0 0 0 0 1 0 0 0 0 0 0 0 0 0 0 0 0 0 0 0 0 0\
 0 0 1 0 0 0 0 0 0 0 0 0 0 0 0 0 0 0 0 0 0 0 0 0 0 0 0 0 0 0 0 0\
 0 0 0 0 0 0 0 0 0 0 0 0 0 0 0 0 0 0 0 0 0 0 0 0 0 0 0 0 0 0 0 0\
 0 0 0 0 0 0 0 0 0 0 0 0 0 0 0 0 0 0 0 0 0 0 0 0 0 0 0 0 0 0 0 0


#S 8 mca_save_point Point:7 Scan:13 Datafile:20170218
#D Sat Feb 18 22:39:52 2017
#U Epics mca: dp_vortex_xrd74:mca1
#T 300  (Seconds)
#Q 0 -2.00761e-08 0.0230055
#Energy 0
#Monc 28806367 86291874
#@MCA %32C
#@CHANN 1000 0 999 1
#@CTIME 300 300 270.364
#@CALIB -48.775 5.7161 0
#N 1
#L Epics MCA
@A 0 0 0 0 0 0 0 0 0 0 0 0 0 0 0 0 0 0 1 0 0 0 0 0 0 0 0 0 0 0 0 0\
 0 0 0 0 0 0 0 0 0 0 0 0 0 0 0 0 0 0 0 0 0 0 0 0 0 0 3 0 2 0 0 0\
 1 1 1 1 2 5 4 2 7 9 4 10 6 11 5 19 18 14 20 26 23 36 24 35 31 30 40 45 35 43 43 34\
 58 56 46 50 44 49 55 46 39 37 45 50 45 38 53 38 50 40 55 47 49 47 54 55 52 50 41 51 37 56 56 58\
 44 55 60 36 46 55 55 52 44 51 45 52 60 54 66 46 66 60 80 62 63 77 55 66 63 76 73 63 80 77 80 69\
 62 86 57 49 66 53 46 46 43 36 38 42 35 31 47 43 38 45 37 45 45 43 53 42 44 44 50 35 39 31 29 55\
 46 30 40 51 23 40 39 30 42 39 39 45 40 32 40 34 29 41 40 27 27 35 51 45 36 47 40 34 36 29 43 46\
 37 32 28 40 49 44 24 42 37 39 34 32 35 31 36 35 34 35 31 42 36 37 25 40 34 37 36 32 33 27 28 33\
 40 44 32 42 41 44 42 41 38 34 46 38 38 33 38 43 41 31 33 44 29 40 37 34 34 53 38 34 32 29 29 30\
 36 27 45 39 35 51 49 41 39 31 43 49 47 45 49 46 59 58 52 41 49 51 49 46 41 47 55 36 45 46 46 42\
 31 34 46 28 34 41 51 43 45 43 31 38 37 43 44 44 40 39 47 44 56 41 48 44 46 47 59 32 49 39 41 44\
 39 51 46 48 39 46 42 44 42 48 57 50 33 62 45 38 44 39 38 34 39 52 45 37 45 46 45 42 50 45 49 54\
 43 51 52 45 54 52 53 47 55 58 66 65 66 71 84 86 90 78 85 93 110 89 105 109 115 93 95 93 110 105 78 81\
 84 84 80 60 63 75 70 79 51 66 59 60 65 66 55 68 59 79 62 78 67 96 109 120 129 149 189 216 250 279 373 463\
 538 622 753 783 1021 1112 1295 1431 1526 1744 1832 1986 2092 2170 2078 2218 2153 2109 2066 1965 1823 1740 1526 1460 1362 1151 1039 884 815 683 568 497\
 409 323 314 255 263 246 225 215 218 188 203 235 246 257 256 270 273 256 277 251 267 246 249 200 207 204 175 156 151 156 121 98\
 94 83 95 61 64 58 61 51 33 42 41 31 39 39 33 31 34 31 25 33 28 33 24 29 25 37 36 40 28 24 35 28\
 34 28 29 19 33 39 24 30 27 29 25 29 21 26 30 25 23 29 22 23 24 36 14 35 34 27 25 32 27 28 35 42\
 32 21 38 28 27 36 34 24 30 27 44 27 20 22 28 30 24 28 30 31 35 39 33 28 25 22 21 38 25 39 25 22\
 23 27 32 34 24 18 18 31 36 20 31 24 19 29 38 32 20 23 28 32 38 30 47 32 44 44 47 37 53 62 71 84\
 89 85 118 110 105 141 139 142 133 137 133 131 150 156 138 140 104 121 139 113 104 92 98 91 81 65 54 64 56 57 52 43\
 50 41 36 30 26 21 27 29 23 28 27 26 32 29 24 26 24 25 29 28 33 27 33 23 33 27 32 33 37 37 43 35\
 48 36 47 46 51 33 45 39 47 43 36 42 43 28 34 40 36 31 34 29 30 21 42 24 33 29 22 32 32 33 26 26\
 26 28 29 24 26 22 24 23 22 28 21 25 30 22 27 27 23 24 20 31 19 26 24 38 27 27 28 34 29 33 33 23\
 27 24 19 29 20 21 18 25 15 26 27 28 19 26 24 26 21 21 21 20 22 25 30 16 28 29 25 25 25 27 25 24\
 33 30 16 19 33 30 23 25 24 27 28 27 26 21 32 24 25 25 17 19 27 24 31 14 24 23 22 27 30 30 26 29\
 21 23 32 22 11 26 34 28 18 30 16 26 26 23 24 20 19 30 29 22 27 20 25 26 19 24 27 29 22 28 24 31\
 23 29 27 18 22 17 38 29 33 32 28 19 23 27 20 31 16 30 22 39 29 24 26 21 38 31 25 25 24 30 29 20\
 26 27 10 20 20 18 25 29 32 16 22 23 21 32 21 16 26 33 34 30 20 32 29 22 37 15 20 25 19 24 20 27\
 24 19 30 27 28 32 19 20 39 24 24 31 34 24 27 22 33 23 28 28 30 33 26 20 27 25 27 23 31 32 22 16\
 26 18 32 27 29 25 24 25 19 28 19 21 23 25 25 33 23 24 21 29 27 22 17 17 31 24 27 23 15 23 26 20\
 24 32 32 21 24 23 30 29 21 27 27 29 31 24 37 25 17 24 21 16 31 26 26 22 26 22 27 22 31 19 24 28\
 24 23 24 29 37 35 37 31 32 27 31 23 32 29 30 36 42 39 41 30 25 41 32 31 38 32 30 19 25 18 26 22\
 25 19 33 17 31 21 25 24 44 27 24 24 18 37 27 26 29 26 31 23 38 25 28 25 23 25 16 27 20 33 19 26\
 23 21 26 24 26 26 23 27 25 32 24 33 25 28 22 32 17 28 27 29 30 24 33 37 42 44 42 39 48 42 50 51\
 50 60 48 52 51 61 51 50 57 53 60 50 69 60 50 47 48 59 52 49 36 54 45 21 42 31 49 37 33 30 28 33\
 24 28 23 24 35 22 20 28 25 40 33 27 31 34 29 21 34 28 27 24 37 25 36 27 18 29 28 29 24 31 28 31\
 25 20 25 24 19 18 34 39 26 25 35 26 33 30 31 35 25 25 27 20 14 27 33 26 17 25 23 27 36 22 22 31\
 35 37 36 29 25 34 26 28 38 38 21 35 26 28 34 32 38 28 31 31 27 30 30 30 34 28 28 31 35 40 33 31\
 32 45 25 46 38 35 19 35 31 34 29 37 33 33 31 29 31 28 32 33 37 28 25 45 32 31 36 23 26 34 21 23\
 23 26 38 27 40 36 29 32 34 27 44 26 30 29 40 30 41 39 38 25 29 36 29 52 37 29 31 31 50 35 21 32\
 25 32 34 35 27 43 39 31 37 34 36 30 37 34 26 39 36 45 39 24 31 39 36 30 33 28 32 32 51 31 48 31\
 40 40 24 42 31 41 45 44 45 45 41 44 29 45 53 39 55 32 41 37 43 42 54 46 49 42 52 44 41 48 41 37\
 44 42 59 36 46 46 73 52 53 62 62 64 58 52 66 62 77 91 73 89 73 91 95 109 113 136 126 139 131 136 148 179\
 169 195 170 189 213 194 208 218 210 224 214 198 199 190 183 231 199 180 178 174 156 166 159 158 138 135 126 145 130 127 112 133\
 99 113 107 130 118 104 99 101 95 116 103 115 110 121 91 93 106 112 98 107 121 95 93 89 84 93 116 116 110 99 104 88\
 86 92 77 99 96 91 93 84 85 78 77 88 89 102 109 85 98 101 97 92 96 84 79 93 91 95 101 110 111 104 94 102\
 99 104 110 140 107 114 109 120 117 100 104 127 116 126 124 128 125 123 138 127 144 123 163 153 146 146 131 158 149 171 140 146\
 152 169 166 151 157 153 170 169 167 170 165 190 171 190 181 197 209 188 210 206 212 183 228 199 218 233 216 244 226 281 245 243\
 266 301 260 241 252 295 293 307 319 288 261 289 275 304 307 314 328 349 321 322 338 338 354 366 349 353 371 434 387 388 412 424\
 389 436 408 390 422 430 403 484 477 483 481 488 529 491 544 508 575 547 558 590 597 603 584 629 629 672 649 662 723 698 713 706\
 743 756 787 768 811 851 798 844 884 880 909 915 939 928 1013 1029 1017 1076 1107 1099 1139 1167 1227 1155 1089 1183 1231 1216 1167 1248 1282 1355\
 1325 1330 1309 1475 1371 1466 1399 1463 1484 1477 1594 1665 1682 1722 1874 1907 2057 2172 2272 2349 2562 2706 2912 3081 3318 3478 3769 4033 4411 4742 5124 5508\
 6005 6266 6889 7339 7858 8427 9044 9643 10371 11029 11641 12395 13175 13929 14707 15325 16157 17251 17821 18941 19506 20482 20908 21882 22303 23116 23559 24038 24789 25354 25855 25993\
 26479 26966 26685 27393 27249 27723 27787 28036 28013 28135 28173 28101 28434 28808 28611 28618 29076 28847 29622 29656 30089 30221 31049 31028 31482 31836 32488 32523 33045 32765 33146 33370\
 33304 33209 32880 32538 32400 31620 30753 29840 29320 27969 26885 25779 24972 23242 22090 20736 18986 17694 16530 15034 13887 12539 11328 10321 9175 8116 7249 6334 5510 4944 4161 3632\
 3155 2728 2271 1992 1543 1398 1070 900 724 574 491 384 341 256 182 171 140 95 80 57 50 44 26 24 17 9 9 8 2 4 5 5\
 1 4 3 0 1 3 3 1 3 2 5 2 1 4 3 0 1 1 1 1 1 3 1 1 2 0 1 1 1 0 0 2\
 1 1 2 0 1 5 0 1 0 3 1 0 0 5 2 1 0 1 2 1 2 1 1 0 1 1 0 1 2 0 2 1\
 0 2 1 1 1 0 0 1 2 1 1 1 1 0 1 0 0 0 2 3 2 1 1 1 1 0 1 2 0 2 2 3\
 2 1 1 0 1 1 1 0 0 1 0 0 0 0 1 2 0 3 0 0 0 2 0 1 1 1 0 1 0 0 1 1\
 0 0 0 0 3 0 0 2 0 1 0 3 1 1 0 0 1 0 0 2 0 1 2 2 1 2 0 1 0 1 0 0\
 0 0 0 0 0 0 1 1 1 0 0 0 0 0 0 1 1 0 1 0 1 1 1 1 1 1 1 0 0 1 1 0\
 1 0 1 2 2 1 0 0 0 0 2 1 0 0 0 0 0 0 3 1 2 0 0 0 2 1 0 1 0 0 0 0


#S 9 mca_save_point Point:8 Scan:13 Datafile:20170218
#D Sat Feb 18 22:45:01 2017
#U Epics mca: dp_vortex_xrd74:mca1
#T 300  (Seconds)
#Q 0 -7.32514e-08 0.0239829
#Energy 0
#Monc 28694592 86236377
#@MCA %32C
#@CHANN 1000 0 999 1
#@CTIME 300 300 266.801
#@CALIB -48.775 5.7161 0
#N 1
#L Epics MCA
@A 0 0 0 0 0 0 0 0 0 0 0 0 0 0 0 0 0 0 0 1 0 0 1 0 0 0 0 0 0 0 0 0\
 0 1 0 0 0 0 0 0 0 0 0 0 0 0 0 0 0 0 0 0 0 1 1 0 1 0 2 0 2 0 1 0\
 3 0 0 1 3 4 6 1 6 11 8 9 6 10 15 17 20 17 27 26 25 26 41 41 35 38 34 41 41 56 53 46\
 64 59 57 61 63 48 57 46 46 50 41 57 59 62 53 51 50 60 54 63 42 55 40 52 54 68 70 45 57 63 53 44\
 45 51 49 63 64 52 56 43 51 60 53 56 53 56 60 58 70 76 71 73 69 75 76 78 84 64 86 70 74 95 79 79\
 71 73 58 58 63 54 62 56 46 64 43 44 46 44 35 52 35 55 45 51 36 48 48 54 37 56 55 46 38 47 43 53\
 41 44 34 48 39 45 41 37 35 49 34 43 45 42 52 45 34 30 34 32 39 45 41 53 39 33 41 37 34 35 49 34\
 47 54 40 39 33 40 37 48 38 45 28 37 45 41 32 45 39 32 34 30 28 50 31 49 41 35 36 42 37 48 42 35\
 52 33 48 53 38 56 54 39 43 44 46 56 37 49 41 44 47 42 51 45 36 40 50 49 35 54 41 38 47 36 46 51\
 40 56 46 54 47 41 38 40 37 44 43 39 44 55 52 51 57 48 43 54 41 60 58 53 42 47 55 40 53 36 51 56\
 38 56 40 49 51 52 59 28 43 50 41 46 44 36 47 44 48 43 49 32 43 49 40 35 62 47 35 57 41 43 57 38\
 50 52 43 43 55 48 32 50 57 38 47 53 49 47 50 33 55 34 34 57 38 49 50 44 49 46 33 49 40 54 45 46\
 63 57 50 57 47 54 62 67 47 52 71 74 77 71 63 87 99 95 85 87 94 104 125 113 129 115 108 119 125 118 96 104\
 78 89 105 99 86 85 73 60 72 75 67 65 76 73 61 65 76 86 81 76 74 93 98 127 139 172 189 238 318 349 374 481\
 548 649 769 974 1141 1214 1415 1535 1763 1867 1996 2202 2214 2356 2347 2415 2376 2218 2297 2165 2031 1940 1800 1565 1420 1220 1158 995 859 735 657 497\
 480 355 362 318 259 248 249 226 266 202 242 253 270 283 270 289 254 301 286 320 287 235 277 221 236 179 211 181 184 173 111 110\
 126 87 89 67 75 58 64 53 52 45 40 54 58 38 40 39 28 38 39 20 33 30 31 36 27 37 30 37 30 30 34 37\
 28 39 33 32 35 30 35 33 39 27 25 27 27 35 33 34 22 36 36 20 44 23 21 32 20 22 24 33 32 24 32 35\
 28 31 32 32 29 33 28 34 40 22 31 30 33 33 27 20 33 36 34 27 34 25 26 36 32 21 25 27 39 23 36 35\
 39 29 31 36 29 36 21 24 36 37 35 28 35 40 24 44 30 29 33 43 35 27 47 47 38 53 57 63 57 85 71 73\
 93 100 90 117 122 146 116 133 143 132 137 144 154 129 149 148 145 126 116 120 123 96 94 90 75 62 56 73 50 45 29 28\
 43 42 41 33 37 31 35 38 35 34 32 24 35 26 50 27 37 32 33 25 24 42 34 29 39 36 35 35 37 36 45 29\
 43 45 35 52 58 49 49 50 44 44 34 33 42 45 39 41 39 34 45 32 45 28 38 34 25 32 23 21 24 34 37 26\
 40 29 28 37 26 35 31 26 31 23 23 27 29 33 30 44 36 28 27 29 25 31 29 26 24 33 29 33 29 34 29 26\
 21 26 30 23 23 37 32 25 38 31 35 28 21 32 41 23 25 29 35 27 31 25 36 27 31 39 14 30 31 31 30 35\
 33 20 22 21 27 28 28 30 26 29 19 29 23 27 31 29 20 33 28 23 21 39 28 22 32 29 21 24 32 24 39 28\
 38 28 30 30 38 30 26 24 27 22 28 22 23 29 32 27 24 24 24 21 28 22 35 31 27 28 37 25 31 22 24 25\
 36 25 28 34 18 41 36 24 29 24 16 31 29 19 27 19 32 27 21 21 30 32 34 24 28 25 33 24 26 33 28 26\
 17 27 24 29 29 28 31 23 21 29 19 24 39 32 19 26 29 28 27 31 28 29 23 23 27 33 30 34 31 33 25 29\
 25 27 28 19 30 31 24 19 27 22 36 24 31 36 28 30 18 27 29 27 28 35 23 36 32 35 28 27 28 33 24 26\
 32 27 28 39 29 18 40 26 28 26 33 24 24 26 29 30 26 25 27 27 25 22 36 35 33 31 22 29 31 25 38 27\
 34 25 40 35 21 32 39 16 32 29 26 25 27 29 30 24 31 29 31 26 25 36 31 32 23 36 28 23 33 28 25 38\
 36 42 30 27 29 29 31 35 31 39 35 24 28 44 32 36 41 38 35 34 38 38 22 29 45 42 31 34 26 34 36 28\
 27 26 28 21 25 22 36 26 29 22 21 25 27 31 30 24 20 29 23 36 24 29 24 23 34 29 22 28 19 32 19 26\
 26 18 23 28 36 29 42 24 28 23 23 34 30 35 32 41 38 41 37 49 46 44 53 36 56 51 55 50 68 56 68 67\
 75 67 88 93 90 96 77 103 74 95 92 81 78 91 88 72 73 71 89 54 53 69 55 51 50 49 44 42 43 45 46 35\
 38 28 31 38 42 34 35 40 24 24 35 35 34 37 30 22 28 25 27 31 28 28 25 30 42 35 31 38 19 31 37 26\
 20 35 24 24 30 25 40 33 26 24 30 43 33 43 21 35 23 38 40 31 27 26 36 23 32 34 42 27 19 30 25 33\
 25 30 42 29 26 42 32 38 34 30 30 38 40 27 39 46 34 44 25 40 35 37 47 48 32 36 40 36 45 44 34 36\
 43 42 54 40 51 50 35 38 38 37 44 42 33 29 39 32 39 34 44 36 45 35 39 28 32 30 35 31 40 35 37 32\
 40 34 31 33 40 34 30 39 39 31 38 34 33 38 42 32 34 34 35 45 25 45 40 40 46 35 35 25 48 45 36 39\
 47 37 46 40 47 49 51 54 37 42 47 42 47 39 55 42 37 40 44 44 36 35 40 56 38 41 36 39 46 39 45 45\
 44 46 42 37 40 55 42 40 33 45 49 45 48 47 55 63 41 51 53 37 39 53 35 49 59 53 42 34 58 42 62 42\
 46 54 59 59 48 50 53 59 61 60 55 65 62 73 83 83 77 86 99 91 94 107 94 134 122 140 134 151 159 156 179 202\
 198 197 204 228 206 248 238 236 256 246 240 239 220 240 233 199 226 219 205 185 197 205 168 175 171 134 153 113 119 119 143 127\
 133 109 119 123 121 119 117 119 128 116 127 111 126 128 143 114 109 120 119 129 131 123 98 108 112 121 117 109 106 111 120 109\
 101 107 105 97 100 99 111 120 96 103 113 83 79 103 99 106 100 100 96 89 98 105 102 107 112 95 87 119 115 139 112 119\
 108 121 128 110 133 118 107 128 128 133 128 148 161 130 132 137 140 142 149 146 159 135 154 149 160 167 153 163 179 181 151 177\
 175 174 166 181 156 170 190 196 181 176 193 191 194 175 223 217 210 210 219 236 244 244 237 285 264 258 286 276 268 286 313 306\
 308 276 279 328 312 315 310 306 311 304 333 323 332 295 339 364 376 345 358 370 393 367 362 389 397 428 395 403 439 419 424 422\
 451 475 470 450 460 496 442 537 502 546 535 582 545 579 592 579 593 610 642 604 618 695 720 658 702 758 702 735 728 793 774 791\
 848 867 868 911 887 920 989 975 1014 975 941 1023 1081 1016 1119 1118 1248 1216 1187 1312 1141 1284 1241 1282 1383 1322 1370 1388 1404 1392 1426 1448\
 1457 1532 1509 1553 1568 1545 1621 1638 1713 1705 1749 1804 1863 1873 2198 2148 2288 2371 2474 2697 2874 2952 3087 3389 3742 3989 4130 4513 4902 5350 5629 5978\
 6565 7069 7501 8210 8725 9383 10104 10739 11444 12213 12915 13494 14496 15608 16226 17505 18162 19109 19898 21003 21729 22694 23405 24046 24659 25545 26611 27360 27924 28034 29108 29279\
 29468 29982 30366 30540 31105 31003 31194 31379 31182 31697 31545 31666 31813 31983 31546 32341 32524 32617 32868 33025 33430 34358 34673 34851 35237 35479 36453 36728 36645 37170 37134 37317\
 37208 36918 37078 36317 36174 35009 34537 34212 32759 31441 30406 29239 27550 26000 24404 22919 21605 20214 18459 16807 15397 14203 12818 11528 10209 9087 8180 7072 6244 5415 4577 4122\
 3438 2824 2462 2139 1715 1445 1248 1013 830 649 522 435 371 298 250 183 153 127 64 73 48 39 16 17 11 16 12 9 8 7 6 7\
 2 4 0 4 5 0 1 3 1 4 1 0 3 3 2 5 1 1 0 0 4 1 2 3 3 3 1 2 2 1 1 0\
 1 2 3 0 2 4 1 0 0 1 4 3 1 0 2 0 3 3 2 0 2 2 4 4 0 1 1 4 3 2 0 0\
 1 0 1 2 1 1 0 3 1 2 1 1 5 1 1 1 3 2 0 2 1 1 0 2 1 2 3 0 0 0 1 0\
 1 0 2 0 0 2 0 2 2 3 1 3 1 2 1 1 3 2 1 1 1 0 0 1 1 1 1 0 1 1 1 1\
 2 2 1 0 1 3 1 1 1 1 0 0 1 1 0 0 3 2 0 1 0 3 1 0 1 0 0 4 0 1 0 1\
 1 0 2 1 0 0 1 0 1 3 0 0 0 0 1 1 0 1 0 0 1 0 1 0 2 0 1 0 1 0 0 0\
 0 1 0 1 0 1 0 0 0 0 1 1 0 0 0 1 0 2 0 0 0 0 0 1 0 0 1 0 0 1 2 0


#S 10 mca_save_point Point:9 Scan:13 Datafile:20170218
#D Sat Feb 18 22:50:10 2017
#U Epics mca: dp_vortex_xrd74:mca1
#T 300  (Seconds)
#Q 0 0 0.0250133
#Energy 0
#Monc 28836248 86396351
#@MCA %32C
#@CHANN 1000 0 999 1
#@CTIME 300 300 264.619
#@CALIB -48.775 5.7161 0
#N 1
#L Epics MCA
@A 0 0 0 0 0 0 0 0 0 0 0 0 0 0 0 0 0 0 0 1 0 0 0 0 0 0 0 0 1 0 0 0\
 0 0 0 0 0 0 0 0 0 0 0 0 0 0 0 0 0 0 0 0 0 0 0 0 0 0 0 0 0 1 1 0\
 0 2 3 2 4 4 4 1 7 8 6 6 11 9 12 21 23 20 24 30 28 34 21 40 42 35 39 45 52 54 56 53\
 68 62 51 41 53 65 70 54 58 52 47 60 61 64 47 58 59 62 59 55 49 52 50 60 57 63 65 49 52 66 51 71\
 50 45 61 64 62 65 64 61 69 42 53 57 68 53 68 63 57 80 72 62 86 82 74 90 83 78 93 81 76 85 88 74\
 99 79 77 69 55 56 62 54 45 60 51 52 49 52 57 43 47 50 68 52 52 56 45 58 50 56 62 51 59 41 51 48\
 47 53 50 51 44 46 47 53 54 43 49 39 37 48 47 52 29 29 59 47 49 42 45 35 43 41 43 31 39 27 47 43\
 30 39 31 36 46 41 42 36 37 55 39 54 39 39 47 41 45 30 39 52 33 40 39 45 34 39 47 31 50 35 38 38\
 55 48 44 35 49 39 40 37 51 47 55 50 44 49 44 45 57 51 35 58 45 42 52 55 45 44 50 54 39 38 54 52\
 35 53 44 46 47 49 38 45 39 47 69 46 49 50 59 51 56 56 55 54 59 52 62 49 58 38 57 55 55 52 61 57\
 59 50 42 48 47 40 37 41 47 45 47 52 41 41 45 43 48 43 56 47 51 47 42 49 48 43 56 55 59 58 55 48\
 43 63 52 47 44 66 34 60 45 43 43 39 59 49 44 46 38 55 60 51 47 32 47 56 53 55 56 54 63 57 55 52\
 57 54 62 50 68 59 53 62 43 72 66 73 73 68 73 95 95 79 107 109 95 113 114 103 119 128 118 111 117 106 99 97\
 106 109 110 95 91 74 83 66 83 76 62 74 68 74 79 74 73 80 79 99 108 78 124 142 153 178 212 258 288 342 430 551\
 561 740 893 964 1157 1248 1411 1643 1803 1918 2102 2199 2393 2462 2430 2462 2542 2441 2252 2277 2243 1990 1918 1637 1500 1314 1205 1022 904 829 660 541\
 470 408 378 343 296 274 263 227 265 258 273 259 265 278 307 364 282 303 334 301 265 304 270 274 239 230 203 190 142 172 146 120\
 119 88 88 72 72 58 64 56 50 46 46 47 31 32 43 59 31 26 22 38 24 32 36 35 35 37 32 36 31 29 33 27\
 37 44 35 42 41 38 43 27 33 26 46 33 32 29 29 34 33 33 37 34 31 29 36 29 30 29 41 38 35 40 33 26\
 30 32 34 25 27 45 29 35 37 24 34 36 20 45 32 35 34 30 34 44 29 32 37 37 32 35 40 35 26 32 32 41\
 33 36 24 35 31 35 27 36 33 33 38 42 35 41 26 35 41 34 38 40 44 42 49 46 39 55 49 61 60 64 80 83\
 88 106 106 107 120 141 126 151 128 153 153 146 140 155 139 136 138 111 121 135 109 106 109 99 71 67 71 74 45 58 41 49\
 40 39 45 34 36 38 26 27 41 34 37 34 28 36 25 27 32 37 40 39 38 36 32 54 41 49 37 31 43 46 42 33\
 51 49 55 52 44 38 53 47 60 42 34 35 49 37 43 40 38 29 42 38 40 29 30 38 34 30 32 27 26 24 38 28\
 23 34 36 23 35 29 27 41 37 32 26 32 39 21 23 34 31 26 26 35 25 41 34 35 25 30 23 29 36 36 35 36\
 31 41 37 28 22 30 30 36 37 27 30 38 37 25 19 31 31 31 26 44 41 28 26 27 23 31 17 40 26 36 31 34\
 26 19 32 32 26 26 23 35 31 31 27 28 15 34 29 33 35 32 31 23 29 33 29 25 24 28 26 33 31 30 31 32\
 27 25 31 34 27 26 30 27 37 22 28 30 26 24 22 26 25 41 31 25 34 24 27 36 40 21 28 33 31 31 21 33\
 24 32 40 36 31 31 24 30 36 36 15 29 22 28 23 34 22 33 22 34 30 31 33 29 30 38 23 16 34 30 30 27\
 26 31 31 24 29 26 31 20 27 28 28 32 22 23 24 22 34 27 26 28 29 26 27 37 31 33 26 35 24 37 35 27\
 20 36 34 19 33 26 31 34 23 31 31 28 37 40 33 29 27 25 32 34 31 33 34 34 23 28 34 38 25 21 32 29\
 39 37 38 26 21 38 27 25 31 22 41 29 24 27 24 27 32 30 26 38 27 24 35 29 26 27 29 25 45 30 24 26\
 25 37 20 33 26 31 26 37 24 25 28 29 34 23 34 40 28 31 35 29 41 32 30 36 35 39 41 36 31 37 39 28\
 45 27 21 50 32 40 25 37 35 32 33 42 36 27 35 30 27 26 33 47 33 34 33 31 43 30 37 36 38 36 31 30\
 32 24 29 37 29 37 30 30 36 31 38 46 35 31 35 28 34 45 30 34 29 27 31 34 41 26 32 25 38 30 28 30\
 26 28 35 35 37 25 28 36 20 35 26 43 32 32 30 44 32 38 46 45 44 47 37 49 48 42 46 56 56 54 63 47\
 69 65 76 80 83 82 78 83 93 72 84 82 78 67 81 91 75 69 73 66 62 58 47 61 47 52 50 39 38 46 40 43\
 44 43 32 37 37 31 30 32 31 44 22 33 25 30 36 41 29 36 30 30 39 44 29 23 32 36 25 30 31 48 29 33\
 32 29 29 25 42 33 35 29 30 25 36 45 20 32 20 20 47 27 33 28 32 31 27 44 39 23 31 37 29 30 31 27\
 34 36 39 33 35 29 41 41 42 39 33 32 43 31 44 30 39 50 52 37 36 25 32 47 41 43 50 34 30 46 40 34\
 44 37 42 36 44 47 49 35 40 38 30 50 40 38 43 44 52 35 35 45 45 33 37 37 39 39 37 31 39 40 39 37\
 34 29 42 28 39 39 50 46 27 38 44 44 34 36 36 44 36 37 46 37 48 32 34 38 28 47 34 31 41 40 39 49\
 44 45 36 46 52 47 46 33 40 37 61 42 53 58 47 44 41 37 47 42 45 59 54 40 33 45 54 46 46 41 55 36\
 43 28 44 36 44 45 51 38 48 54 49 43 44 38 40 53 54 48 44 49 50 56 44 51 51 52 54 56 55 37 66 51\
 54 64 50 59 68 60 49 62 67 69 61 74 70 69 69 79 79 89 111 85 115 104 121 108 134 151 180 158 187 204 191 202\
 210 214 254 228 215 253 234 226 274 257 259 267 233 221 220 230 219 209 217 216 204 201 201 193 199 163 153 153 121 160 155 154\
 137 124 140 139 129 147 128 143 146 112 134 139 148 143 122 148 143 145 133 126 122 122 145 116 132 107 115 108 129 121 132 126\
 105 111 113 90 110 110 127 99 112 107 80 106 100 102 96 137 112 127 125 106 127 101 92 100 111 118 112 112 120 119 131 127\
 113 106 122 107 132 103 118 165 149 138 146 125 164 140 136 154 155 163 163 147 166 163 176 176 153 186 150 146 190 197 180 170\
 187 186 206 209 206 191 194 196 211 224 209 199 241 238 248 237 236 219 240 244 245 264 280 265 301 276 271 294 278 298 298 326\
 300 329 301 325 320 336 341 319 317 366 348 328 341 357 379 347 387 378 399 361 416 399 442 416 425 439 455 432 448 496 463 457\
 485 480 495 507 491 555 543 560 540 587 540 585 585 619 631 601 601 669 651 700 699 716 716 727 762 703 735 807 835 809 862 821\
 866 908 870 962 968 987 1016 1028 1066 1081 1070 1130 1089 1206 1199 1220 1268 1248 1233 1298 1317 1321 1346 1295 1446 1375 1476 1436 1480 1484 1465 1517\
 1632 1545 1649 1651 1636 1599 1668 1774 1804 1877 2004 1973 2082 2181 2119 2265 2414 2545 2548 2766 3023 3150 3405 3637 3919 4256 4524 4831 5162 5582 6002 6490\
 7085 7431 8063 8728 9155 10091 10541 11270 12184 12892 13966 14723 15543 16478 17406 18310 19292 20054 21275 21999 23093 23832 24565 25738 26532 27578 28251 28760 29244 30152 30593 30837\
 31448 32272 32235 32447 32518 32720 32982 33111 33634 33344 33305 33523 33591 33987 34108 34682 34089 34744 34663 35374 35643 36319 36522 36989 37947 38123 38462 39129 39702 39365 39667 39634\
 39799 39823 39402 38805 38459 37249 36974 36115 35116 33244 32297 31110 29416 27659 26190 24788 22855 21266 19597 17956 16573 14913 13626 12139 10779 9545 8533 7490 6522 5701 5022 4235\
 3695 3107 2595 2156 1939 1484 1306 1012 837 715 619 509 363 295 240 183 137 110 88 58 58 34 37 27 27 13 16 7 4 5 7 6\
 1 6 3 5 5 6 5 2 2 3 2 3 3 1 2 3 2 4 1 5 1 4 1 3 4 2 1 0 2 5 2 0\
 7 0 2 0 0 0 1 3 5 2 3 3 1 0 1 1 4 1 3 2 1 5 2 0 1 2 1 2 1 3 2 1\
 2 2 2 0 1 1 2 1 1 3 1 2 1 1 3 1 1 0 3 2 3 2 3 3 1 1 4 1 1 1 2 1\
 3 2 1 3 1 2 1 0 1 0 1 1 0 0 1 4 2 2 0 1 1 2 2 2 1 3 2 2 0 0 2 2\
 0 1 0 0 2 0 1 1 1 0 2 1 2 0 1 0 1 0 1 2 3 1 2 0 1 2 2 2 3 0 1 1\
 1 0 0 0 0 2 1 0 1 2 1 0 0 0 1 0 1 1 1 0 1 2 0 1 0 0 0 1 1 1 1 0\
 0 1 0 2 2 1 0 1 2 0 0 0 0 0 0 0 0 1 0 0 1 1 0 1 0 1 1 1 0 0 1 1


#S 11 mca_save_point Point:10 Scan:13 Datafile:20170218
#D Sat Feb 18 22:55:19 2017
#U Epics mca: dp_vortex_xrd74:mca1
#T 300  (Seconds)
#Q 0 -5.67028e-08 0.0259906
#Energy 0
#Monc 28824627 86359020
#@MCA %32C
#@CHANN 1000 0 999 1
#@CTIME 300 300 264.452
#@CALIB -48.775 5.7161 0
#N 1
#L Epics MCA
@A 0 0 0 0 0 0 0 0 0 0 0 0 0 0 0 0 1 0 0 0 0 0 0 0 0 0 0 0 0 0 0 0\
 0 0 0 0 0 0 0 0 0 0 0 0 0 0 0 0 0 0 0 0 0 0 0 0 0 0 0 0 1 0 0 0\
 1 2 2 1 1 1 3 4 4 7 6 7 17 10 12 16 18 10 24 27 29 37 33 38 39 51 37 41 50 54 53 51\
 52 51 50 63 59 56 57 66 58 48 52 67 56 51 45 53 54 57 71 56 60 70 62 63 47 53 53 64 58 62 60 53\
 56 62 56 50 72 59 50 68 55 70 56 65 65 53 61 68 62 64 76 78 78 79 85 88 76 105 104 82 88 95 97 88\
 83 79 71 71 52 63 71 51 54 44 46 43 54 45 53 37 54 51 57 47 34 53 36 49 37 45 37 45 47 66 54 41\
 40 48 49 41 52 45 50 42 41 33 47 49 33 42 43 37 40 46 44 36 39 27 50 28 64 32 34 46 52 40 43 39\
 50 58 36 37 34 47 43 42 36 40 50 40 44 35 38 35 37 47 50 34 41 40 37 47 48 44 47 43 42 50 54 45\
 60 36 45 33 38 45 44 48 51 49 55 49 42 43 50 54 41 45 47 46 50 72 31 51 47 49 41 36 51 62 47 64\
 45 49 39 40 51 43 45 44 56 48 66 66 47 59 69 59 68 60 52 53 52 62 45 75 65 55 32 42 36 51 54 53\
 58 48 44 57 39 52 43 47 49 52 42 52 42 48 46 42 53 48 47 45 56 46 46 47 46 45 53 52 43 62 36 49\
 51 49 49 56 43 51 51 45 53 38 59 38 49 34 51 49 39 44 46 47 51 54 48 50 50 62 56 45 41 57 47 52\
 51 43 50 37 53 63 60 79 65 73 66 76 76 80 83 93 96 96 119 112 120 122 118 117 123 128 141 111 112 95 114 107\
 88 80 105 79 95 86 91 74 82 78 75 89 69 70 74 77 96 70 79 83 110 96 119 135 158 166 185 234 278 343 455 494\
 582 722 852 954 1176 1244 1474 1605 1858 2045 2087 2203 2411 2422 2579 2521 2509 2423 2372 2299 2132 1978 1816 1694 1490 1322 1247 988 917 740 705 552\
 472 426 336 305 250 247 259 240 253 255 287 274 296 306 319 353 319 325 309 286 306 292 285 248 273 238 195 154 187 146 169 122\
 104 120 98 73 72 66 71 54 41 57 35 37 45 29 28 36 48 31 42 37 24 36 43 33 39 29 27 28 43 34 25 30\
 32 37 29 28 38 43 41 37 37 32 23 27 39 41 41 33 30 33 37 33 39 41 37 30 25 31 35 28 38 34 46 37\
 30 35 35 45 32 26 37 38 38 42 35 37 28 32 42 42 31 37 35 27 40 34 35 29 38 31 34 30 47 26 35 35\
 34 33 34 40 30 34 31 38 39 39 38 27 33 24 31 30 39 38 35 42 40 46 32 33 46 43 53 51 50 83 76 78\
 82 88 117 100 107 146 116 122 130 147 160 160 132 151 136 132 127 123 124 117 103 89 86 86 79 76 77 62 57 61 42 44\
 37 42 35 49 36 35 31 42 28 28 39 39 36 43 36 31 46 40 25 32 32 36 39 26 40 39 54 40 43 35 47 45\
 35 52 42 55 51 47 42 58 41 39 46 44 36 41 51 41 42 36 26 36 44 26 31 30 34 46 28 31 30 26 32 27\
 33 33 42 27 20 30 31 33 34 34 33 28 35 35 30 29 32 29 38 33 26 23 33 26 39 35 39 32 28 21 28 34\
 33 27 22 41 40 24 32 28 37 36 33 32 18 22 41 32 32 31 28 33 37 26 31 25 29 27 28 27 28 43 45 26\
 27 43 30 34 38 25 28 31 36 21 27 24 37 43 32 21 31 30 28 41 30 29 30 36 25 35 31 27 31 25 32 34\
 21 30 34 30 30 32 32 23 30 31 33 26 25 31 36 30 36 32 39 34 32 36 26 32 26 35 30 27 23 24 31 27\
 23 28 30 27 24 29 30 50 29 31 42 32 35 31 31 38 29 23 30 34 29 30 26 27 32 28 21 22 33 15 29 31\
 25 25 33 36 35 27 29 26 31 27 16 29 27 33 21 26 22 25 28 37 30 33 31 25 30 24 29 29 39 31 34 22\
 23 30 29 36 32 23 22 32 26 32 34 29 32 27 35 26 37 27 25 32 35 28 28 31 31 36 25 43 30 19 36 36\
 39 41 32 28 25 37 34 31 19 36 36 25 37 33 33 30 29 33 32 28 37 24 32 25 31 25 29 23 30 32 32 28\
 31 35 31 28 27 33 30 28 30 38 27 28 34 28 29 29 24 26 30 25 23 25 30 30 29 23 39 28 40 18 40 38\
 29 40 26 36 32 40 32 37 41 20 52 35 52 34 38 28 48 40 35 38 33 20 36 34 40 39 40 41 29 38 30 39\
 28 30 31 36 34 38 29 29 34 27 34 39 28 28 34 39 34 34 38 30 31 31 23 30 31 44 37 36 27 46 34 31\
 28 26 25 26 37 38 35 28 45 31 35 38 41 38 37 31 32 43 28 41 42 50 46 51 47 53 49 46 60 42 49 54\
 72 57 70 94 66 79 84 78 77 67 56 86 67 82 71 62 67 54 49 49 55 49 40 46 44 47 54 49 42 33 35 34\
 32 37 39 36 38 33 40 32 39 37 35 22 35 33 25 29 35 28 40 42 32 29 36 29 33 35 34 36 32 40 23 29\
 34 32 40 36 27 36 38 23 43 23 36 30 34 44 34 24 30 25 29 34 39 26 37 30 34 38 34 30 24 31 31 35\
 31 37 25 39 35 39 33 39 36 35 37 24 50 35 35 31 44 34 40 26 38 38 46 35 34 29 34 42 36 49 36 42\
 37 53 39 45 47 44 34 23 40 43 40 52 23 45 35 41 33 30 43 41 31 31 35 41 37 32 34 47 36 36 25 38\
 40 38 41 39 34 38 37 35 46 48 31 40 54 41 32 44 38 43 42 28 48 39 27 34 35 31 47 34 35 50 48 46\
 54 41 42 43 45 48 51 62 47 41 38 44 61 43 60 38 53 44 51 49 38 37 45 54 34 53 40 40 48 39 42 42\
 49 40 38 42 42 39 40 63 48 58 48 45 63 41 37 52 49 54 36 54 44 40 50 57 53 63 60 50 45 46 57 45\
 46 47 66 52 54 59 64 64 74 65 79 61 72 64 78 83 84 66 90 76 109 126 117 139 117 145 164 165 169 149 205 184\
 215 202 210 232 228 228 244 239 263 286 247 253 264 233 236 240 226 243 215 231 192 192 207 182 172 168 160 140 148 161 151 175\
 137 143 172 119 127 119 138 141 117 130 131 140 141 136 119 142 122 111 125 123 131 137 109 114 135 121 125 133 112 116 108 109\
 114 96 105 123 103 109 103 93 90 99 99 102 110 88 104 99 108 110 113 116 107 103 94 105 108 125 121 111 123 122 113 141\
 138 136 130 121 123 154 124 133 137 135 141 132 155 153 129 153 154 142 136 154 151 138 160 162 157 154 157 168 177 174 170 189\
 181 182 193 202 193 210 225 200 195 223 182 200 206 221 202 226 241 233 254 264 254 252 251 256 278 267 274 297 283 321 293 291\
 298 296 298 324 307 309 324 331 345 358 333 354 370 335 381 352 372 377 374 378 409 396 397 398 433 421 423 464 451 464 456 435\
 484 475 461 504 519 517 513 554 528 604 574 572 567 615 590 601 614 627 645 706 611 702 686 706 716 770 745 809 872 834 846 852\
 823 905 966 976 952 1024 1061 1046 1007 1055 1105 1123 1208 1133 1145 1171 1142 1266 1244 1332 1345 1345 1349 1447 1441 1477 1408 1475 1500 1502 1567 1536\
 1561 1656 1631 1582 1758 1661 1652 1767 1739 1823 1903 1935 1892 2094 2162 2269 2477 2527 2655 2846 3070 3190 3482 3678 3889 4148 4575 4795 4999 5582 6140 6538\
 6877 7510 8080 8463 9185 9950 10680 11398 12313 13029 13858 14408 15616 16467 17297 18442 19458 20384 21176 22004 23101 24205 24779 25933 26890 27589 28111 28765 29528 30282 30822 31072\
 31322 32016 32443 32844 32857 33080 33361 33297 33577 33631 33726 33872 33529 34293 34178 34578 35103 34915 35196 35680 36017 36609 36902 37232 37832 38514 38442 39361 39434 39827 39943 40145\
 40148 40046 39816 39310 38469 38309 37346 36020 35223 33737 32618 31248 29510 27757 26322 24725 23328 21534 19969 18017 16584 15137 13585 12113 10909 9784 8674 7498 6626 5842 4906 4205\
 3705 3122 2656 2280 1942 1663 1299 1101 857 700 592 488 376 335 250 191 123 112 96 71 59 58 28 25 15 21 13 11 13 3 7 10\
 10 6 4 5 3 6 3 3 4 4 3 1 4 3 4 2 1 5 1 3 4 3 1 0 3 3 1 2 5 3 2 6\
 2 3 0 0 3 1 1 1 5 1 1 2 1 2 4 4 2 0 1 3 3 2 2 1 3 2 4 2 2 2 2 2\
 2 1 2 1 5 2 1 2 3 1 0 2 3 1 5 2 2 1 2 1 3 1 2 4 0 2 2 3 3 1 2 5\
 3 1 0 4 1 1 1 2 0 2 2 3 1 2 3 0 1 2 2 2 1 4 1 0 1 0 2 0 1 0 1 0\
 0 2 1 0 1 0 1 0 1 1 2 1 0 1 2 3 4 1 2 1 2 1 2 0 1 1 0 0 4 1 0 1\
 1 2 1 1 1 1 0 0 0 0 0 1 0 0 0 2 0 0 0 0 1 1 0 1 0 0 0 1 2 1 0 2\
 0 2 0 0 0 2 0 0 1 0 1 1 0 1 0 0 1 0 0 2 2 0 1 0 0 2 1 1 1 0 0 2


#S 12 mca_save_point Point:11 Scan:13 Datafile:20170218
#D Sat Feb 18 23:00:28 2017
#U Epics mca: dp_vortex_xrd74:mca1
#T 300  (Seconds)
#Q 0 -7.06483e-08 0.0269857
#Energy 0
#Monc 28567194 86272942
#@MCA %32C
#@CHANN 1000 0 999 1
#@CTIME 300 300 262.293
#@CALIB -48.775 5.7161 0
#N 1
#L Epics MCA
@A 0 0 0 0 0 0 0 0 0 0 0 0 0 0 1 1 0 0 0 0 0 0 0 0 0 0 0 0 0 0 0 0\
 0 0 0 0 0 0 0 0 0 0 0 0 0 0 0 1 1 0 0 0 0 1 0 0 1 0 0 0 1 0 1 3\
 0 0 1 1 1 4 4 3 2 5 6 8 15 8 13 17 25 20 15 30 26 27 34 35 42 53 48 48 47 49 55 65\
 57 66 64 56 66 61 57 67 64 72 53 58 60 57 67 60 58 54 54 71 57 56 57 70 69 52 55 61 56 55 55 57\
 67 72 60 69 80 73 61 73 65 67 64 73 68 68 76 70 64 65 73 81 73 94 80 91 80 86 89 81 98 106 76 79\
 93 82 85 71 65 70 73 58 63 60 68 45 61 50 57 44 54 50 39 51 55 52 43 61 44 47 53 69 61 46 66 63\
 53 57 53 38 54 56 45 62 42 55 39 39 51 63 54 44 57 39 51 48 36 54 49 44 37 39 37 45 26 50 39 53\
 32 52 32 60 45 49 39 53 38 45 43 52 37 39 41 48 41 40 35 36 41 38 44 49 45 38 45 43 53 41 63 41\
 57 57 56 49 59 47 46 45 43 49 45 50 53 54 68 52 42 53 54 53 48 41 48 54 54 44 40 52 47 36 52 58\
 61 42 45 50 57 43 47 52 55 46 51 63 53 58 69 55 57 51 58 65 65 72 55 63 54 68 57 50 60 42 47 52\
 53 63 52 53 41 58 58 61 50 47 48 42 50 52 42 50 50 43 42 57 41 55 49 43 58 54 47 44 43 60 54 52\
 59 49 47 58 51 37 64 56 51 47 39 51 51 60 48 52 51 61 43 45 60 47 56 43 69 49 56 60 66 60 59 42\
 51 53 55 68 47 54 58 61 88 66 65 64 79 78 87 117 100 115 101 101 114 124 126 133 127 125 126 128 129 112 111 82\
 103 114 93 82 80 86 80 82 85 94 72 68 68 71 83 88 99 82 97 96 111 121 143 128 144 176 195 248 320 371 446 518\
 649 759 896 1008 1121 1294 1500 1659 1927 2084 2240 2403 2543 2542 2653 2693 2657 2572 2526 2346 2370 2108 1954 1801 1574 1415 1276 1075 958 813 687 613\
 470 424 368 352 303 296 248 267 268 294 287 279 287 324 345 314 335 303 349 313 334 292 280 282 249 209 246 209 179 175 163 140\
 110 121 112 79 73 80 57 66 67 52 36 56 34 46 39 43 50 40 38 51 47 41 50 33 35 26 30 32 43 42 40 44\
 31 32 40 45 33 30 43 48 43 40 40 36 35 41 37 38 43 37 32 32 35 31 22 38 27 50 40 31 30 29 42 38\
 35 36 33 29 27 40 45 36 33 28 27 39 32 29 38 39 35 35 42 37 30 36 37 35 29 44 23 46 35 33 28 35\
 26 33 30 33 35 31 39 37 39 30 34 41 29 36 25 31 38 43 37 47 32 49 43 44 46 50 55 50 63 89 81 69\
 99 99 104 118 130 107 145 162 135 135 149 159 135 129 170 134 149 141 145 124 122 109 93 92 73 87 79 53 75 50 47 47\
 38 58 41 53 42 44 38 34 46 47 31 37 39 40 31 30 43 34 34 38 35 43 45 44 37 34 49 45 46 39 48 44\
 48 49 38 59 47 42 53 58 37 52 36 40 41 40 41 48 32 32 44 38 23 29 30 33 28 26 38 38 30 34 37 31\
 29 32 33 36 41 49 37 37 27 32 42 32 32 35 31 37 32 18 30 33 31 33 31 26 29 32 40 28 24 34 28 22\
 30 28 37 36 45 35 35 34 26 32 29 34 28 30 44 31 40 32 24 39 29 22 31 31 44 32 30 31 34 29 32 37\
 35 33 36 39 40 32 25 28 35 33 31 36 37 25 45 33 27 30 34 22 34 29 22 25 31 40 38 37 22 37 39 24\
 24 29 34 35 24 43 24 18 39 36 33 33 31 25 38 39 41 29 34 35 35 37 34 36 45 39 26 32 35 33 27 25\
 24 32 31 30 35 22 32 28 28 29 34 42 29 30 22 37 27 24 29 32 27 29 20 36 42 31 37 23 38 34 36 33\
 32 42 32 37 26 33 27 35 26 22 39 27 31 30 37 32 35 27 38 25 34 25 30 37 28 27 33 31 34 28 25 33\
 33 25 31 25 33 31 32 32 34 23 31 30 32 33 36 26 30 42 34 38 40 43 30 30 34 31 47 38 40 45 35 38\
 33 31 29 37 34 28 34 36 26 33 28 32 30 34 34 25 30 32 34 32 26 26 34 23 28 29 25 37 27 39 26 34\
 34 42 29 29 24 46 26 23 38 24 45 24 28 35 37 33 19 29 32 31 31 52 33 31 35 30 32 35 31 41 29 29\
 38 34 28 29 40 42 47 39 44 44 42 36 42 40 35 41 43 48 44 50 52 39 52 29 28 30 35 36 36 30 29 33\
 37 30 33 34 39 31 31 26 22 29 25 30 36 38 24 32 22 38 35 39 23 38 31 26 24 37 38 28 30 28 28 36\
 34 35 25 26 34 40 35 22 24 38 43 25 29 42 41 29 42 41 34 36 34 42 39 48 43 59 50 53 60 52 63 50\
 62 53 86 84 56 75 65 78 79 74 65 54 44 69 48 52 57 45 45 45 42 44 56 48 42 38 48 50 39 45 40 47\
 39 36 33 45 35 41 35 32 44 40 40 29 35 30 43 18 46 34 47 34 35 39 36 38 33 43 42 40 43 23 37 37\
 39 42 37 34 31 36 39 39 41 49 44 34 40 34 39 35 40 29 43 29 35 44 41 33 35 33 33 35 46 47 33 32\
 32 34 27 43 35 44 44 50 41 33 23 43 31 44 41 35 40 41 47 32 49 44 34 42 37 31 42 50 53 32 42 42\
 42 43 38 32 39 34 44 46 50 44 36 31 29 42 43 36 34 37 32 34 31 57 46 47 42 41 35 47 25 45 33 37\
 41 34 40 36 51 40 36 46 45 46 35 53 29 45 35 36 56 44 41 36 48 36 42 46 48 33 47 39 40 36 39 57\
 41 39 43 48 49 37 40 42 29 35 57 45 42 58 38 37 57 46 40 35 44 42 40 51 44 46 40 47 54 57 49 39\
 52 46 67 55 50 58 61 59 50 52 41 49 44 59 41 46 66 43 52 51 48 49 47 48 57 53 44 48 43 65 65 54\
 59 60 58 60 65 58 61 69 69 69 74 45 82 84 81 77 83 107 103 106 113 128 126 110 140 152 176 160 176 195 206 234\
 216 239 235 254 271 254 281 242 258 250 266 259 259 251 258 259 250 253 234 240 204 235 211 190 189 186 151 168 178 181 122 162\
 148 124 135 146 142 124 136 143 136 133 140 131 165 135 129 147 136 131 153 141 137 119 107 120 113 118 109 134 125 124 125 113\
 128 128 120 123 102 116 113 104 99 114 120 116 124 119 102 92 119 103 101 111 111 121 119 112 113 120 114 137 125 124 117 124\
 164 136 134 121 160 154 146 128 141 151 160 125 142 158 138 158 167 156 125 154 145 170 160 177 172 178 195 164 183 201 173 198\
 215 201 190 196 209 205 197 189 209 237 226 229 236 213 240 263 250 289 276 261 281 251 287 295 302 308 295 328 338 321 318 333\
 325 364 353 355 342 359 390 348 345 370 369 370 338 413 394 395 372 427 391 415 434 399 454 440 462 462 462 462 477 499 494 477\
 459 523 489 553 571 550 558 557 571 625 648 627 651 591 685 656 676 692 663 663 763 749 742 830 833 819 795 894 888 884 913 939\
 870 995 949 1008 960 1072 1038 1092 1077 1122 1121 1089 1213 1248 1214 1353 1352 1347 1401 1422 1376 1436 1462 1557 1527 1501 1588 1556 1588 1594 1653 1665\
 1741 1740 1716 1708 1809 1738 1803 1835 1965 1955 1980 2106 2117 2230 2306 2516 2628 2660 2840 3066 3219 3437 3726 3900 3968 4512 4741 5134 5553 5898 6387 6865\
 7333 7888 8737 9105 10020 10677 11369 12067 13034 13612 14487 15625 16449 17306 18647 19596 20641 21838 22849 24014 24876 25530 26476 27485 28388 29287 29910 30526 31483 32160 32855 33324\
 33559 34175 34708 34670 35063 35248 35654 35480 35796 35499 36020 35768 36055 36242 36263 36507 36906 37381 37316 37719 38193 38827 39429 39638 40063 41070 41064 41793 42047 42123 42538 42480\
 42574 42942 42748 42069 41153 40634 39557 38515 37456 35936 34676 33244 31511 30016 28254 26294 24407 22927 21181 19225 17675 15958 14656 13158 11556 10426 9011 7863 7005 6094 5281 4507\
 3873 3324 2768 2388 1939 1634 1368 1116 864 751 608 518 388 298 236 188 145 138 87 65 64 42 29 23 26 22 18 17 10 6 8 13\
 3 6 3 1 5 3 3 2 2 3 1 6 2 4 5 1 1 4 8 4 6 2 0 4 5 2 1 1 1 3 1 5\
 3 2 2 2 3 2 4 0 1 5 0 3 0 3 2 4 3 2 3 1 2 1 0 2 2 2 4 2 2 2 5 2\
 4 2 1 5 2 4 3 3 0 4 1 1 1 3 0 1 1 2 2 0 1 3 3 2 2 1 0 2 1 2 2 1\
 2 4 0 3 1 2 3 0 0 2 1 0 1 1 1 0 1 3 2 1 4 4 2 2 3 2 0 1 3 3 0 1\
 1 3 2 0 2 1 2 0 1 3 5 0 2 0 1 0 1 1 2 3 1 3 4 1 0 1 2 2 1 2 4 1\
 2 2 0 2 0 3 1 0 2 0 1 3 0 1 0 2 2 2 1 1 1 0 0 0 0 0 1 0 0 0 2 0\
 1 0 2 1 3 2 1 0 0 1 1 0 1 0 0 2 0 0 0 1 0 2 0 0 0 1 0 0 1 1 1 2


#S 13 mca_save_point Point:12 Scan:13 Datafile:20170218
#D Sat Feb 18 23:05:37 2017
#U Epics mca: dp_vortex_xrd74:mca1
#T 300  (Seconds)
#Q 0 -3.66498e-08 0.0279984
#Energy 0
#Monc 28693131 86403659
#@MCA %32C
#@CHANN 1000 0 999 1
#@CTIME 300 300 262.679
#@CALIB -48.775 5.7161 0
#N 1
#L Epics MCA
@A 0 0 0 0 0 0 0 0 0 0 0 1 0 0 0 0 0 0 0 0 0 0 0 1 0 0 0 0 0 0 0 0\
 0 0 0 0 0 0 0 0 0 0 0 0 0 0 0 0 0 0 0 0 0 0 0 0 0 0 0 2 0 2 0 1\
 2 2 1 2 5 4 5 3 4 9 10 7 7 11 17 17 23 15 23 30 32 43 38 44 44 55 42 50 38 63 55 59\
 63 59 58 59 69 69 69 60 60 67 55 51 57 50 63 48 62 64 59 76 66 59 66 62 57 54 69 63 63 59 58 53\
 57 76 63 52 55 63 62 55 54 58 50 67 65 60 68 62 72 78 57 80 82 87 89 91 97 81 89 98 99 100 81 69\
 85 84 86 79 77 75 68 66 79 46 67 46 55 47 57 51 45 49 55 56 55 55 59 57 64 44 63 51 46 50 68 53\
 51 57 57 44 47 64 35 45 48 50 48 50 49 37 32 61 42 51 41 42 36 48 53 49 38 54 39 44 47 39 38 56\
 44 33 44 49 36 50 48 46 48 58 43 38 39 49 40 44 27 43 44 40 44 44 33 44 38 37 39 36 43 44 35 44\
 49 43 53 53 44 62 39 44 46 46 52 55 49 34 59 41 49 49 43 41 48 50 59 46 46 43 54 54 59 45 43 50\
 42 50 36 41 40 36 56 37 58 48 74 59 52 51 60 53 63 41 57 69 55 67 58 60 55 47 41 68 47 54 54 53\
 56 43 47 50 53 56 45 51 57 65 51 64 51 51 49 49 50 40 34 44 45 44 44 49 49 56 51 57 52 49 42 43\
 58 54 48 55 49 43 53 54 52 56 58 56 56 56 52 56 48 58 60 50 49 52 48 54 54 46 54 60 65 50 51 58\
 48 60 55 50 56 67 54 56 65 71 77 72 100 81 90 98 102 116 117 129 103 86 92 107 131 114 121 117 117 111 96 104\
 98 89 112 98 72 104 80 87 54 75 64 69 82 89 78 70 76 75 84 86 85 112 106 143 165 147 218 225 287 358 411 477\
 614 743 897 1014 1155 1363 1483 1678 1858 2023 2224 2395 2365 2533 2567 2573 2562 2517 2487 2409 2370 2048 1883 1668 1523 1410 1246 1084 942 794 635 562\
 494 406 349 297 315 261 272 250 277 249 268 319 304 314 310 333 306 348 313 295 253 314 289 266 273 234 214 198 170 150 139 118\
 103 118 93 75 89 73 43 49 37 46 42 35 42 48 32 43 41 36 35 41 37 28 38 39 34 37 46 30 36 28 39 33\
 52 31 39 32 27 36 37 33 37 29 29 24 35 22 40 37 35 35 40 33 31 34 35 31 32 37 30 30 41 23 39 25\
 51 33 31 42 31 33 32 39 40 35 34 37 36 44 27 39 39 35 37 35 36 46 33 42 28 35 35 30 39 39 37 33\
 22 35 43 38 39 36 36 39 45 26 38 48 31 35 21 29 56 30 37 37 50 49 43 50 46 42 57 65 64 68 69 80\
 88 90 96 96 119 119 130 138 138 158 157 165 146 125 147 145 123 115 132 123 98 95 86 83 70 69 67 66 61 58 48 46\
 45 52 46 40 42 38 39 44 40 32 35 32 39 50 25 30 37 23 34 24 43 40 40 39 44 45 52 40 50 38 47 49\
 54 45 52 46 46 44 43 45 48 42 48 46 37 50 52 40 46 31 32 35 29 40 27 36 43 36 33 36 25 31 33 28\
 36 38 41 26 33 30 31 27 27 36 31 39 37 37 30 41 39 28 33 42 25 30 42 33 29 25 39 39 21 36 42 36\
 28 32 25 31 30 39 34 33 30 22 36 23 31 24 30 26 27 34 41 30 26 36 27 28 43 28 40 26 36 27 32 29\
 35 30 28 29 32 30 30 39 31 29 35 34 32 32 30 24 27 33 35 33 35 33 40 34 35 39 25 24 29 31 26 38\
 26 23 28 35 33 28 20 32 33 37 44 25 36 30 27 17 35 26 29 32 24 35 26 42 27 33 28 35 26 27 27 37\
 25 28 37 30 31 24 31 27 45 33 20 31 29 31 36 34 32 44 24 31 28 31 25 27 20 37 21 32 35 22 32 35\
 30 27 22 33 28 34 20 38 33 35 35 36 31 31 28 34 38 44 36 28 26 33 35 24 32 31 34 33 28 34 24 23\
 31 31 32 32 21 23 26 37 39 39 25 22 37 24 29 31 39 24 40 28 26 33 34 29 33 35 29 32 27 31 42 23\
 25 23 33 31 45 32 26 32 41 28 29 23 44 26 30 18 41 28 37 35 36 25 33 23 29 34 31 32 35 25 20 34\
 34 35 21 26 36 39 45 33 34 42 37 29 27 40 21 34 43 37 27 33 27 29 41 24 34 33 31 30 38 34 27 33\
 32 28 40 29 34 30 37 44 41 40 34 42 37 60 35 48 36 33 36 45 36 45 43 39 31 37 35 26 28 39 34 38\
 42 37 34 42 25 30 39 29 40 37 35 33 27 33 35 35 29 32 34 34 28 29 37 29 32 27 28 32 29 43 40 31\
 32 41 37 26 34 24 38 39 34 28 23 32 38 41 27 37 25 35 42 32 50 43 43 36 32 40 35 48 49 49 61 56\
 47 40 62 54 49 63 52 73 61 64 55 56 54 61 59 49 67 55 58 36 48 47 52 46 37 38 27 45 38 51 32 45\
 44 39 33 28 29 48 37 27 27 38 33 21 32 29 34 31 25 28 37 25 28 37 26 20 31 36 43 31 29 31 31 27\
 24 31 35 36 27 26 34 38 29 36 41 34 34 32 21 37 35 31 24 47 33 33 39 29 32 33 38 32 36 36 41 23\
 19 36 42 27 37 33 36 40 39 35 23 37 38 40 47 28 32 45 40 41 39 45 38 42 47 37 41 45 47 44 30 31\
 47 38 34 34 30 37 37 39 35 41 35 33 42 33 47 30 43 47 34 35 42 43 29 36 39 41 36 40 38 40 42 43\
 32 36 36 48 43 34 48 40 39 40 38 25 39 42 39 43 45 41 42 40 52 47 52 44 43 44 52 48 37 46 51 41\
 33 52 37 39 41 45 40 38 42 48 42 43 37 45 48 38 40 44 33 48 50 57 52 59 52 49 40 49 39 49 37 47\
 51 52 40 52 55 41 56 42 50 41 55 48 54 55 48 32 49 57 51 47 65 57 51 57 49 51 64 63 61 55 57 66\
 65 65 60 55 52 65 50 59 75 70 66 77 74 64 80 75 74 88 85 84 106 113 134 144 133 156 162 173 168 184 204 200\
 211 243 234 256 278 240 267 249 240 249 253 293 262 240 259 248 261 235 203 235 225 236 194 199 190 181 181 152 183 149 143 155\
 159 147 151 136 145 129 136 123 145 157 140 117 137 122 127 147 135 126 155 146 135 134 122 114 123 132 134 128 123 111 127 119\
 111 110 109 134 113 105 126 118 107 120 100 116 109 112 100 98 132 122 97 106 103 123 116 116 92 118 122 104 106 134 137 128\
 121 143 166 117 133 135 125 125 155 153 132 139 131 152 170 163 186 169 169 161 162 157 188 186 168 163 167 173 176 186 180 190\
 201 212 209 205 208 200 233 196 207 228 207 224 216 280 226 233 271 257 259 277 245 284 278 288 284 332 258 301 288 322 334 340\
 313 321 330 358 315 362 361 359 360 386 400 362 381 375 397 394 419 387 400 404 365 392 437 456 440 474 430 464 453 480 483 506\
 493 485 553 540 508 546 528 551 596 569 593 608 630 615 638 699 639 642 714 723 709 707 813 807 774 808 797 808 845 840 850 912\
 933 941 996 973 1062 1064 1066 1023 1097 1104 1100 1238 1211 1187 1231 1263 1187 1345 1340 1364 1400 1418 1417 1405 1491 1471 1495 1551 1585 1557 1540 1670\
 1661 1670 1754 1717 1710 1755 1846 1815 1923 2037 2038 2033 2173 2183 2355 2494 2538 2603 2812 2947 3169 3300 3557 3765 4041 4377 4653 4988 5407 5805 6307 6788\
 7095 7786 8264 9048 9655 10339 11137 11933 12683 13523 14291 15053 16230 17111 18542 18993 20235 21298 22395 23499 24362 25293 26495 27185 28044 28652 29522 30281 30986 31562 32406 32963\
 33395 33807 34057 34222 34533 34843 34941 35302 35334 35515 35875 35500 35409 35876 36109 35862 36609 36425 36923 37568 38076 38425 38968 38769 39683 40558 40772 41145 41483 42043 41841 42140\
 42197 42224 41801 41372 40864 40048 39264 37953 37259 35511 34110 32836 31008 29620 27968 26059 24291 22517 20773 19116 17453 15851 14307 12805 11511 10067 9067 7990 6821 6078 5172 4428\
 4010 3170 2773 2332 1932 1650 1291 1090 925 689 646 481 368 328 260 194 167 127 93 74 64 37 31 27 22 19 7 11 14 7 3 5\
 9 5 7 1 5 0 3 2 4 6 2 2 3 3 5 3 3 2 0 0 3 2 2 2 4 1 7 1 2 5 1 4\
 2 1 1 1 1 0 2 1 1 3 0 2 2 6 2 3 1 2 2 3 2 6 6 2 4 5 1 4 1 1 4 1\
 0 1 1 2 3 4 1 2 1 0 5 2 2 2 1 3 1 3 1 4 3 3 1 0 3 2 2 1 5 4 3 2\
 3 0 2 2 0 3 3 1 2 2 3 2 3 2 1 2 1 0 1 2 2 1 3 1 2 1 1 1 1 1 1 0\
 0 0 0 2 1 3 1 3 2 0 0 2 2 0 3 2 1 0 5 0 1 1 2 0 0 3 2 3 0 1 2 1\
 1 2 1 1 0 1 2 1 2 0 0 0 2 1 0 1 2 0 1 0 3 0 2 2 0 3 2 0 0 2 0 1\
 2 1 0 1 3 0 0 1 2 1 0 1 2 2 0 3 0 1 0 1 0 1 1 0 1 2 1 0 1 2 0 1


#S 14 mca_save_point Point:13 Scan:13 Datafile:20170218
#D Sat Feb 18 23:10:46 2017
#U Epics mca: dp_vortex_xrd74:mca1
#T 300  (Seconds)
#Q 0 0 0.0290111
#Energy 0
#Monc 28422790 86331358
#@MCA %32C
#@CHANN 1000 0 999 1
#@CTIME 300 300 263.141
#@CALIB -48.775 5.7161 0
#N 1
#L Epics MCA
@A 0 0 0 0 0 0 0 0 0 0 0 0 0 0 0 0 0 0 1 0 0 0 1 0 0 0 0 0 0 0 0 0\
 0 0 0 0 0 0 0 0 0 0 0 0 0 0 0 0 0 0 0 0 0 0 0 1 0 0 0 0 0 0 0 0\
 0 0 2 1 5 8 3 5 7 6 9 9 14 16 14 21 22 23 31 30 33 35 33 49 39 37 46 23 50 53 62 46\
 45 50 54 60 64 70 66 52 42 70 65 56 48 50 57 50 58 55 56 49 50 64 62 65 58 57 53 53 57 67 67 52\
 64 54 50 48 59 61 54 72 51 56 66 60 56 60 60 69 70 85 63 72 76 80 72 87 72 94 93 79 85 97 95 65\
 83 70 78 59 60 59 50 76 55 58 62 66 51 45 53 36 49 47 52 49 35 41 48 59 42 54 43 53 45 51 43 44\
 54 52 38 37 45 40 57 37 51 44 39 50 55 50 43 51 45 45 42 60 37 38 43 41 50 41 31 48 43 37 39 52\
 45 38 48 44 38 36 30 32 54 45 35 36 49 42 43 34 47 32 44 33 36 36 52 46 35 43 59 45 47 45 49 39\
 52 40 37 52 42 47 38 40 42 47 38 47 50 44 52 69 47 57 43 44 51 47 47 42 52 67 53 44 39 51 53 59\
 40 59 51 43 60 33 46 40 40 70 50 49 63 45 56 56 66 51 67 56 48 65 56 62 59 53 59 48 59 59 42 56\
 47 60 48 60 58 56 58 45 56 39 66 42 46 42 46 46 41 41 52 44 50 38 61 41 58 44 47 54 46 58 35 55\
 50 42 57 55 44 54 40 52 50 41 61 47 51 53 45 54 46 58 54 50 46 59 68 46 45 47 53 49 49 50 51 47\
 53 54 44 49 46 53 74 50 60 64 79 62 73 85 87 103 100 104 128 96 102 102 141 117 118 113 120 111 112 123 106 123\
 79 101 90 75 88 77 71 68 79 63 89 52 68 73 71 85 86 81 73 85 100 90 121 116 159 151 193 237 281 312 401 492\
 567 761 852 953 1107 1358 1521 1649 1839 2082 2221 2324 2410 2438 2496 2606 2479 2502 2516 2370 2184 2063 1832 1771 1507 1315 1202 1049 841 746 676 576\
 496 411 356 339 272 246 272 250 260 276 261 272 312 302 313 324 336 305 354 321 296 276 285 268 230 221 202 171 154 146 124 129\
 125 119 110 79 70 81 60 45 56 50 34 43 46 51 38 38 30 48 42 47 40 39 46 29 40 45 33 33 33 32 31 29\
 32 30 28 29 35 33 34 28 36 39 37 33 30 41 32 31 43 41 25 40 35 37 30 37 33 46 43 25 31 21 40 29\
 33 47 34 38 36 41 38 38 26 25 39 38 39 31 33 28 33 39 30 39 34 23 26 39 31 30 32 30 25 35 43 25\
 25 41 32 43 25 34 30 43 33 26 30 40 23 34 39 32 32 36 33 44 34 38 41 45 41 42 57 56 79 73 65 93\
 80 103 106 111 123 120 122 149 142 137 141 143 150 136 160 156 150 131 95 98 104 109 87 70 83 71 63 52 59 63 42 54\
 45 37 48 31 37 29 32 40 29 31 39 41 50 44 28 30 41 35 32 46 34 37 39 47 34 41 44 46 38 43 49 54\
 45 39 43 48 33 31 57 51 51 42 47 30 39 55 35 34 38 28 29 27 40 37 34 38 22 35 33 34 34 32 36 32\
 31 34 36 30 33 29 31 30 42 38 33 25 33 39 23 31 42 35 32 37 26 38 26 33 29 22 22 37 22 30 33 34\
 37 46 34 34 32 30 28 26 32 18 28 39 24 16 36 24 33 29 38 37 34 28 30 35 24 28 30 31 25 31 35 31\
 30 39 29 35 41 30 35 31 33 29 22 30 29 30 38 41 27 29 36 31 26 33 31 34 36 32 40 30 22 31 29 25\
 38 29 32 25 29 26 36 38 27 26 37 35 29 36 26 36 35 23 30 33 27 25 30 32 35 36 37 23 32 36 36 40\
 34 28 25 22 31 30 30 32 27 33 46 21 31 40 28 17 41 21 29 33 33 23 25 23 32 27 26 30 28 33 35 30\
 29 26 28 24 38 41 27 36 35 37 26 31 18 27 32 37 28 22 28 26 33 37 31 24 26 23 33 28 22 30 29 28\
 29 37 28 34 25 29 19 39 23 34 28 41 31 32 45 26 27 28 27 40 29 29 26 33 33 27 34 24 37 34 31 33\
 35 32 39 27 40 31 37 26 34 22 34 28 23 38 40 27 19 17 16 39 19 38 28 24 29 26 40 47 30 26 25 26\
 35 37 31 36 27 31 37 29 29 28 24 32 34 29 30 36 28 37 43 24 18 31 27 29 40 46 28 26 29 35 26 36\
 22 23 38 30 40 33 39 40 31 44 34 28 35 48 40 45 38 34 43 43 54 35 53 35 34 38 43 40 27 34 29 26\
 32 33 36 30 28 38 19 32 29 31 35 22 36 26 31 43 25 21 26 34 35 29 26 40 29 36 29 30 31 34 33 41\
 22 34 32 27 32 31 28 32 34 35 37 39 36 36 33 35 42 42 31 33 33 35 36 34 57 45 35 40 42 37 50 38\
 54 64 49 56 65 66 63 52 49 54 65 56 61 45 41 57 53 38 45 61 41 32 46 50 46 41 34 32 37 44 36 38\
 35 41 32 30 24 30 29 25 32 33 37 29 35 36 41 41 29 34 39 31 23 35 32 27 33 37 36 36 35 29 28 33\
 32 30 39 39 26 29 40 35 39 34 33 29 32 32 33 34 34 26 29 28 42 25 35 34 41 33 24 36 23 36 31 40\
 43 26 47 41 38 30 43 41 35 41 40 29 30 50 39 34 36 38 43 39 29 39 41 40 30 34 44 34 32 47 40 38\
 34 44 34 46 39 34 48 37 47 30 35 31 52 40 36 36 32 24 29 47 46 30 46 35 36 37 49 29 37 31 35 41\
 43 37 49 38 36 46 26 39 38 45 39 37 29 46 42 39 49 43 30 38 43 31 39 40 37 46 29 33 35 46 50 38\
 41 47 42 44 42 46 55 44 42 46 49 45 43 39 54 44 49 39 62 50 35 40 64 50 52 48 39 45 60 33 39 49\
 57 54 44 42 53 40 58 33 39 44 52 31 48 53 56 41 51 44 50 51 42 43 57 50 42 52 57 65 44 53 41 64\
 46 48 49 49 46 61 57 59 60 61 70 82 80 82 72 93 86 90 108 102 120 117 119 110 129 141 148 172 166 158 211 239\
 206 210 225 230 244 266 276 276 271 290 289 299 250 266 219 268 222 249 224 211 202 215 204 181 185 141 150 169 151 145 163 137\
 122 136 135 123 137 115 136 119 127 125 140 140 128 132 144 111 149 167 125 132 133 125 107 144 131 126 111 115 118 115 112 125\
 114 122 110 102 112 108 110 103 114 106 129 121 126 98 119 109 96 113 102 112 112 104 111 114 125 97 104 134 142 131 128 115\
 130 136 117 113 113 150 135 146 155 144 131 137 157 163 154 158 181 136 161 162 150 160 167 177 178 169 176 177 180 181 186 187\
 180 191 197 194 198 207 207 220 190 211 215 209 236 248 221 230 249 264 277 235 276 257 239 261 289 264 274 333 295 324 326 298\
 295 299 311 364 350 319 338 363 344 351 368 351 407 381 402 392 386 374 361 400 416 422 410 471 435 411 428 457 452 491 472 491\
 474 550 541 481 538 529 550 593 578 596 589 602 567 631 633 669 634 698 674 674 723 761 755 754 785 833 835 852 826 896 856 964\
 875 952 953 938 973 1001 1060 1016 1082 1091 1114 1178 1148 1132 1233 1229 1256 1243 1375 1334 1339 1375 1352 1451 1434 1475 1465 1529 1635 1544 1614 1609\
 1700 1601 1583 1672 1764 1781 1795 1844 1804 1887 2044 1964 2136 2090 2207 2485 2432 2502 2712 2847 3104 3168 3471 3666 4005 4347 4575 5042 5257 5590 6095 6788\
 7049 7915 8191 8779 9442 10255 10863 11635 12428 13432 13978 15055 16132 16838 18006 18675 19759 21000 21936 22925 23794 24642 25646 26472 27758 28272 28901 30032 31047 31474 31833 32312\
 32660 32990 33609 34259 34190 34287 34512 34665 34521 35022 34998 35362 34739 35557 35618 35633 35887 36341 36688 37036 37162 37948 38505 39072 39170 39655 40016 40459 40914 41131 41779 41881\
 41330 41312 41507 40974 40016 39662 39110 37832 36755 35398 33564 31744 31118 29036 27281 25572 24073 22354 20688 18882 17312 15553 14117 12663 11260 10082 8900 7929 6880 6058 5145 4439\
 3870 3212 2808 2312 1926 1543 1328 1106 913 710 596 476 369 288 237 200 176 125 104 70 47 44 39 36 26 15 15 8 10 10 12 5\
 4 6 8 8 5 2 4 1 5 4 6 4 4 4 4 4 5 2 6 1 1 1 3 2 1 1 3 2 3 3 3 2\
 0 5 2 1 3 2 2 3 1 3 0 1 2 1 4 3 2 1 2 4 5 1 1 2 1 1 2 0 4 3 0 2\
 1 2 2 4 2 4 4 2 2 3 1 3 1 2 3 2 2 0 3 0 3 2 0 2 3 1 1 1 3 1 2 0\
 1 3 3 0 1 1 2 2 0 3 2 2 1 1 0 2 3 0 0 4 1 0 0 2 1 0 1 2 1 2 2 1\
 1 1 2 1 1 1 0 0 1 1 0 1 2 0 2 0 3 0 0 1 0 1 0 2 0 1 0 0 0 1 0 2\
 0 3 1 1 1 0 3 0 1 1 1 1 0 0 0 1 1 1 0 0 0 1 1 0 2 0 1 0 0 1 3 1\
 1 0 2 1 1 1 0 0 1 2 0 1 2 0 0 0 0 0 1 1 1 1 0 1 1 0 0 1 1 0 0 1


#S 15 mca_save_point Point:14 Scan:13 Datafile:20170218
#D Sat Feb 18 23:15:55 2017
#U Epics mca: dp_vortex_xrd74:mca1
#T 300  (Seconds)
#Q 0 -6.54248e-08 0.0299885
#Energy 0
#Monc 28627842 86428806
#@MCA %32C
#@CHANN 1000 0 999 1
#@CTIME 300 300 262.586
#@CALIB -48.775 5.7161 0
#N 1
#L Epics MCA
@A 0 0 0 0 0 0 0 0 0 0 0 0 0 0 0 0 1 0 0 0 0 0 0 0 0 0 0 0 0 0 0 0\
 0 1 0 0 0 0 0 0 0 0 0 0 0 0 0 0 0 0 0 0 1 0 0 0 0 1 0 2 0 1 1 0\
 0 2 1 2 1 1 5 5 6 8 14 8 14 10 11 28 19 26 29 28 29 27 32 40 34 37 62 49 55 48 34 57\
 43 50 60 46 52 76 67 70 60 52 49 66 50 64 55 74 66 63 68 60 49 57 61 64 61 59 55 52 57 72 58 60\
 46 60 64 63 57 63 61 62 51 62 68 74 54 55 64 74 63 73 81 79 74 77 72 102 92 87 107 90 84 86 81 92\
 81 72 67 82 74 61 70 59 56 63 52 54 45 55 54 55 52 58 59 55 50 57 59 50 50 40 52 55 50 51 51 41\
 48 45 64 57 51 47 56 44 33 42 46 50 42 40 46 33 50 37 43 43 43 39 52 49 43 46 53 49 36 49 39 31\
 44 52 48 47 48 44 42 47 40 46 54 44 38 46 40 35 47 45 56 51 44 51 44 46 47 38 51 46 38 40 55 35\
 51 60 54 47 54 47 50 45 39 44 55 51 53 56 52 56 69 52 51 50 50 57 41 41 43 61 62 37 50 52 50 60\
 43 49 35 46 45 53 60 48 67 55 48 54 47 42 59 48 56 66 61 55 50 53 67 49 53 51 49 70 49 54 39 54\
 59 59 63 57 43 46 46 57 49 47 42 37 47 50 50 55 40 50 52 47 47 48 49 54 65 50 60 37 39 45 55 50\
 54 43 54 42 64 43 43 55 56 67 43 43 56 46 53 57 51 66 50 54 44 50 62 57 66 50 46 45 54 40 58 44\
 39 59 54 48 75 67 67 72 66 88 64 75 73 75 81 92 87 99 90 97 107 118 123 131 114 113 121 139 121 103 121 99\
 125 90 90 83 89 68 75 67 76 66 86 81 86 74 88 83 80 87 92 94 115 99 100 109 123 161 182 235 296 336 437 481\
 617 700 816 970 1102 1363 1485 1711 1842 1992 2166 2251 2471 2509 2570 2575 2581 2559 2465 2379 2222 2071 1865 1699 1545 1369 1252 1069 860 767 725 579\
 486 383 348 313 291 266 256 202 265 250 270 300 309 309 323 342 285 304 330 311 344 316 300 263 255 256 219 212 167 150 129 129\
 111 122 85 92 66 80 53 52 53 52 43 57 43 41 31 41 38 38 32 35 40 48 44 34 47 32 30 33 42 35 35 35\
 33 34 40 46 34 30 34 26 36 40 37 42 30 52 34 27 26 40 30 27 41 40 32 39 25 40 29 28 30 29 30 35\
 37 37 33 44 41 33 31 34 27 32 26 34 51 30 42 34 37 28 31 47 37 44 33 38 31 28 34 31 27 27 32 39\
 36 33 24 43 45 34 36 23 28 27 35 36 40 39 22 35 38 50 28 37 32 51 49 49 48 46 64 53 61 55 79 76\
 99 97 89 96 127 136 119 137 138 140 145 140 170 151 166 139 127 124 131 129 125 110 90 81 71 68 61 50 52 54 58 45\
 47 56 47 33 41 46 34 31 47 31 47 32 36 29 32 33 33 43 38 33 38 30 47 32 36 40 52 33 49 39 48 50\
 43 56 45 56 48 56 63 45 51 47 38 40 42 45 46 37 47 43 38 31 37 29 37 38 34 39 31 39 33 29 33 45\
 33 36 35 30 27 26 29 16 40 36 29 33 26 35 29 33 29 31 27 26 44 19 31 34 35 32 29 27 39 31 34 22\
 30 43 29 26 32 32 31 30 34 24 34 27 30 37 30 39 26 35 25 40 37 29 23 40 33 38 38 30 31 34 23 40\
 29 38 31 27 38 32 37 34 30 39 35 44 33 33 31 38 36 34 26 36 30 26 30 38 37 33 36 41 35 26 31 31\
 37 31 31 35 31 30 29 38 31 31 31 27 48 30 35 31 34 26 36 26 29 26 26 28 29 27 27 39 32 21 25 43\
 30 33 33 28 23 26 19 27 31 27 26 28 21 31 29 23 26 28 43 27 33 27 28 33 32 26 25 25 30 29 30 35\
 37 27 35 15 25 33 37 27 40 33 42 36 30 24 34 35 26 27 31 30 30 31 23 23 24 36 37 28 25 25 38 30\
 35 30 37 36 46 41 32 18 25 29 34 46 40 36 28 31 27 32 23 35 26 29 24 34 41 20 34 32 33 28 31 39\
 27 38 33 38 32 27 17 29 33 40 25 41 28 32 38 37 30 33 45 30 37 36 40 36 32 30 29 42 39 30 28 32\
 32 29 40 34 22 24 28 30 27 26 31 30 34 26 35 30 28 29 24 31 27 26 22 40 34 35 28 40 31 34 29 39\
 43 46 30 31 28 41 41 44 34 36 43 51 40 41 59 40 31 28 32 41 29 48 35 49 36 43 35 29 45 30 36 45\
 34 28 35 34 31 34 28 36 36 30 36 29 32 25 33 30 24 25 26 33 30 27 30 30 24 33 27 36 36 30 35 33\
 38 30 28 24 22 25 33 23 40 34 36 44 30 26 39 27 21 40 36 25 25 44 40 31 48 46 44 60 50 48 50 51\
 56 57 65 52 48 54 63 58 58 53 53 54 44 64 49 47 48 56 48 43 40 41 44 48 43 41 45 42 37 37 43 41\
 42 39 34 39 29 29 38 38 42 32 43 31 31 33 21 42 35 27 35 36 47 27 29 38 39 37 38 40 44 39 40 36\
 30 34 46 37 32 30 34 32 45 35 38 31 31 30 28 41 41 35 35 34 33 37 39 34 33 24 33 43 31 33 27 30\
 29 28 27 25 46 32 40 39 47 34 29 43 43 34 32 32 40 48 37 39 35 51 33 38 30 52 40 40 42 50 32 39\
 40 41 43 41 39 40 40 46 39 36 53 36 37 41 30 42 40 33 41 34 36 43 44 38 33 42 39 48 48 45 41 45\
 50 52 39 49 43 34 42 43 37 42 43 49 34 47 45 50 43 48 34 49 44 38 42 35 49 44 39 42 37 44 44 29\
 50 42 43 42 37 48 47 36 44 48 45 37 51 48 41 50 49 46 44 59 46 45 33 35 48 49 49 53 56 36 48 46\
 41 46 34 65 53 56 54 42 44 55 63 50 49 55 39 40 60 52 49 65 55 51 59 51 49 61 55 60 48 59 54 39\
 53 51 70 54 52 61 64 58 59 66 88 80 85 77 70 82 78 106 104 100 109 129 146 133 146 188 170 175 190 193 185 205\
 224 235 226 250 223 254 257 240 280 269 263 253 270 301 268 238 245 238 226 218 216 230 166 190 202 187 177 182 156 158 126 152\
 131 136 155 137 153 144 134 138 141 131 126 134 142 150 156 121 124 138 123 155 126 123 121 109 124 116 121 119 143 116 93 120\
 104 104 117 121 131 125 116 114 107 109 122 97 102 116 123 117 120 100 100 120 107 108 122 134 123 126 125 124 130 125 151 138\
 133 138 109 152 117 152 139 147 139 143 143 142 134 153 165 142 145 157 167 162 177 169 169 182 182 155 183 188 183 173 181 186\
 182 212 208 191 238 220 194 220 215 269 199 240 254 220 241 225 253 261 263 230 280 274 298 275 278 291 290 300 356 297 290 330\
 272 327 315 363 346 351 342 354 351 360 389 366 365 372 388 396 390 411 416 404 423 405 417 443 433 456 427 438 486 520 457 533\
 507 504 510 533 557 557 544 613 558 583 615 636 575 640 674 692 681 681 666 692 780 730 734 774 763 741 779 855 879 881 932 874\
 914 954 959 965 1026 1041 1040 1041 1067 1093 1114 1187 1196 1176 1249 1274 1293 1341 1318 1351 1386 1379 1393 1462 1436 1506 1508 1500 1535 1575 1675 1703\
 1692 1655 1668 1729 1738 1739 1843 1808 1945 1989 2023 2032 2124 2127 2256 2337 2492 2656 2716 2926 3177 3400 3615 3785 3988 4275 4782 5016 5333 5834 6266 6681\
 7203 7742 8325 9104 9741 10166 11315 11815 12872 13660 14451 15402 16352 17378 18453 19350 20413 21470 22341 23435 24392 25321 26100 26983 28257 29195 29739 30420 31101 31906 32921 33085\
 33261 34059 34269 34458 35336 35294 35041 35097 35760 35836 35567 36085 35984 36333 36173 36435 36776 37157 37548 37737 37836 38609 39076 39566 39867 40595 40913 41101 41730 42292 42201 42265\
 42749 42076 42168 41751 41182 40485 39143 38256 37646 35971 34402 32785 31562 29657 27770 26199 24547 22826 21032 19241 17558 16053 14215 12727 11440 10198 8971 7897 6942 6058 5236 4418\
 3865 3206 2754 2287 1999 1620 1305 1115 873 756 583 470 448 314 240 169 157 131 95 77 59 42 46 22 30 22 12 10 9 4 8 6\
 10 7 2 5 1 4 2 8 3 4 3 2 0 3 1 0 5 2 0 1 3 1 3 1 2 4 3 0 3 1 2 5\
 2 2 2 2 2 3 2 4 5 1 3 1 2 6 2 2 5 1 0 2 2 1 6 3 3 5 4 4 2 2 2 3\
 1 2 1 3 6 0 1 3 1 1 1 0 4 4 3 3 3 3 0 2 4 1 2 1 1 0 1 2 2 1 4 3\
 2 4 1 1 2 0 2 2 1 2 0 4 2 4 1 0 2 4 3 2 1 3 2 2 1 1 3 2 0 3 3 0\
 2 0 3 2 2 0 0 1 1 1 2 1 1 0 0 0 2 0 2 1 1 0 2 0 0 1 1 0 4 0 0 1\
 1 0 2 1 1 0 2 1 0 0 3 3 1 2 0 1 1 2 1 2 1 2 1 0 2 0 1 0 0 0 2 0\
 0 2 0 2 0 1 2 0 1 1 0 1 0 0 1 2 0 0 0 0 1 1 1 0 1 0 0 1 0 1 0 1

